moz_beta_sub.asc
ncols	25
nrows	25
xllcorner	0
yllcorner	0
cellsize	5000
NODATA_value	-9999
0.0036591695731322967 0.003398533805280775 0.00355638770155754 0.004663332552371995 0.005266858017713254 0.006589028535982258 0.008861162332628063 0.013251138364678209 0.013321048559524113 0.014027268451477984 0.010645014467095848 0.014726446624716638 0.015211511816073175 0.02615252202960114 0.022806145167474638 0.018219650209617872 0.0123808296399812 0.014706452215757412 0.011075286276661354 0.013054231295727338 0.015370872768182461 0.021955706686535285 0.02435896467643496 0.019195538525105166 0.023748522508438737
0.003537027033706544 0.003769695128829856 0.003964299708212688 0.0043810511045019145 0.005459057574569788 0.0069727876572053815 0.005451604858980391 0.010372746577252947 0.014284725235090747 0.012271710677929632 0.014211536849307592 0.016228713646923305 0.014901862904695567 0.014351384459562026 0.01483201222487584 0.01285425903931312 0.014503522289305845 0.01806800066925416 0.011798600984816193 0.012687066983922631 0.015533078006498781 0.01582344618139606 0.022353289229666923 0.018183739435118494 0.020170130810481027
0.004494642266403886 0.00410529505257735 0.005205555248839047 0.006158566089966748 0.006301955989626897 0.008305003474166623 0.007185588869476413 0.007939425748829202 0.010494507281809657 0.014779451964167615 0.012810902077732158 0.019653047060458697 0.017808938880684133 0.0139919667000186 0.01618716354440115 0.026203267000743442 0.014013050176549432 0.012353059022515836 0.01088642414191515 0.009663373072342985 0.020395542763830158 0.025293248042568175 0.019686610273281557 0.022252152015158608 0.014127842310975608
0.00304347655948256 0.0032608571136848105 0.004784957701399255 0.006294156881293071 0.004964411973240575 0.009874236636807919 0.012264343133292324 0.0172737813826689 0.01128146197259681 0.04195452416695081 0.04398584897392949 0.011685595171830297 0.018883322418324952 0.023062869651638587 0.024145488676242312 0.018834878851521613 0.024107849092682692 0.016246932495847778 0.012862729786006477 0.015390673799205768 0.025077280051881777 0.022497377787460353 0.022091698882084714 0.016303166280664767 0.020390345533924083
0.0031957040099480443 0.0037736992202710698 0.006247375457488695 0.005243281331739065 0.008003613528177446 0.009532984628322163 0.015354866410146856 0.010544352348070373 0.009770427183866545 0.015292598540874423 0.0465359415023153 0.04315454422402806 0.015431025085546092 0.01590464144700513 0.02256406213554304 0.02354832394698051 0.01618520445833419 0.02060982645817166 0.023642838049090082 0.02150490281987211 0.024020844711376516 0.025979892798798712 0.0649406925506307 0.018589238712243116 0.019634583989557267
0.003618560677355504 0.0036043966072031373 0.005745441972883858 0.006753467374663809 0.009233431464858995 0.010066946153844068 0.013943480771158905 0.011081733102467493 0.011557728514543572 0.012174484741426702 0.014172655822213333 0.014888883722418894 0.016997832638550463 0.019824775364375023 0.01978829139036708 0.023445331505897806 0.016619884349238404 0.014383194175854614 0.017682962452966626 0.017217416970808797 0.05336877766652147 0.05990500821630987 0.024828776773575242 0.017986226301779703 0.02619791696083265
0.005069468398868362 0.006627784855814712 0.007624722637541018 0.008955133461477404 0.011082460910904018 0.014908985430180823 0.017119360141536023 0.016183459772463122 0.014903036133729368 0.015969230433875985 0.020435129616098006 0.01713999963803183 0.016996153193069352 0.01534966230447312 0.01781074714135848 0.008789708920242665 0.00996997854325645 0.01222241168334193 0.020066275432179616 0.11911009894718255 0.045179855063006584 0.014566670843368422 0.02092989386707934 0.01852172622531598 0.01747571587129719
0.007612417953613091 0.006678046470001831 0.011473545371297928 0.009981824125667407 0.011690224963368178 0.013969460622454211 0.01490497672986155 0.016828051592272415 0.020689161626373437 0.03308306524352674 0.023052347412869607 0.025272344208982955 0.01777057914798975 0.021098302170166717 0.014458921032779418 0.011153235180235586 0.013578377552649002 0.016257882157457753 0.013111217125441887 0.052020856950993975 0.05606849369277003 0.01701995490558669 0.021463391183094847 0.01831890707713037 0.019383675642053375
0.005706850747390343 0.006266880996572177 0.009806778520634402 0.010701762043910901 0.010027846499926435 0.014290811889676293 0.017206276071180814 0.02195973479665132 0.0233286599976456 0.0302212598713967 0.03040973840698987 0.029400310384687434 0.06718629493485109 0.030939083466552723 0.031161429726256875 0.017092908643729633 0.011161266388052704 0.009173534848051227 0.009062693363970807 0.07433443726888322 0.052704348581051955 0.04498856358060337 0.044165557963166326 0.017889666296960618 0.013674232151481848
0.006931406137323649 0.006977613575258788 0.007790308517635396 0.010520663049857996 0.015957997075580477 0.01682907665252196 0.02198691611715225 0.025686037290023292 0.06716182019335364 0.06761944849860158 0.18812666868636738 0.08123538689000953 0.06493344000045609 0.061974395728832773 0.030953779785154383 0.032416166747093626 0.030710281204315477 0.00936428360484351 0.013647056387462794 0.06652163236951454 0.06955951260173811 0.05380705398345203 0.04660779841879297 0.018249303229825868 0.01106551852027065
0.010454875089914314 0.01256315842098015 0.009739094077072647 0.012767261783258698 0.013124127503126692 0.012479136580016623 0.022669916006546945 0.024537816289373134 0.03428929232260441 0.07434239197081374 0.16916055149641684 0.16463727770978243 0.05272377524784951 0.05433377969134862 0.02742269451019131 0.03299141354913527 0.022708791026683498 0.01530347011377899 0.011702602292410436 0.0352331571904054 0.05271683627396521 0.03569387078113255 0.04724655395410842 0.014764883459965095 0.011199279930481044
0.011398693209379597 0.014787363107258934 0.015068235346381987 0.013433935710328365 0.015552719238623185 0.013505023098391033 0.021188344339723754 0.0256434646725846 0.03393696408509081 0.037714827939218286 0.07939693515947104 0.07007975871656424 0.056738042602898095 0.05455760022333249 0.026045278500032996 0.07342529511708591 0.06539864943297273 0.04566959409785308 0.06162521728747595 0.013041122875724589 0.013884528837433786 0.012687940033204172 0.014842926796081598 0.013714212218090932 0.012230766746711747
0.011632701787340324 0.018395754458842666 0.014290687544207556 0.018688439531182727 0.02124316135644249 0.020865902334619196 0.01849526498232623 0.01773322638500564 0.03239376700385088 0.03297520256158764 0.03182228491338631 0.028394059831596836 0.06766588140912493 0.080182296179567 0.022958914456018754 0.016402283110155094 0.04277180981050625 0.06670500919630626 0.05971818846178613 0.017945979628564295 0.012030985901016894 0.013684342293143097 0.01072489415140744 0.011484581517594551 0.009773297448602707
0.01470272927397211 0.015618541059427851 0.0182633771383473 0.024353433599234375 0.025880139447880753 0.01926009469815649 0.020159827464020796 0.01786076841627495 0.02307835808109458 0.015839247281557504 0.01784023964325482 0.030139184751828082 0.028142924787443565 0.020788320822491747 0.01896964992468164 0.019530193877717067 0.02031987224969544 0.01634754182171378 0.011406570083443247 0.011475169038037797 0.009761361471793626 0.007749331121497368 0.012775299365924642 0.00923810448582906 0.012982576896665076
0.017295952218340294 0.014532178439616494 0.013867190940277798 0.018956005422270338 0.023732454827833087 0.018446865948841065 0.020848647961484577 0.03445150115929734 0.02273408092145247 0.02929889800848941 0.019292322001162376 0.015336737332489445 0.020742410178257932 0.03273266658493576 0.02489993266497979 0.016606037542787448 0.025496561501614574 0.017274248792126686 0.011709028362601504 0.010521504170822987 0.0077236647133080314 0.007932748960192307 0.010172683632556738 0.008541336466163606 0.010324406159365581
0.020791310018528703 0.015294126344441095 0.015724033093965598 0.022114108814799964 0.02230827741768393 0.017949958295988295 0.02218308801498681 0.039544321954491375 0.02438596203713139 0.0278890667413631 0.031735700433635654 0.015927675503042263 0.010030920464204753 0.013618920715756145 0.015080686107790817 0.022200889933734702 0.012086715835319742 0.010584697831490178 0.009736604845643997 0.007488320755189822 0.006720312883955665 0.007341421493455879 0.008202762963477194 0.01284981411716043 0.012303177848743314
0.017281840625030822 0.018610624397564578 0.017187575802974864 0.031680557589965935 0.020859838287744983 0.017365807980113168 0.027143172677665115 0.023674288150957706 0.02142909096384671 0.015473888669786152 0.01840994819561506 0.01699223066390541 0.013387138196561248 0.009159290076036974 0.008898973120705946 0.010492759487593322 0.008214183751290995 0.00712746620036513 0.006248955310874837 0.006474479934100283 0.005577153011250436 0.005892736142798804 0.007993341622535522 0.008644192107887494 0.011210323062561702
0.01960578444667465 0.01847833265538174 0.016812552070829906 0.020411743451882566 0.019364747083995663 0.019591606202401284 0.023042325599151862 0.018963497976504647 0.017672776121310876 0.017033137322796876 0.01549451592326453 0.02026831062356476 0.015393068704906365 0.014903300039895805 0.011044751690264592 0.015441821723842801 0.01203739545052441 0.007843326111362613 0.005367044046201977 0.005900420733870168 0.004756226826353177 0.0040614694068188744 0.006302916337472652 0.008666600379178309 0.013394557934309543
0.015752703115573648 0.018359492234765493 0.01702361169722238 0.019481433791685755 0.016806790721356237 0.017886568850040474 0.03085726340098993 0.03407534958247418 0.023519279809246202 0.028160399004248448 0.01656675896384785 0.03167544300577228 0.0332142763732199 0.013721237983679507 0.01819321417914562 0.012721821250478039 0.011313477346975947 0.011113566922141242 0.009051429134313258 0.005436340928437125 0.006845139471911203 0.005683601653581806 0.005556439538151648 0.008607906582986805 0.01473995884187462
0.022284747855417023 0.021710039961603585 0.014556537259860839 0.013895721786638927 0.018130254591950452 0.019563487101645554 0.021763223951699818 0.0336292390101757 0.03187629276886429 0.029726540594404976 0.029918222834771635 0.027143816643871204 0.014227561186173885 0.012915985695165921 0.025097614502728044 0.01099416199008966 0.0092345036196472 0.012888442467463275 0.013748040955447249 0.008503750261656787 0.008339165514071186 0.007085160978761456 0.006368105146523018 0.009487897131413063 0.013305832383331022
0.020822602063723838 0.019539436574796922 0.01660093818788861 0.022695293086185706 0.01997812542480751 0.022396626710976066 0.024553228183025418 0.01771929337503648 0.024173356697432605 0.022159388214315335 0.027478075579843705 0.01753137091730863 0.01602306919055718 0.019664638299309534 0.013366077326710687 0.016032849154169897 0.00800113834013731 0.007574978527842911 0.012368287121558663 0.014165020839491813 0.004691053142192923 0.006284469039591504 0.007527491102295765 0.009969861701307306 0.014150186685489272
0.02180505803753785 0.022350334760003213 0.018495760410073774 0.021401994005964393 0.01861019202003617 0.017607902334603204 0.022535340857692095 0.02412985555782365 0.022687779363470537 0.02244490306242871 0.015570685887323006 0.02460271144319985 0.00674211118705848 0.00769526238971755 0.008607149495176485 0.012212757206110184 0.020148561163420405 0.01307957221241952 0.012236480340549178 0.018008594407036022 0.007202311682736358 0.004862706400274542 0.0076984525717755615 0.009570461418073835 0.00765196455750934
0.019303110966852804 0.021651516044931964 0.01932300334094786 0.020100141757092873 0.018013551372817557 0.025395253426977904 0.025158495229781502 0.024685098237109505 0.024264014378652957 0.02545509489195463 0.02179426161890303 0.020102088977118793 0.010842039812221637 0.011263034883832786 0.013475461845838622 0.017330455482334823 0.01884701326917404 0.019370266084515773 0.01084588248834003 0.007031722082977933 0.004946457778717375 0.004017308208040226 0.0069315239146808235 0.01562691315162408 0.007159634851356856
0.021248929028570528 0.01941011849402489 0.01816170421259419 0.022309692391025912 0.019677483917042056 0.020136750625152328 0.02419631494534325 0.019805879431220925 0.0261562954807593 0.02138214339340908 0.023242550965331166 0.02632469426982486 0.019882384906229896 0.01756742065894765 0.02247303745524583 0.020960752987169526 0.019426804671171877 0.01212527637032711 0.012563377310474149 0.005577032131461224 0.004846102342385508 0.005144135809817334 0.00746743171402071 0.009858035698569351 0.01026584384551851
0.016502097531007693 0.021563706305091895 0.01971304075498313 0.021211397369581192 0.01861016115053616 0.01593017542399769 0.01788396891018609 0.017543594855264202 0.02391315093367151 0.019256599999879005 0.022330651224338187 0.024411356383927427 0.01602975339147717 0.016417308176276846 0.052650200702634285 0.01411602665399458 0.014711090255836745 0.01442209030409688 0.011567773674163662 0.005123332919892051 0.005420368209140217 0.0047553490114249555 0.005751897488156776 0.006117535802836719 0.005053588842969173
