moz_beta_sub.asc
ncols	25
nrows	25
xllcorner	0
yllcorner	0
cellsize	5000
NODATA_value	-9999
1.1662739803075222e-07 1.1090821323994967e-07 1.1439627543787657e-07 1.3696091293051027e-07 1.4808962068015872e-07 1.7021203534702925e-07 2.027505319510597e-07 2.5273576743099114e-07 2.5343142891798234e-07 7.864710291159901e-07 6.798275408388818e-07 8.060915578255512e-07 8.19291495266657e-07 1.0529868620760067e-06 3.295902545506021e-07 2.966297983777782e-07 2.43848714825864e-07 2.667035740778541e-07 1.3115268577041178e-07 1.4347840257904497e-07 1.563810288341248e-07 1.8666534529878308e-07 1.9599233303460626e-07 1.7492791690394867e-07 1.9369389157467137e-07
6.456456141783752e-08 1.1899275604217909e-07 1.230757150541133e-07 1.3149261112638358e-07 1.5148643143946503e-07 1.7614182661318832e-07 1.5135596174100445e-07 2.2154196305174986e-07 2.627632617458447e-07 7.337742004407874e-07 7.917124348444718e-07 8.459531326234708e-07 8.109029324220965e-07 7.956562432760648e-07 8.089922451962645e-07 2.4873607123768796e-07 2.648180074209023e-07 2.9543304580172476e-07 2.3765490804438e-07 1.4129136758659273e-07 1.5723184262426474e-07 1.5873922939959072e-07 1.8826149302640144e-07 1.703060884562571e-07 1.7921050527168379e-07
7.581973817930669e-08 1.2597159263839813e-07 1.4699187571883755e-07 1.633136842266063e-07 1.656418670986243e-07 5.912115171760315e-07 1.793462897936248e-07 1.9025514923534839e-07 6.745498804715721e-07 6.70814990180039e-06 7.505187400989021e-07 9.269688948324052e-07 8.848866097173509e-07 7.854609912543263e-07 8.448898608379732e-07 3.50691468648697e-07 2.601797742213221e-07 2.4355796925632936e-07 2.2751120945850417e-07 2.129643328992607e-07 7.76736028667447e-06 1.0379837827000061e-06 3.078239648787119e-07 1.8785755947702778e-07 1.250732957339969e-07
5.81958823738591e-08 1.078024959467423e-07 1.3926319971435223e-07 1.6551602888904515e-07 1.4260386478454392e-07 6.522322524548459e-07 7.335417327083618e-07 8.720191497076869e-07 5.850593848977461e-06 0.0001354652285016011 0.00013822766666947924 5.960087661615596e-06 7.511886158975294e-06 9.968712036072114e-07 1.0172359131286301e-06 9.087116206843369e-07 1.0165411746691361e-06 8.464186847752573e-07 2.488223493165934e-07 8.240854407913927e-07 8.454325808109767e-06 8.093412911129905e-06 8.03289129317443e-06 1.6118678129421642e-07 1.8015646570506838e-07
6.020739133856268e-08 1.1907780378995178e-07 1.647593079570857e-07 1.4766826778881816e-07 5.786455278550135e-07 6.395441369558539e-07 6.832187823570106e-06 5.642601990354029e-06 6.484043268751288e-07 6.818965222599448e-06 0.00014152374313725565 0.00013711245714849581 6.848295594602248e-06 8.376031258003166e-07 8.103257035904185e-06 8.245256113099009e-06 7.004084623045128e-06 9.475445229485141e-07 3.350164791557413e-07 9.660879700456916e-07 8.311311550575852e-06 8.571690357557275e-06 0.00016090949719857104 1.7218079339395925e-07 1.7687696979707356e-07
6.557604125119741e-08 1.1544226434149765e-07 1.5642659495998771e-07 1.727773540272261e-07 2.0756185416507483e-07 6.592663829812825e-07 7.840706119515288e-07 6.94853029380264e-07 7.107629994616572e-07 7.306982762751654e-07 7.906107629133616e-07 6.732062985963821e-06 7.1647743716197485e-06 7.673141103534513e-06 9.299267416721373e-07 3.337499262797551e-07 8.558602448270285e-07 7.965492469810578e-07 8.81885636433693e-07 7.206989727180057e-06 0.000149531441727007 0.00015625041051448325 8.421247622434362e-06 8.890812571451919e-07 2.0265117729641864e-07
1.445294585983016e-07 1.7082002446303747e-07 1.8578182012292047e-07 2.0397715385415708e-07 2.2973896985079614e-07 8.110973768935333e-07 8.682473237109425e-07 8.447949775291704e-07 2.6851204945125133e-07 2.7802437692690036e-07 9.438473854140017e-07 8.687530122701803e-07 7.164449570224637e-06 6.8310845533499134e-06 8.849295618527089e-07 2.018122403081246e-07 2.1672134287282478e-07 2.421839644499997e-07 3.1061416369641684e-07 0.0003303728491533621 0.0001397938329000184 6.661205699457228e-06 7.853277859382729e-06 7.447910868833613e-06 2.906835251979461e-07
1.8560462226243818e-07 1.716053890533297e-07 7.079834288872069e-07 2.1686495135123146e-07 2.3647863219244832e-07 2.5976188191571857e-07 2.685298142583918e-07 2.8534671402718736e-07 9.492149290260033e-07 1.1601070462757593e-06 9.966692940293528e-07 1.0376132827014597e-06 8.83974617075611e-07 9.5774577603389e-07 2.64400998907593e-07 1.3166473713831964e-07 1.4652887721405945e-07 1.609579694168807e-07 2.5133552403667583e-07 0.00014803827634059317 0.00015240703688342429 7.16905002790634e-06 7.936944658011594e-06 8.968637898852992e-07 3.055670969734595e-07
1.557690730905632e-07 1.6507522104149524e-07 6.497478905976036e-07 2.2538765705527886e-07 2.1742182766583442e-07 2.628207316239097e-07 8.703735967675852e-07 9.752644245103241e-07 8.21409012286881e-06 9.07127462990423e-06 9.091704703323783e-06 8.980655020920933e-06 0.00016286047368816578 9.148357014307597e-06 3.776863060658904e-07 2.875477595497166e-07 1.3171736129753687e-07 1.1786578592331485e-07 2.053710288324377e-07 0.00016861467680191335 0.00014880037264951678 0.00013954567887004688 0.00013846603991640063 8.8680076048053e-07 1.4707794808894157e-07
1.7551189638093106e-07 1.7621514340590661e-07 1.8814946339012144e-07 6.754708027708279e-07 8.389869322745822e-07 8.610835015405974e-07 8.017079521440458e-06 8.533950574164476e-06 0.00016283960332108435 0.00016322843793023747 0.00040823871401706303 0.00017359709696376105 0.0001609030755446899 0.0001582149835886808 1.1295488583765696e-06 3.839260046306191e-07 3.7538914907609703e-07 1.1927309104598565e-07 7.754907373413361e-07 0.00016229066180210598 0.0001648447169780922 0.00015000850361137963 0.0001416140043558002 7.398929933312631e-06 1.3108835461108795e-07
2.2250951767893266e-07 7.428901206428975e-07 6.472435196393988e-07 7.491828226959047e-07 7.600104885814222e-07 7.402779796368812e-07 9.89277075840292e-07 1.0244222623471778e-06 9.48394908654935e-06 0.00016862072446028996 0.000390215178070967 0.0003855970799956262 0.00014882188342276042 0.0001505764973545596 8.750751268023622e-06 1.158829509400347e-06 9.900333331519297e-07 6.82127724023489e-06 5.9646283459083525e-06 0.000125321163790317 0.00014881420097581825 0.00012607149377072234 0.0001424103018224665 6.7049546837408135e-06 1.3196610717424367e-07
7.054997625985097e-07 8.077673208103791e-07 6.770923012164637e-06 6.400828887670266e-06 8.283845229416025e-07 2.552497055905672e-07 3.1862257777700906e-07 1.0441516454586564e-06 9.450399876861867e-06 9.791257247547598e-06 0.00017231933172203755 0.0001652695207173382 0.0001530976221405937 0.00015081610971701058 8.58002752752364e-06 0.00016791855555915513 0.000161313388541551 0.0001404244468576024 0.00015788853542026912 6.306149804963385e-06 6.506584716259189e-06 6.218956029921997e-06 8.092912529264472e-07 1.473061757106624e-07 1.38512835667791e-07
7.132263781918811e-07 7.42534626969589e-06 6.599419293278499e-06 7.47755188454598e-06 9.607331374111839e-07 9.529171636999769e-07 2.9878523737756427e-07 2.927634679787795e-07 1.1504176332596016e-06 1.158603202334919e-06 1.1422392942468591e-06 8.865804369526815e-06 0.0001632677262518893 0.00017286937608918177 8.160956200490574e-06 7.047715445452758e-06 0.0001365919608495805 0.00016244850167662566 0.00015606944648734354 7.343579676948835e-06 6.05127172858574e-06 7.765775696695776e-07 1.288214112174971e-07 1.338155279743007e-07 1.222312392605792e-07
6.691291710938621e-06 6.887656321775128e-06 7.4014771618535465e-06 8.35701802775348e-06 1.0482783128156682e-06 3.046384571040035e-07 3.1129527447252844e-07 2.9378506091560044e-07 9.971682657768238e-07 2.768904963063595e-07 8.856296137096326e-07 1.1173475687734438e-06 8.836463271349943e-06 7.830724568923953e-06 7.526988079683549e-06 9.242675424974431e-07 7.755016734572783e-06 7.036762458752534e-06 5.884821281806355e-06 5.903461571587229e-06 6.480687261001865e-07 1.8756645710766746e-07 2.4792988828346713e-07 1.1834419393204881e-07 2.500387409849809e-07
7.221968006076374e-06 8.007119467778813e-07 7.818755737830172e-07 9.114547884805835e-07 1.0095607074211015e-06 8.998269050441632e-07 9.525568830050132e-07 1.1788012853471505e-06 9.905247212708948e-07 1.10444419624131e-06 3.048810760762818e-07 2.724405240702175e-07 9.503330990938281e-07 1.155205046931091e-06 1.0309675479272447e-06 8.555126872263181e-07 1.0415734576274287e-06 8.720305257813815e-07 7.157226251317277e-07 6.755003916100438e-07 5.66700323134807e-07 1.9016139356522742e-07 2.1916336794200495e-07 1.9851230417342353e-07 2.2097006257331596e-07
7.831202310790633e-06 8.215074253103225e-07 8.328920470964685e-07 9.78342639230283e-07 9.821887019362656e-07 8.882258542285894e-07 8.046621259042241e-06 9.94265687297856e-06 1.0216525689077148e-06 1.082027726145112e-06 1.1409884589816051e-06 2.776626349792644e-07 2.174589625228636e-07 7.746691553783839e-07 8.157634521703623e-07 9.800650989474497e-07 7.279062721379873e-07 6.777187392396025e-07 6.471511919870924e-07 1.838076154136098e-07 1.7226312577009365e-07 8.642246120580596e-08 1.10408069536887e-07 7.51707108035725e-07 7.347659468003375e-07
7.219281263427666e-06 9.035949133427419e-07 2.8832817654212125e-07 1.1401902109741416e-06 9.527905713695036e-07 8.742542462117321e-07 1.069755661479416e-06 1.0084706186918323e-06 9.645426146810598e-07 8.262974764270401e-07 8.989737146879651e-07 2.867141697289715e-07 1.4542540057347187e-07 1.1775996180255438e-07 2.0324508288805793e-07 2.2295411396220668e-07 1.9407143444808837e-07 1.7847678214779933e-07 1.647849166188329e-07 9.56984709664734e-08 6.108480149910393e-08 6.324981558331141e-08 1.0872971847394354e-07 1.9988619151112295e-07 6.991979597379615e-07
7.636295656219514e-06 9.005530313483948e-07 8.60672769989936e-07 9.433504746981668e-07 9.206075543700927e-07 9.256196400755225e-07 9.9647691395856e-07 9.116240051505186e-07 8.816422350540556e-07 8.661295436241813e-07 8.26844375848072e-07 9.402924582848104e-07 2.729447169042024e-07 2.6851446542864855e-07 2.2931253902915787e-07 8.254461541262289e-07 7.26330930295309e-07 1.8890096460115554e-07 8.506027134211078e-08 7.562657377954466e-08 5.5131031268565764e-08 4.7527563306433184e-08 9.412020133835071e-08 6.059054137479174e-07 7.680719982521194e-07
8.33642682091997e-07 8.978054136885949e-07 8.658950580685572e-07 3.0629840794064605e-07 2.8516889119357366e-07 2.9399103560364115e-07 1.1281185615694144e-06 1.1737324388835462e-06 1.0055543840012564e-06 1.086419549425656e-06 8.545255467785212e-07 1.1401161077222872e-06 1.1619303175781417e-06 7.776508555489599e-07 8.939368666011068e-07 7.477882406803424e-07 7.026581118677512e-07 6.959319548197873e-07 2.0522555675742405e-07 8.575920857266142e-08 9.90293201872118e-08 8.821483881246895e-08 1.5318220438002784e-07 6.035477782052204e-07 8.06463722790125e-07
9.81724142044167e-07 9.702467078079398e-07 2.6531246310118886e-07 2.590527929187504e-07 2.9592526232645555e-07 3.0691001165674676e-07 9.713195155227685e-07 1.1676529249317707e-06 1.1430179343678687e-06 1.1110522307429137e-06 1.1139863244235122e-06 1.069766384953733e-06 7.92165814492069e-07 7.537219337680653e-07 1.0345058887868502e-06 6.918737548207682e-07 6.281933650710779e-07 7.528842057719758e-07 7.784291967816594e-07 1.9800762756424587e-07 1.957809260994099e-07 1.7784121158334323e-07 1.6670556028328162e-07 6.378449435990461e-07 7.654404752854368e-07
9.520125602723745e-07 9.24471258721675e-07 8.553846350373247e-07 9.897708749376397e-07 9.340505910295509e-07 9.839293485321694e-07 1.0247025330631799e-06 7.3016409137785395e-06 1.0177496902984972e-06 9.79242070171416e-07 1.0753023408189846e-06 8.782517553889992e-07 8.406697515380553e-07 9.272230531052645e-07 6.3846416486497845e-06 8.409222097215063e-07 5.785410855940859e-07 5.602445824930528e-07 7.368121670605339e-07 7.903941626397591e-07 1.3748842124045808e-07 5.006139843310704e-07 5.581660154905568e-07 6.557342634036089e-07 7.899730743745281e-07
7.989458822258137e-06 9.830180365578764e-07 9.009547650263033e-07 9.63989156620448e-07 9.035849998808436e-07 8.800894494541136e-07 9.866505807856778e-07 8.326363176029824e-06 8.12144372442439e-06 9.848780284778064e-07 8.28859048603905e-07 3.4105067951652914e-07 1.7260138758009787e-07 1.8679427445053064e-07 6.03517298798581e-07 6.098406740272839e-06 9.377256463931121e-07 7.586705549951116e-07 7.326616649856114e-07 8.896081331154183e-07 5.437082625246429e-07 1.4071864620609706e-07 5.656111845882964e-07 6.409524014295433e-07 5.635970483939386e-07
7.584715799763356e-06 7.965960694482198e-06 7.588129400937276e-06 7.718919785493771e-06 7.355985449915956e-06 8.496162336372822e-06 8.465063264792635e-06 8.401967152626872e-06 8.344792310159928e-06 8.503975358024125e-06 9.71944577658577e-07 9.367261296022049e-07 2.2700304644601652e-07 7.009688929204365e-07 7.704602953690577e-07 7.228528664319099e-06 7.505514758282534e-06 9.207300563049267e-07 6.867909571843354e-07 5.359619972100572e-07 1.422725850185153e-07 1.2417044060452e-07 5.313583517159939e-07 8.303413652252174e-07 1.7895854722210539e-07
7.903559275496143e-06 7.603039242883804e-06 7.383033901732029e-06 8.065549160547048e-06 7.648402496750863e-06 7.724960247875837e-06 8.335505589299473e-06 7.669977301058937e-06 8.594133292227017e-06 7.924335566874442e-06 8.20179205007403e-06 1.0559409658438542e-06 9.31974824630223e-07 7.273263247090205e-06 8.089812463687726e-06 7.85817407615078e-06 7.605887798743727e-06 7.291347107415616e-07 7.428969090292012e-07 1.5353866793852184e-07 7.964555681611856e-08 4.415678091951844e-07 5.555253891328228e-07 6.516366547681106e-07 6.664305406418325e-07
7.067601875754253e-06 7.952448155636302e-06 7.654390763033354e-06 7.89768267621386e-06 7.463665485255973e-06 6.952146138768724e-06 7.332156457604611e-06 7.268790718218035e-06 8.29637339589924e-06 7.576721235857548e-06 8.068672275172444e-06 8.364913004766297e-06 6.972514389888962e-06 7.050715960020607e-06 0.0001487403722729993 6.559780018965624e-06 6.693132593278622e-06 7.976391624144968e-07 7.110937096063975e-07 1.4550836302631859e-07 8.55985304491447e-08 1.3870561471300632e-07 1.5653634133715383e-07 1.626417376302285e-07 1.4423979508061334e-07
