moz_population_sub.asc
ncols	25
nrows	25
xllcorner	0
yllcorner	0
cellsize	5000
NODATA_value	-9999
1987.0 1708.0 1496.0 1785.0 1988.0 1437.0 1448.0 1420.0 1136.0 966.0 958.0 815.0 691.0 639.0 1062.0 1228.0 1188.0 1335.0 2086.0 3143.0 2817.0 2858.0 2719.0 3714.0 4328.0
2295.0 1699.0 1628.0 1602.0 1931.0 1184.0 1694.0 1505.0 1164.0 585.0 676.0 789.0 632.0 546.0 689.0 1045.0 1004.0 1145.0 1885.0 2662.0 2087.0 2391.0 2125.0 2657.0 3621.0
2126.0 1913.0 1740.0 1373.0 1020.0 702.0 1269.0 1363.0 856.0 333.0 508.0 601.0 549.0 514.0 542.0 1016.0 1020.0 1055.0 1792.0 1181.0 287.0 617.0 1643.0 2340.0 5394.0
2057.0 1908.0 1607.0 1197.0 1302.0 664.0 778.0 749.0 430.0 237.0 168.0 320.0 468.0 506.0 524.0 512.0 521.0 733.0 1360.0 656.0 291.0 257.0 496.0 2080.0 2554.0
2653.0 1922.0 1602.0 1438.0 952.0 691.0 420.0 343.0 537.0 486.0 242.0 243.0 343.0 504.0 389.0 389.0 489.0 558.0 1174.0 863.0 253.0 251.0 223.0 2032.0 2540.0
2644.0 1595.0 1602.0 1645.0 1151.0 868.0 553.0 536.0 652.0 678.0 517.0 362.0 361.0 268.0 689.0 1051.0 904.0 777.0 821.0 254.0 187.0 241.0 264.0 732.0 2597.0
1876.0 1489.0 1314.0 1612.0 1248.0 971.0 813.0 851.0 1146.0 1118.0 852.0 706.0 466.0 424.0 817.0 1362.0 1791.0 1523.0 1133.0 94.0 164.0 262.0 284.0 291.0 1840.0
1603.0 1295.0 914.0 1278.0 1299.0 1475.0 1052.0 1022.0 945.0 607.0 527.0 511.0 507.0 602.0 1053.0 3188.0 3761.0 2281.0 1425.0 104.0 192.0 261.0 272.0 553.0 1542.0
1450.0 1252.0 774.0 1248.0 1534.0 1389.0 998.0 615.0 389.0 315.0 292.0 264.0 235.0 343.0 1252.0 1850.0 2987.0 2784.0 1237.0 116.0 142.0 232.0 208.0 991.0 2224.0
1401.0 1518.0 1233.0 966.0 648.0 621.0 498.0 307.0 164.0 117.0 92.0 100.0 140.0 227.0 768.0 1124.0 1225.0 2166.0 760.0 149.0 184.0 188.0 175.0 288.0 2084.0
1137.0 875.0 908.0 779.0 635.0 804.0 770.0 566.0 273.0 104.0 87.0 84.0 107.0 142.0 282.0 598.0 575.0 268.0 293.0 215.0 231.0 218.0 178.0 340.0 3892.0
782.0 573.0 426.0 442.0 690.0 1021.0 1514.0 745.0 459.0 293.0 212.0 119.0 102.0 139.0 276.0 134.0 155.0 170.0 247.0 406.0 434.0 390.0 542.0 2109.0 4688.0
579.0 392.0 381.0 389.0 646.0 909.0 1661.0 1302.0 609.0 550.0 514.0 316.0 163.0 219.0 352.0 254.0 140.0 138.0 171.0 397.0 461.0 858.0 2058.0 3038.0 3167.0
378.0 380.0 360.0 380.0 678.0 1018.0 1274.0 1413.0 974.0 1231.0 733.0 511.0 406.0 379.0 485.0 573.0 432.0 352.0 296.0 499.0 634.0 1244.0 1331.0 2038.0 1776.0
366.0 573.0 552.0 587.0 655.0 804.0 776.0 708.0 768.0 927.0 1214.0 1148.0 843.0 771.0 577.0 517.0 528.0 561.0 696.0 941.0 701.0 1068.0 1721.0 1068.0 1328.0
458.0 597.0 701.0 728.0 724.0 701.0 466.0 455.0 595.0 675.0 857.0 1718.0 1997.0 965.0 690.0 639.0 744.0 836.0 849.0 1414.0 1391.0 5682.0 2260.0 920.0 668.0
487.0 636.0 1007.0 895.0 781.0 645.0 523.0 564.0 531.0 526.0 706.0 1197.0 3173.0 2064.0 1321.0 1162.0 1431.0 1944.0 1288.0 3885.0 20913.0 27555.0 3604.0 1154.0 642.0
488.0 671.0 759.0 780.0 845.0 926.0 643.0 729.0 551.0 552.0 625.0 913.0 1125.0 1946.0 1732.0 802.0 760.0 1677.0 2648.0 8662.0 37762.0 16767.0 3028.0 992.0 574.0
726.0 726.0 783.0 1424.0 1044.0 1300.0 683.0 638.0 574.0 696.0 595.0 681.0 834.0 942.0 993.0 758.0 696.0 967.0 1494.0 3822.0 4801.0 3758.0 1466.0 827.0 550.0
645.0 851.0 1664.0 1166.0 1185.0 1277.0 869.0 615.0 557.0 608.0 564.0 547.0 596.0 572.0 506.0 657.0 726.0 642.0 853.0 1175.0 1402.0 1415.0 1188.0 968.0 562.0
503.0 921.0 875.0 726.0 663.0 721.0 696.0 498.0 511.0 534.0 570.0 649.0 634.0 521.0 481.0 529.0 707.0 576.0 635.0 774.0 1204.0 883.0 801.0 906.0 609.0
402.0 705.0 550.0 510.0 513.0 593.0 503.0 334.0 352.0 531.0 632.0 1199.0 1768.0 1111.0 594.0 472.0 584.0 758.0 517.0 537.0 991.0 1094.0 789.0 765.0 615.0
417.0 419.0 350.0 390.0 475.0 470.0 378.0 290.0 324.0 492.0 571.0 840.0 1075.0 758.0 513.0 478.0 461.0 720.0 708.0 711.0 1220.0 1310.0 665.0 674.0 1357.0
440.0 303.0 340.0 297.0 326.0 394.0 383.0 252.0 296.0 390.0 494.0 539.0 508.0 442.0 422.0 434.0 467.0 614.0 748.0 1446.0 2132.0 991.0 637.0 508.0 889.0
368.0 347.0 296.0 299.0 343.0 401.0 341.0 272.0 296.0 286.0 290.0 293.0 286.0 287.0 248.0 354.0 448.0 533.0 609.0 1322.0 2278.0 1250.0 1027.0 1126.0 1039.0
