moz_beta_sub.asc
ncols	25
nrows	25
xllcorner	0
yllcorner	0
cellsize	5000
NODATA_value	-9999
0.19504351364786923 0.1840920300396665 0.21317275597802116 0.21106180256503565 0.1951982811594898 0.1850075882015144 0.21188241417178172 0.20767035055945923 0.18597766672989738 0.193877694544523 0.158063432733469 0.15622880072505851 0.1749549717110849 0.265468805827093 0.23070723092294654 0.21080959345754002 0.20860958466825166 0.2350983623341031 0.21443670028544606 0.14977028225240646 0.1481454551410208 0.16935719081870323 0.1890328012799063 0.16082758871902672 0.21051800568323742
0.19597375600390068 0.20275431202813374 0.23749557521222922 0.21779235443098371 0.17396150721184844 0.1901894855527829 0.18673965271891865 0.19639789686519726 0.18299473103925434 0.15993341016218268 0.1852293767698722 0.17778253828391274 0.15028955477122363 0.22648031493353388 0.21003064879799258 0.2060739897133679 0.20346226914021237 0.195849104088796 0.20376894227624276 0.14618165064393152 0.1414042328458518 0.15392463526670713 0.16165009561786634 0.1603600259784737 0.15186584443202739
0.19987553517602963 0.22523116211668007 0.2023883034926664 0.22828225353123285 0.19517173789208056 0.1987102314469886 0.2054967273972906 0.21239096248992012 0.18992535062493696 0.19387923267945706 0.15385383702577368 0.14484303469845852 0.14576056406234442 0.15841558383014867 0.23294375675126072 0.21400735225463224 0.20631705974048403 0.22181916170212992 0.1622718543829744 0.14433539452218475 0.1555495198206326 0.16327719886173817 0.1552526591219601 0.14265186717568099 0.1436749048618842
0.19443971713651856 0.2189916574896152 0.2096770786501947 0.2069343530990389 0.20660955137717357 0.20184295768402716 0.19611686842306447 0.1610901966820762 0.1695158639331327 0.17296928991946367 0.14800674068121247 0.18184964822284952 0.16125608635522146 0.14757033080795573 0.1650185484735718 0.16308550790407203 0.19132221177896078 0.13662424735227144 0.13453573097492022 0.1455867833967049 0.15402694451343574 0.15351330804825086 0.14696922387680886 0.14468313690892742 0.1506629950823854
0.21495091117511764 0.21068190944636705 0.2084547195772376 0.1914752571235693 0.16952229745767722 0.16654241655881072 0.17179534129796273 0.17235123080762577 0.17161082611450948 0.1610020484723787 0.16446247757638072 0.17123878895314462 0.14816838269465848 0.21937047118785463 0.18922181233763083 0.15144935490047756 0.13021055377794594 0.1332613675003984 0.13828256885834128 0.1462611226270103 0.1480613130845847 0.14204224287020192 0.17994464891367565 0.1461375479751236 0.16849283979075433
0.1983207167638527 0.18607219494171914 0.18891774843917303 0.1632900960701057 0.16211314767225865 0.1675287918962102 0.17144012899201183 0.16362048433946716 0.1593903914558743 0.16684415358118018 0.16671591404548983 0.13353995940584887 0.16306773669244953 0.14991423298301818 0.15306112267731545 0.14018945761786847 0.13264869783457184 0.13192333256152766 0.19517938439837898 0.1702070923537305 0.17059867239739435 0.2090646416942972 0.1372082894339503 0.1601787169776423 0.25002313525079556
0.19731674360996632 0.21459094741816384 0.23870678768343037 0.18017389156705685 0.1620647573897936 0.1652082929458075 0.15356937088863418 0.16896908861550125 0.1487081097737407 0.15801546916766349 0.16361532001331616 0.14885530881261244 0.15058304793508479 0.14261205318152642 0.18114419914565433 0.21314603719522887 0.15081692560014576 0.19019734514737463 0.20271354906147715 0.20141611700033907 0.20328531603653469 0.17139730150251 0.1408729975576852 0.20861909293060113 0.20975122760564338
0.19278978292773424 0.21077417172271498 0.19870497144080473 0.19557064582844735 0.19066330003148066 0.19183944342849268 0.1682162164164872 0.15839871266701677 0.14186146383013434 0.16196441822877114 0.16031977566799235 0.15771693890613772 0.14346793002148603 0.13918572988172914 0.21572605085461394 0.21380554050470282 0.21063549438062407 0.17288951612157577 0.17801901133804474 0.2184189460129695 0.21190693506878072 0.2089984592941146 0.20040787079503447 0.16468154035280286 0.19074834647879588
0.1679538728439861 0.16918110510867557 0.18404080104637247 0.1819717413486615 0.17638850291867222 0.2099032218280592 0.15839197731982124 0.1419964859902913 0.14539077495744948 0.13494328274978412 0.13511130094396134 0.15056647740370224 0.1659829166630369 0.18387324014759335 0.22535875505890698 0.21796009734971705 0.19287068296474894 0.17461135804844607 0.18614500039193807 0.21046475189185215 0.2171413118535642 0.19857999599179135 0.16505659556782173 0.18058514423514513 0.18291779962702492
0.1630015542336337 0.1576271982645646 0.16273331707800262 0.17716391083689823 0.16417561333765646 0.18180851983903232 0.1561190712460051 0.1471862183630034 0.15059950593372878 0.1416100801047838 0.15373414248811448 0.16896540850423372 0.22544616637209453 0.22397447423789563 0.20170340388611005 0.15114530535973242 0.20321257503964094 0.2047976803134631 0.18751743552542777 0.19760763483947655 0.21368825172881972 0.2062257395752536 0.17906263853244683 0.1881570685761082 0.18863402094612508
0.1518871202142416 0.15653217068022957 0.13862149035640875 0.156061180367515 0.1509962537749084 0.2083904725676072 0.15487564959202052 0.1527061400430685 0.13478675204443352 0.1556458214137243 0.19370937874760577 0.21584166172873806 0.21921076063092404 0.20610460183678259 0.22500158905692086 0.19421308409200652 0.17786092268640646 0.20685412646877818 0.18746965700202073 0.18126895412553792 0.22866605622875996 0.22863035984170346 0.208627946886152 0.2248409179251349 0.20627548497691958
0.14661171024995712 0.15632957263939556 0.14748942083877017 0.14189766329300163 0.1413785289903047 0.21254269355208152 0.1720941893078209 0.17833320509481282 0.13976168438669673 0.1674624172900871 0.2096982123173087 0.2118866099570485 0.2103355585292267 0.1967638783754203 0.18230746680153725 0.18409695392814046 0.18875032830655983 0.18263544316366015 0.17564862145985796 0.18913932333810968 0.20698629320917633 0.23132821067879084 0.2112241841646113 0.21608939037842947 0.2036069948436003
0.15266096725903855 0.1520175427874634 0.15560802568875154 0.15670884343369704 0.14555662473759573 0.15105359350437647 0.155771436445535 0.19865509259678465 0.1363771106404967 0.1335092024268187 0.18580350372212895 0.19577215269275478 0.19884414152223875 0.1941361218927105 0.1808552188430945 0.16771296158054932 0.1876149166184115 0.1805648209583353 0.16318161239214143 0.17674021802419113 0.21639705607085719 0.2029185104508066 0.2144539856793324 0.21264868180241292 0.20006855652106761
0.15218400092475984 0.160983228560751 0.15244273543213754 0.1490598127497945 0.14712887531759522 0.14712737537054804 0.12763452194524597 0.15681226579779556 0.13135762829672307 0.12499133771268528 0.18728869798260564 0.13192017588226165 0.16060809461299805 0.19822073774691856 0.16936684187877343 0.18940179335367402 0.16987630613163202 0.1730776530527075 0.16790660572745442 0.1742283380996483 0.1728991569196198 0.20310923653305668 0.2141212453680886 0.1988338795529358 0.201326283309743
0.14165018375155383 0.15264802005635456 0.14674462126015292 0.1390737186395368 0.14013769873570456 0.13325789787899484 0.13135492072873287 0.14035566694069515 0.13730346718723224 0.14157949959473465 0.17435441734004875 0.12200430849859503 0.13822529955431986 0.19650440953739665 0.1680137977954641 0.1815323189599132 0.18026288195390497 0.18695539895001026 0.16354364449819245 0.17155603881797293 0.15941942250341937 0.16709182958361277 0.20026007261955867 0.19609995787105686 0.18933866022540297
0.14874677370342393 0.16349679953397486 0.16150151359707596 0.1224928522171147 0.13365875964155308 0.15907518477800422 0.15535908555445324 0.15142843454917038 0.13387037217804504 0.1252785432320578 0.14370750939854218 0.14257246243623725 0.19143023371511259 0.1965384562770037 0.1665498943797255 0.13028755715630722 0.1512573295109706 0.17205885408188196 0.15643463850709424 0.15499296237490856 0.16336658695256398 0.1346345494972615 0.16445609031935846 0.1582376486554166 0.172651408482237
0.14470715202531004 0.14355234715779788 0.14468127431512548 0.12582866597446332 0.12937610662655988 0.1614393741450382 0.16515065485557465 0.19377834342352698 0.18878540159935336 0.12899517855328327 0.12567783398723142 0.12434839705168191 0.13068937784340212 0.16586410766551204 0.14222177763492072 0.13304573459932714 0.1521003107364417 0.15706198754942147 0.1568383757944672 0.1588105063096733 0.16514783746173042 0.14871332898060288 0.14753254279103392 0.12275978767871643 0.12368209740827427
0.1615651874640564 0.17883846430844003 0.15611275270068406 0.16096280280146416 0.14582808642534034 0.16725444712686433 0.1666833315578148 0.16687858271268458 0.17180133693205665 0.203971245743867 0.1776677123720751 0.18253669186912946 0.12030289065153928 0.11267160932178788 0.10720302388938231 0.11135388091557682 0.1428343112673728 0.16929901757970503 0.15485487571994794 0.16707401075996325 0.1606574645908377 0.107733177041591 0.10161797918717005 0.10360311961218759 0.1048508778194815
0.17422853364091812 0.16112442224913281 0.16070387886587828 0.16501940460782247 0.14567200061783897 0.14805815139369669 0.18361263590958035 0.19373988299404055 0.16615950370586705 0.17625973343405787 0.16170335565371385 0.18455742164559785 0.1175678752898229 0.0991337944878655 0.10827319460203828 0.10930733784349833 0.10715008311586764 0.10168805729353933 0.13029001943256344 0.1494097644929416 0.14906193801213546 0.10837065842150369 0.11510530716031887 0.09525875957246652 0.0976965904619399
0.16815069870891963 0.16480963566264065 0.14175793551648153 0.14815345293778578 0.14528311593359297 0.16505349066376174 0.1872180133017141 0.167758041594892 0.1446415179067597 0.17010337529664968 0.12614436890147496 0.12034758349566917 0.12783265787701337 0.1433752755338791 0.1066525074990818 0.11673784827882662 0.1234222700480281 0.10478394755338223 0.09935453136937522 0.10168661842915358 0.1420088458148793 0.10789416952591747 0.1207962832355301 0.10287607124441547 0.10588815539788857
0.1657002220068903 0.15320777236779437 0.16398582781949847 0.17316002430779234 0.16037059737524068 0.15263606953700595 0.1411827036954866 0.14837372009097702 0.13850639856727762 0.15788748408670408 0.1513716229651606 0.19156225512047667 0.16530526511321145 0.12648755598666392 0.10745138027326404 0.11807776758989048 0.12169459083861861 0.13162379649291842 0.10473393137831429 0.1179330347567938 0.11975522351180862 0.11502133660201742 0.10328915625567071 0.1091973680678063 0.10047717755542325
0.09705412811154811 0.10932691459019524 0.1465221305236564 0.15491809495090084 0.14872651873984477 0.13406531026583285 0.12908508929826348 0.13516188506325696 0.1352873985100236 0.12913469087874926 0.15162174917876386 0.15859737114548983 0.1426862855931231 0.10899381706496666 0.11325922514710104 0.10747325400989692 0.10495466363089655 0.11408532726918565 0.1091718818800373 0.09895377327095978 0.10503962993001303 0.09808933151138358 0.09842108178350555 0.0952623318701069 0.1031301198059153
0.09041930258705318 0.10014815058239156 0.12962846430468453 0.14633452075738954 0.13470556348284862 0.12218539884126135 0.12260380806363676 0.1234504301979781 0.1220814136609951 0.13350789867285875 0.15817703109831002 0.15543750073721793 0.12796228642430432 0.10354321794151534 0.10412945603834316 0.10505325296864271 0.10691511413332447 0.09452106762922978 0.09915064022256662 0.10284541320723999 0.10341431554549714 0.10311836163464756 0.0935292057768909 0.09852025178707503 0.09916038611394355
0.11695904999024778 0.09027635396298522 0.10628474846128035 0.12800140871446333 0.11832297668130243 0.14349019143815747 0.12055275852427355 0.10729315078553582 0.11203356207196342 0.13848293159035824 0.14459140906133708 0.12935031252372992 0.11945263566301989 0.10073612637608804 0.09697727418135599 0.10134291766581874 0.09534287076376621 0.09991933122525821 0.10622433333270857 0.11080733651021812 0.10723269661517897 0.11122075937701498 0.09821493907796024 0.082099258791202 0.09890974694776263
0.08761053952759974 0.08937626535024379 0.09425140153709391 0.12480297914125257 0.10968036758493191 0.12025979413875448 0.1188351175466433 0.11436186980148427 0.12345781286251405 0.13778220846196806 0.14529901096486192 0.12326455930910536 0.11589861154499642 0.10204269474542953 0.10126941383298715 0.10049244638116502 0.09741282652939197 0.08947200971542199 0.0690900528783303 0.07245108934195986 0.08012721709883837 0.08929617808741466 0.08595780444959765 0.0801017305687433 0.08702366802664843
