moz_pfpr_sub.asc
ncols	25
nrows	25
xllcorner	0
yllcorner	0
cellsize	5000
NODATA_value	-9999
0.4319778 0.419772 0.4506918 0.4486019 0.4321452 0.4208204 0.449417 0.4472211 0.4239318 0.4327297 0.3895187 0.3870552 0.4097444 0.4986792 0.4724774 0.4501025 0.4478482 0.4733393 0.4537895 0.3781634 0.3741836 0.402967 0.4266927 0.3918246 0.4498427
0.4329819 0.4421772 0.4732479 0.455188 0.412391 0.4266567 0.4227895 0.4354578 0.4196876 0.390624 0.4223074 0.4143904 0.3767291 0.4654259 0.4508479 0.4452169 0.4424688 0.4343274 0.4428535 0.3730697 0.3661113 0.3823889 0.3929234 0.3911976 0.3794986
0.43714 0.4642271 0.439773 0.46502 0.4321165 0.4359071 0.445007 0.4519441 0.4277086 0.4320439 0.3822901 0.3693638 0.3707127 0.3881501 0.4713932 0.4533325 0.4454707 0.4610126 0.3937505 0.370405 0.3861362 0.3963749 0.3857334 0.3661115 0.3694443
0.4313234 0.4583584 0.4472187 0.4444498 0.4441193 0.4412277 0.4346216 0.392176 0.4031691 0.4075224 0.3739831 0.4183325 0.3923977 0.3733512 0.3973685 0.3944636 0.4292886 0.3569334 0.3557354 0.3704578 0.3825316 0.3818143 0.3723405 0.3690672 0.3775344
0.4524349 0.4482234 0.4459895 0.4280797 0.4043161 0.4005629 0.4060522 0.4067496 0.4069084 0.393409 0.3979044 0.4064489 0.3759035 0.45872 0.4275907 0.3805086 0.3467779 0.3537601 0.359493 0.3714454 0.374062 0.3651988 0.4169503 0.3730064 0.4030268
0.4354933 0.4220329 0.4252395 0.3963916 0.3948624 0.4006248 0.4056054 0.3955342 0.3912838 0.4009459 0.3988289 0.3541933 0.3961035 0.3783654 0.3808452 0.3624978 0.3528047 0.3516687 0.4335897 0.4037596 0.4042595 0.4483584 0.3578379 0.390954 0.4862864
0.4344228 0.4520833 0.4762971 0.4172199 0.3947993 0.3976163 0.3818927 0.4024719 0.3766674 0.3875372 0.3968123 0.3768753 0.3793016 0.366062 0.4183572 0.4524984 0.3780122 0.4280172 0.4416738 0.4402885 0.4422812 0.4052755 0.3627574 0.447858 0.449061
0.4295244 0.4503395 0.437923 0.434021 0.4285448 0.4298706 0.4015083 0.389966 0.3649634 0.3927331 0.3925118 0.3890555 0.3673279 0.3628089 0.4552121 0.4531592 0.4499622 0.4071612 0.41352 0.4599433 0.4529222 0.4482486 0.4392052 0.3965812 0.4285169
0.4003899 0.4019265 0.4217159 0.4193223 0.4117489 0.4492162 0.3885394 0.3651614 0.3700853 0.3545931 0.3566223 0.3776559 0.3986251 0.4207214 0.4643452 0.4572708 0.4310261 0.4093168 0.4222581 0.4513299 0.4585872 0.4376649 0.3932105 0.4149731 0.41942
0.394078 0.3870198 0.3956695 0.4136522 0.3975352 0.4191323 0.386907 0.3745069 0.3774461 0.3664154 0.3836617 0.4024672 0.4644527 0.4630708 0.4410819 0.3800857 0.4422662 0.4439349 0.4240176 0.4365024 0.45487 0.4367053 0.3993837 0.4126292 0.425438
0.3836196 0.3855542 0.3601623 0.3849209 0.3798781 0.4479491 0.383712 0.3806826 0.3561226 0.384778 0.4319611 0.4551608 0.4584733 0.4453003 0.4640438 0.4330949 0.4135439 0.4460303 0.4239566 0.4158829 0.4297077 0.4296623 0.4084764 0.4247894 0.4043261
0.3718316 0.385282 0.373079 0.3650165 0.3660733 0.452094 0.4064274 0.4139034 0.3617537 0.4002232 0.448967 0.4511965 0.449619 0.4352398 0.4186939 0.4208157 0.4262337 0.4190844 0.408287 0.4140128 0.4003499 0.4448987 0.4129721 0.4211611 0.399529
0.3821861 0.3812968 0.3862155 0.3877024 0.372171 0.3783484 0.3849514 0.4373077 0.3557892 0.3512387 0.4228192 0.4341468 0.4379795 0.4322948 0.4153329 0.3970883 0.424142 0.414946 0.3904331 0.3958717 0.4191947 0.3944247 0.4184424 0.4154014 0.3930201
0.3815272 0.3933843 0.3803121 0.375501 0.3744251 0.3727081 0.3425807 0.3859412 0.3477693 0.3372153 0.4237254 0.3387409 0.3865657 0.4372362 0.3994694 0.414381 0.4001978 0.4047209 0.3973684 0.4063242 0.3899435 0.4011481 0.4104168 0.3907089 0.3953531
0.3664746 0.3806009 0.372151 0.3607048 0.3642316 0.3537547 0.3507748 0.3626557 0.3572413 0.3645037 0.4089965 0.3199848 0.3500408 0.435175 0.3975233 0.4030597 0.4011777 0.4109243 0.390972 0.4025826 0.3847575 0.3806898 0.3904778 0.3841811 0.3736278
0.3750508 0.3953712 0.3927253 0.3364031 0.3522891 0.3894657 0.3843817 0.3788799 0.3526234 0.3386806 0.3670499 0.3653402 0.4292903 0.4352161 0.3953986 0.3357371 0.353582 0.3886264 0.380155 0.3778997 0.3907086 0.3436635 0.3763713 0.3829459 0.404124
0.3685456 0.3668169 0.3691252 0.3395966 0.3454259 0.3926424 0.3971998 0.4319312 0.426274 0.3448063 0.3383746 0.3361248 0.3466819 0.3981373 0.3648095 0.3407929 0.37331 0.3811298 0.3807828 0.3838258 0.3933448 0.3678243 0.365883 0.3214577 0.3349898
0.3924276 0.4145185 0.3854219 0.3920056 0.3702117 0.3999529 0.3955931 0.3958774 0.4057877 0.4430074 0.4130905 0.4189669 0.330245 0.3167575 0.3052487 0.3130548 0.3657357 0.4025959 0.3832152 0.3961616 0.3866405 0.3062581 0.2943876 0.2998033 0.3007256
0.4088394 0.3873468 0.3867108 0.3970269 0.3699804 0.366749 0.3721952 0.3876157 0.3948286 0.4091261 0.3926134 0.4213582 0.3254895 0.2941576 0.3114984 0.3105893 0.3051477 0.2945265 0.3460298 0.3754581 0.3749537 0.307467 0.3211334 0.2832396 0.2881789
0.4011154 0.3928466 0.3561687 0.3669057 0.3621428 0.3773567 0.3777819 0.3817695 0.3610658 0.403627 0.3401208 0.330322 0.342906 0.3671901 0.3056216 0.3240292 0.3355655 0.3020708 0.2945897 0.2960836 0.3651487 0.3065639 0.3310938 0.3013927 0.3041746
0.3979223 0.380896 0.3916285 0.3903509 0.3695273 0.3560559 0.3551806 0.3672675 0.3591142 0.3874249 0.3782829 0.4294397 0.3974033 0.3397353 0.3071259 0.3263826 0.3315744 0.3490513 0.3049144 0.3261294 0.3292996 0.3209836 0.2991973 0.3103853 0.2937107
0.2868854 0.3106256 0.3642098 0.377782 0.3678459 0.3426385 0.3335038 0.3446096 0.35407 0.3450334 0.3786406 0.3883992 0.3655122 0.3100073 0.3178206 0.3100244 0.3023971 0.3193081 0.310338 0.2938047 0.3054895 0.2921038 0.2927578 0.2832469 0.2973698
0.2765402 0.2930617 0.3345152 0.3638979 0.3437911 0.332422 0.3331424 0.334594 0.3332918 0.3520505 0.3878228 0.38403 0.3431186 0.3026626 0.3037736 0.3055151 0.307518 0.2849704 0.2941906 0.3013342 0.3024177 0.3004338 0.2829548 0.292953 0.2911044
0.3269939 0.2728761 0.3034916 0.34226 0.3256765 0.3667235 0.3306752 0.3068286 0.3155984 0.3590778 0.3683729 0.3444887 0.3287758 0.2972789 0.2899002 0.2984517 0.2853259 0.294318 0.3077067 0.3161146 0.3081022 0.3168601 0.2923516 0.2586401 0.2906056
0.2706201 0.274356 0.2811737 0.3368963 0.3099342 0.3290807 0.3302228 0.3224561 0.3356255 0.3587235 0.3700351 0.3352991 0.3251507 0.299798 0.2983099 0.2968065 0.2894292 0.2733513 0.2282971 0.2364299 0.2531988 0.2741876 0.2670789 0.2531419 0.2682049
