moz_population_sub.asc
ncols	25
nrows	25
xllcorner	0
yllcorner	0
cellsize	5000
NODATA_value	-9999
3475.0 2342.0 2160.0 2932.0 3515.0 2312.0 3108.0 1710.0 1358.0 1113.0 1001.0 1002.0 380.0 291.0 122.0 294.0 412.0 492.0 666.0 1026.0 952.0 766.0 699.0 689.0 754.0
2401.0 1742.0 2111.0 3536.0 5111.0 3492.0 2505.0 1598.0 817.0 754.0 972.0 1056.0 472.0 307.0 165.0 295.0 390.0 823.0 816.0 1740.0 1884.0 980.0 685.0 705.0 808.0
2394.0 1823.0 2270.0 4189.0 3784.0 2361.0 1961.0 1216.0 584.0 347.0 615.0 901.0 514.0 331.0 346.0 367.0 454.0 827.0 859.0 1328.0 1191.0 1128.0 1149.0 965.0 1164.0
2662.0 1912.0 2386.0 3351.0 2159.0 1357.0 846.0 524.0 572.0 859.0 945.0 892.0 635.0 798.0 590.0 474.0 505.0 982.0 1089.0 962.0 736.0 944.0 2186.0 2177.0 2165.0
3162.0 2779.0 3145.0 3945.0 1695.0 1020.0 581.0 550.0 1048.0 1471.0 1596.0 1505.0 1002.0 1010.0 1903.0 1469.0 965.0 1596.0 872.0 559.0 690.0 737.0 1113.0 1137.0 1147.0
3687.0 3262.0 2876.0 1953.0 1461.0 948.0 550.0 617.0 1194.0 1675.0 2798.0 1694.0 1109.0 1224.0 2703.0 2009.0 1757.0 1058.0 683.0 417.0 419.0 588.0 751.0 699.0 659.0
3001.0 2432.0 1754.0 1418.0 1055.0 701.0 599.0 843.0 1333.0 2106.0 1940.0 1689.0 1651.0 2066.0 1616.0 916.0 950.0 669.0 482.0 292.0 321.0 395.0 420.0 464.0 557.0
2402.0 1987.0 1175.0 785.0 635.0 626.0 789.0 1371.0 2045.0 2719.0 1904.0 1004.0 779.0 1147.0 1047.0 745.0 628.0 407.0 267.0 184.0 236.0 273.0 295.0 413.0 443.0
3004.0 2289.0 1676.0 1152.0 802.0 645.0 943.0 2092.0 3362.0 3068.0 1433.0 833.0 550.0 655.0 1041.0 821.0 662.0 394.0 189.0 153.0 133.0 152.0 149.0 177.0 252.0
3777.0 2313.0 1860.0 1660.0 1558.0 1192.0 1064.0 1643.0 2291.0 1609.0 1076.0 651.0 427.0 644.0 1092.0 1208.0 779.0 527.0 246.0 165.0 104.0 84.0 84.0 96.0 162.0
5006.0 2859.0 2694.0 2545.0 1912.0 1304.0 732.0 716.0 1202.0 984.0 669.0 460.0 373.0 559.0 934.0 1911.0 656.0 434.0 196.0 101.0 48.0 42.0 38.0 44.0 39.0
3368.0 2281.0 4017.0 3896.0 1771.0 1005.0 670.0 473.0 640.0 451.0 401.0 321.0 250.0 326.0 410.0 384.0 426.0 306.0 133.0 77.0 49.0 39.0 36.0 35.0 36.0
1805.0 1481.0 1516.0 1851.0 1246.0 893.0 552.0 260.0 410.0 269.0 257.0 268.0 212.0 133.0 161.0 211.0 231.0 150.0 120.0 88.0 62.0 42.0 36.0 34.0 35.0
1405.0 1106.0 948.0 968.0 1075.0 968.0 892.0 312.0 484.0 396.0 240.0 202.0 222.0 180.0 121.0 96.0 113.0 126.0 161.0 113.0 91.0 71.0 40.0 36.0 35.0
1207.0 790.0 651.0 854.0 1176.0 1307.0 1296.0 521.0 497.0 515.0 338.0 237.0 222.0 202.0 134.0 90.0 78.0 99.0 165.0 122.0 108.0 90.0 49.0 42.0 45.0
602.0 691.0 934.0 1010.0 754.0 784.0 810.0 531.0 761.0 680.0 376.0 254.0 251.0 241.0 156.0 122.0 97.0 93.0 165.0 155.0 113.0 102.0 88.0 109.0 112.0
464.0 493.0 815.0 829.0 627.0 540.0 449.0 300.0 436.0 595.0 458.0 371.0 368.0 318.0 279.0 222.0 176.0 120.0 127.0 150.0 129.0 147.0 174.0 232.0 286.0
401.0 271.0 521.0 644.0 388.0 254.0 114.0 146.0 258.0 281.0 268.0 349.0 574.0 561.0 407.0 374.0 272.0 270.0 282.0 229.0 214.0 304.0 406.0 512.0 393.0
292.0 190.0 234.0 379.0 254.0 149.0 60.0 60.0 116.0 210.0 311.0 384.0 629.0 1210.0 1350.0 548.0 489.0 465.0 486.0 482.0 351.0 419.0 558.0 933.0 863.0
359.0 196.0 136.0 140.0 130.0 98.0 62.0 83.0 157.0 272.0 535.0 734.0 587.0 553.0 985.0 611.0 538.0 845.0 1317.0 779.0 516.0 473.0 500.0 1057.0 922.0
413.0 291.0 144.0 76.0 83.0 99.0 106.0 206.0 292.0 425.0 412.0 365.0 403.0 439.0 591.0 635.0 471.0 608.0 1371.0 976.0 654.0 635.0 736.0 869.0 726.0
588.0 557.0 185.0 114.0 162.0 177.0 190.0 233.0 436.0 754.0 438.0 413.0 433.0 529.0 539.0 1096.0 989.0 608.0 853.0 1117.0 1037.0 1027.0 1112.0 670.0 484.0
1372.0 577.0 219.0 186.0 248.0 305.0 342.0 325.0 704.0 730.0 360.0 442.0 560.0 1016.0 1316.0 1939.0 2545.0 1690.0 1674.0 1754.0 1596.0 2109.0 1918.0 1180.0 675.0
1282.0 734.0 322.0 250.0 333.0 384.0 521.0 994.0 847.0 442.0 313.0 473.0 966.0 1267.0 1617.0 1525.0 2551.0 3015.0 1990.0 1479.0 2708.0 1979.0 1727.0 1449.0 656.0
1226.0 1237.0 738.0 372.0 393.0 477.0 1022.0 1381.0 930.0 647.0 520.0 791.0 1184.0 1197.0 1421.0 1600.0 2171.0 2983.0 1695.0 1465.0 2532.0 1647.0 1951.0 2816.0 2077.0
