moz_pfpr_sub.asc
ncols	25
nrows	25
xllcorner	0
yllcorner	0
cellsize	5000
NODATA_value	-9999
0.2671553 0.260833 0.2647087 0.2884053 0.2993352 0.3198472 0.3476149 0.3860353 0.3865403 0.3774464 0.348978 0.382484 0.3858411 0.4415928 0.4379767 0.41658 0.3795184 0.3960386 0.3680882 0.3834302 0.3987354 0.4321345 0.441813 0.41957 0.4394518
0.2666388 0.2697224 0.2740913 0.2828635 0.3025847 0.3251033 0.3024606 0.3625879 0.3932452 0.3636195 0.3787978 0.3925461 0.3837106 0.3798119 0.3832239 0.3831175 0.3947046 0.4157801 0.3749022 0.3807622 0.3997199 0.401457 0.4338093 0.414496 0.4242064
0.2868724 0.277144 0.2982767 0.3136099 0.3157302 0.3237008 0.327905 0.3372504 0.3475171 0.3733698 0.3680616 0.4123396 0.4021633 0.3771855 0.3922806 0.4510865 0.3914017 0.3793031 0.3672032 0.3558397 0.4133697 0.4381989 0.4239812 0.4333862 0.3887203
0.2543257 0.2573279 0.2907037 0.315616 0.2940035 0.3412799 0.3635575 0.399007 0.3395322 0.3734518 0.3805095 0.343934 0.4038854 0.4287798 0.4334676 0.4079516 0.4333084 0.3926623 0.3831807 0.3870541 0.4384063 0.4253349 0.4231254 0.4042584 0.4252223
0.2582909 0.2698142 0.3149283 0.2989294 0.3199778 0.3376897 0.3781501 0.3310999 0.3402002 0.3776418 0.3889163 0.3776616 0.3787689 0.3904569 0.4256938 0.4308559 0.3847307 0.4172369 0.4413892 0.4216083 0.4332478 0.4426194 0.4380632 0.4165631 0.4216877
0.2685323 0.2658588 0.307243 0.3221327 0.3515158 0.3432563 0.3768261 0.3531086 0.3574374 0.3627984 0.3785141 0.3742935 0.3908372 0.4098833 0.4130467 0.4405953 0.3950125 0.3800412 0.4014291 0.3924344 0.4092776 0.4262961 0.4372156 0.4031876 0.4485692
0.2958871 0.3203905 0.3334532 0.348614 0.3689093 0.3837601 0.3980777 0.3922569 0.3973134 0.4039454 0.4163606 0.3982024 0.3908249 0.3781077 0.4021738 0.3468485 0.3588127 0.3782838 0.4258038 0.4081999 0.384506 0.3715535 0.4165375 0.4014948 0.4125886
0.3333018 0.3210908 0.3566844 0.3589258 0.3740184 0.3911026 0.3973259 0.4089695 0.4176323 0.465199 0.4287331 0.4381148 0.4019403 0.4196466 0.3944089 0.3687409 0.3871146 0.4039975 0.3850166 0.4054875 0.4165684 0.3909991 0.419612 0.4050821 0.4225006
0.3066275 0.3152156 0.3405795 0.3655687 0.359364 0.3932861 0.3986018 0.4237571 0.4297253 0.4603569 0.4610757 0.4571625 0.4429826 0.4630663 0.4672653 0.4104664 0.3688079 0.3506373 0.3497455 0.4574649 0.4074223 0.383873 0.381118 0.402631 0.3877733
0.3245494 0.3251677 0.3354689 0.3477724 0.3908038 0.3963075 0.4225473 0.4412666 0.44293 0.4439099 0.4897372 0.469973 0.438047 0.4312612 0.4585723 0.4709173 0.4659128 0.352535 0.3746017 0.4415463 0.4479811 0.4104879 0.3891463 0.3996602 0.3680061
0.3633404 0.3660436 0.3398722 0.3677089 0.3705592 0.3653504 0.4270203 0.4351114 0.4747805 0.4574801 0.4710807 0.4662805 0.4074769 0.4119285 0.4490129 0.4649236 0.4271958 0.3777307 0.344116 0.3474376 0.4074574 0.3493672 0.3911749 0.3732463 0.3691244
0.3560104 0.3829116 0.3757924 0.3614064 0.3881391 0.3878568 0.4309876 0.4395969 0.4736153 0.4853947 0.466768 0.4490506 0.4183177 0.4125361 0.442918 0.455715 0.439082 0.3861142 0.4304365 0.3576852 0.3655429 0.3542429 0.3833001 0.3880467 0.3773398
0.3581036 0.4006501 0.3691569 0.4026032 0.42035 0.4185075 0.4180164 0.4139896 0.4631067 0.4648748 0.4613343 0.4530995 0.4440089 0.4681479 0.4277947 0.386393 0.3763318 0.4419442 0.4258385 0.3975825 0.3475807 0.3748841 0.3650988 0.3714674 0.3564844
0.372718 0.3802791 0.3997557 0.4348994 0.4405301 0.4218897 0.4262474 0.4146758 0.4288485 0.4031612 0.4023449 0.4559031 0.4520589 0.415707 0.4044488 0.4116929 0.4129137 0.385976 0.3409109 0.3416607 0.3401054 0.3349738 0.3825264 0.3512838 0.3840705
0.3930004 0.3811085 0.3762581 0.4086135 0.431706 0.4058014 0.4184224 0.4692129 0.4273098 0.4530655 0.4220494 0.4000671 0.4178968 0.4641415 0.4366039 0.3949262 0.439013 0.3990098 0.3587776 0.3477806 0.3164038 0.3371713 0.3607306 0.3441381 0.3621423
0.4157246 0.3864022 0.3892739 0.4244758 0.4253723 0.4029789 0.4236271 0.4905857 0.4344785 0.4480989 0.4610627 0.4036954 0.3593932 0.3743881 0.3849463 0.4248775 0.3620517 0.3483949 0.3398461 0.3317621 0.321676 0.329385 0.3403675 0.3683751 0.3638839
0.3928989 0.4067145 0.4109957 0.4608893 0.4184776 0.3995568 0.4453596 0.4314553 0.4212455 0.3876127 0.4055944 0.4099002 0.3857867 0.3504941 0.3480181 0.3636856 0.3404529 0.3271474 0.3149516 0.318935 0.3076683 0.3124339 0.3380044 0.3452694 0.3542953
0.4085163 0.4059775 0.3962058 0.4162427 0.4108153 0.4120167 0.4286886 0.4086543 0.4013695 0.3975551 0.3877507 0.4155165 0.400419 0.3973151 0.3685834 0.3873978 0.3616298 0.3361059 0.3022853 0.3102591 0.294053 0.2807204 0.3165312 0.328008 0.3726691
0.3894626 0.4053108 0.3974972 0.422981 0.4088483 0.414814 0.4582601 0.4681275 0.430784 0.4490757 0.394681 0.4608732 0.4655918 0.3751628 0.4043705 0.3673404 0.3552379 0.3534036 0.3496276 0.303413 0.3239379 0.3073357 0.3041926 0.3273202 0.382579
0.4252641 0.4225833 0.3950549 0.3905945 0.4161093 0.4233823 0.4228345 0.4668228 0.4615033 0.4545206 0.4551654 0.445362 0.3789145 0.3689061 0.4374089 0.3522929 0.3344498 0.3686854 0.3753648 0.3437215 0.3418767 0.3265924 0.3166937 0.3372064 0.3719815
0.4182938 0.4117417 0.3948944 0.4271349 0.4140308 0.4257775 0.4351754 0.396005 0.4335853 0.4246856 0.4465995 0.4005385 0.3912253 0.4124004 0.3607714 0.3912885 0.3199467 0.3144577 0.3644289 0.3784583 0.2889337 0.2959646 0.3138289 0.3422651 0.3783498
0.4215366 0.4255654 0.4060749 0.4211155 0.4067121 0.4009891 0.4264103 0.433792 0.4263565 0.4259982 0.3882587 0.44515 0.3219765 0.3343168 0.3273113 0.3494591 0.4149061 0.3702075 0.3633227 0.4033161 0.3094248 0.2921464 0.3160762 0.3380898 0.3154696
0.4065992 0.4206759 0.4067262 0.4115789 0.3980486 0.4399102 0.4387925 0.4365209 0.4344579 0.4401908 0.4229808 0.4146682 0.3668128 0.354778 0.3732922 0.3932482 0.4036476 0.4108447 0.3508975 0.3070428 0.2936781 0.2752497 0.3056196 0.3886321 0.3275674
0.4183864 0.4072807 0.399064 0.4243183 0.4089657 0.4118024 0.4341224 0.409766 0.443423 0.4191493 0.4292788 0.4422584 0.4135357 0.394936 0.4252036 0.4167177 0.4073866 0.3623804 0.3660454 0.3045294 0.2933718 0.2766161 0.3130285 0.3411121 0.3452592
0.3871496 0.4201806 0.4091879 0.4181705 0.4020841 0.3827477 0.3971531 0.3947674 0.4327074 0.4063017 0.4244323 0.4351844 0.3835259 0.3865072 0.40727 0.3676157 0.3727892 0.3803209 0.3575269 0.2968396 0.3031542 0.2901489 0.3073456 0.312995 0.2956046
