data/ago/ago_beta.asc
ncols	277
nrows	308
xllcorner	-540299.14387948
yllcorner	7980296.7276279
cellsize	5000.0
NODATA_value	-9999
[rows 160 to 179 of 308, columns 90 to 134 of 277]
0.10485367686839601 0.09591543574488112 0.10574117662754948 0.08975154125355832 0.08746849165158198 0.06421908224087786 0.06927297844694708 0.07077501848079294 0.07493276978396934 0.06342115897323727 0.06873022587428403 0.08733925685453596 0.08346280914698902 0.07501188778597541 0.08870796006662127 0.07537418071321828 0.08278612921555628 0.08341163186640184 0.07096036608892861 0.06549337314055141 0.06349326786055778 0.06490047219590053 0.04644861056060746 0.05232209352544064 0.05747542478131539 0.06042994373916687 0.06629997594106116 0.06077483430725828 0.0685536537373243 0.06970157362919367 0.06512848399420927 0.06225372526419908 0.060186271000020386 0.06643861461942786 0.07062851706276045 0.07855763061767622 0.067854700518828 0.07600207103584096 0.07651186477852669 0.07393949284156547 0.06493592266801523 0.07061131853100007 0.07505367555078465 0.10055586290941734 0.10155504626542397
0.07882508731726583 0.09432608051649144 0.08827499748425291 0.07848752439984295 0.07435738932448534 0.07702537265978451 0.07035112648475096 0.07794610786111053 0.06482756583669881 0.061475923653635446 0.08296310731195651 0.07844363100113237 0.07582995787084491 0.07619624500604358 0.06952411613807213 0.07759542154336387 0.07044837550824591 0.07940354719098497 0.0808680606833548 0.06048112699726728 0.06527417759500935 0.05639437174015137 0.055600877690795844 0.05621118887769695 0.057631083415087395 0.06182343153692559 0.06894703855043295 0.06466709690608613 0.05616190258375381 0.05922334368371394 0.06526746405069178 0.06026639286768279 0.06008998169974684 0.06156636994751564 0.06685061849047784 0.07132497822152813 0.07155754633871683 0.07536532583385494 0.07135555019554012 0.06597486572759638 0.06600765196540223 0.05706372182154181 0.06682227732366816 0.10595149240638722 0.09444313134544262
0.09006993474896313 0.10738596622109572 0.09291964109885462 0.08258933468020144 0.08289708271572421 0.08441931723674574 0.084924360409899 0.0790518380833341 0.06960341996433689 0.07585935566443895 0.07076369425191976 0.07751692034338573 0.07851507124697407 0.07131722569218435 0.077577632072201 0.07398793961501264 0.07091549566877153 0.06155953639123853 0.06342958089101584 0.0668643088171418 0.058496722860249636 0.05973261259313133 0.059679936345895725 0.06520911157202822 0.05502467456747736 0.06057042101160454 0.06240782414914299 0.06566630746877211 0.06282453064945764 0.06823318221072845 0.05649792922656708 0.0571122113718448 0.06565659881370504 0.06596932772266419 0.0708673697509993 0.07088291599600699 0.0657144509901792 0.06593768701470573 0.06601422408104102 0.07247186059699182 0.0652899765405487 0.06409872818447979 0.06798621433821417 0.08450748053607142 0.10213119599095721
0.09158271803642583 0.09247638269258265 0.08956231039492146 0.08638816918555034 0.0953255112873371 0.08849715336405235 0.08386810047972625 0.06956202616701189 0.08324929840387257 0.07946132427569233 0.0742162417771153 0.07484874737655692 0.07998075842621234 0.07361135823065193 0.07167757751514016 0.07698500868559183 0.0702247923671285 0.07197208224564113 0.06919086986777426 0.07005011126362994 0.054609969192399625 0.056207378123452466 0.0649023792957991 0.07313743509671503 0.061613578573042733 0.06112680895413494 0.05951290416643488 0.06732287159968893 0.063602631049682 0.05987641494056385 0.049058284676313305 0.05664758778299746 0.06035112601768088 0.06388026240274282 0.06354268310416032 0.07280204535246841 0.07265699094436727 0.06960408186363604 0.0731432487449124 0.0707620616001241 0.06634454426335672 0.06367114214104437 0.06127119563902777 0.07146351906052528 0.07457352983100558
0.08992902509959032 0.09825934834997012 0.09644835056655067 0.08329257760129678 0.0941012736807739 0.08773915840962185 0.08770390768864353 0.08194447050952054 0.08915630190525031 0.0836472342340315 0.07939545004158116 0.07871878693628605 0.08112415640477431 0.0787835726329073 0.0688593309203619 0.08492867174500496 0.07682518565680357 0.07779330463657126 0.06311867885550644 0.06762310004032522 0.06721960404768781 0.05155855398378728 0.0635189011742334 0.06837135087868552 0.05217236363913132 0.05614720853913719 0.05947444765340359 0.06478387103824228 0.0587852524435326 0.060211592636939995 0.050026810650784 0.05357659313417391 0.05675485824630402 0.06011165871751433 0.06314646269707737 0.06364076815400682 0.06956505899287753 0.06919862947267472 0.07029551446219 0.06754202050857844 0.06509401985303519 0.06872552918442483 0.05845340643838424 0.05143362076643789 0.058235875167811625
0.0940208023490029 0.10062128999727998 0.07981080693829207 0.09411231783189053 0.10206831661175511 0.07744958178929516 0.07249895519751018 0.07814477638812703 0.077738107107412 0.08356110341835092 0.08767027301733431 0.08752024634015713 0.07391224648279336 0.06982400904199074 0.062276184253348375 0.07725348094344667 0.08038700874466972 0.07549348515062042 0.06901688956512288 0.06087794896517457 0.07390526246907485 0.07111443116740565 0.07720168695312989 0.07412218742565409 0.056043184811495186 0.05682645932367456 0.05944916944031458 0.05844914267215017 0.06284786752810533 0.05144797458535194 0.04772945158594189 0.05235156612476819 0.05475419659594416 0.057287115721253355 0.0593194047981516 0.0697149776191575 0.05936915542325761 0.062126666931867525 0.06860592469692703 0.06391638584572631 0.05569775157579136 0.06456893944520391 0.06281942011140507 0.06064632825116133 0.04987687335176431
0.10958632299271245 0.08369410012449228 0.08494030778790604 0.10430727379318529 0.09638450147322924 0.07258897859997636 0.07675970952229375 0.0703054583674768 0.08398456877009151 0.09039431400490935 0.08817102924607151 0.08031759542658959 0.07197609172415355 0.05985794747652419 0.06157561986204926 0.07373777313601639 0.07940855892543738 0.08242833479572102 0.0728495245207879 0.06446142814411022 0.0687945032994961 0.07528792760625938 0.07670399932567531 0.07257365848994389 0.06059706853766054 0.05868549726926813 0.055882593227120365 0.05879486234787328 0.06545165960346076 0.04305242761524784 0.044205093787811525 0.045402727274379794 0.04415645789073698 0.062146481728841726 0.059410504405114285 0.05753607279482185 0.061643930187664786 0.06937422201294838 0.0651905829012971 0.07422668215851216 0.0641788107508145 0.059924821833232285 0.060888110994972364 0.0632500792097975 0.049358611034803976
0.09004572769280018 0.09236797327328189 0.10431397614462712 0.0985154902541832 0.09794737618510665 0.08973135017208189 0.07949248278172825 0.0801527402375318 0.09491318767788663 0.09716278718162004 0.0872256931325857 0.08640788672749086 0.07556728743531914 0.06839469603070364 0.0664302582498106 0.06666181582212319 0.08753591102015418 0.09461968274487512 0.08053086746786572 0.07712209450972014 0.07172821762272942 0.0677906301822621 0.06790315699349452 0.07058252939633804 0.04985189754432942 0.06316859620466166 0.06070789226126139 0.06597835521871555 0.054836126030858176 0.04511055781393333 0.045029022197668925 0.04607587683887833 0.05030726493000739 0.05939754213802125 0.06339024402820204 0.06243172221096283 0.05881782458358422 0.06234120101130915 0.05702333147835324 0.055663580920398976 0.052873326701451846 0.053533031411907524 0.05353890659825865 0.06472054542934504 0.061665510120900706
0.08842506449759402 0.08584035365196392 0.09420414822654509 0.08521983343501588 0.08999564921361461 0.08681935780419857 0.0979421366229565 0.09322466845603268 0.09103683367261266 0.0959737262250177 0.08919135749265507 0.08210300310837883 0.08307820715477855 0.07089468552303518 0.07146616243789304 0.07396509960206492 0.08187533549023411 0.07753133021097147 0.07632955051094202 0.07549257163852496 0.0765655004314716 0.0666447639507926 0.06813940046646828 0.0700251263142573 0.048325535000901726 0.054550239337758426 0.0588712796611024 0.06441112015769371 0.056770351723470065 0.047190638138001645 0.048162345332663975 0.049418873487140406 0.04650869300078628 0.05760239958522024 0.062362917968129185 0.0673976581046909 0.058175100510173224 0.05899610987677804 0.053756419202380425 0.054201910305307896 0.05576401972939045 0.05537979385490212 0.055317063658786414 0.060795876892663754 0.06392220081844485
0.09130577519487423 0.08945400239405617 0.08672205328426703 0.08126598411422033 0.08303422452659046 0.09957180209106936 0.09037138029779075 0.0847977419295411 0.10081278396562054 0.10111869344935144 0.08696932549582084 0.08487134606659116 0.07691034838727953 0.07260531036204557 0.07752745641495978 0.08141547247822435 0.0814610572829507 0.07447670299130617 0.07920418734647505 0.07635685127927985 0.07835632297608673 0.08338512162468371 0.07544795714258225 0.07133912892510437 0.05379760593134076 0.05030144188294028 0.05467838848759331 0.06061304133846072 0.051326160446919566 0.04550278541245139 0.049203089372610184 0.05380258698627818 0.06087239899181618 0.04818544753551188 0.049980237789580474 0.062044740481574226 0.05271975116959379 0.059922767170700386 0.052784655812126005 0.04802000648989049 0.04860541881476896 0.04956502355158573 0.05260338042912387 0.053910660262529844 0.05830863955949523
0.09711422758682371 0.092127342626692 0.09598915450410317 0.09157643664364133 0.08151639971762721 0.0886565946619073 0.09204781016851532 0.09356141709623035 0.0911889155049302 0.09696624712666123 0.08913903186167758 0.0816290207521275 0.08938038750974818 0.07626096450459291 0.07675416285706356 0.06657876899041124 0.07327049900341216 0.0763567308171861 0.07560126045560102 0.0817065826609541 0.07846270215295378 0.0676143824159063 0.06796020928610673 0.06969408209601864 0.05570441483110397 0.04690047924220477 0.0451654022611819 0.054405039600072085 0.04796550965790673 0.05362087998045789 0.057610770330605125 0.061730881720423854 0.04446276551110624 0.04768621830737516 0.055882689031922984 0.05252601404199444 0.05534349871323339 0.05752560041816461 0.058601351191342695 0.047304026345461735 0.04512837667622442 0.048226256649257254 0.050367388339261396 0.05036390444143375 0.05849525399256671
0.09171851721196222 0.08909300187991687 0.0822281121040338 0.07655785561470145 0.08613088778652721 0.08847508619745517 0.07735880045993687 0.08009091010076276 0.10053076443008398 0.08759391625298246 0.08592462239017552 0.08768395401509517 0.0889419949948852 0.0842859491769035 0.08584028224194064 0.08482990243292794 0.08916770289617942 0.08097256249417872 0.07873354940882774 0.06563274816725494 0.06817511266563156 0.06935307240566597 0.06893780629728716 0.06504045134360276 0.054393825138773326 0.05617301389470096 0.0511463192086996 0.049223504328954754 0.04369976400360322 0.05575116529534042 0.06230667961445659 0.0542482056173609 0.04932275228202924 0.05232292032389724 0.05131896553772114 0.04620966853960534 0.055960414554456106 0.052172038539534615 0.05425726571119581 0.04948292414183715 0.044783261304513454 0.05325414294023758 0.05492510726931562 0.0550878699317406 0.047514955587015795
0.0958504565061671 0.09305759526306885 0.08520200773916695 0.09351654882806246 0.090850006170247 0.08349496694547551 0.07598263236444765 0.07865242860499595 0.08931685278917498 0.10294406961880395 0.08926369703658138 0.09176445281823864 0.08886168771576389 0.08656179441364482 0.070275856795253 0.0716881404595578 0.08756738185562378 0.08071677725741595 0.07193590810064368 0.06909537430241122 0.0729130711469846 0.06485752515453129 0.0600604859461856 0.05539978997145841 0.04666014617330416 0.052880563918739965 0.04593389503552502 0.047362171230671705 0.04544545385330604 0.05320228729319315 0.056143348342797654 0.061499779773798176 0.0549488507092136 0.06108192101122984 0.054822089319041374 0.047820734973666464 0.051839114855143 0.049043506025921835 0.052665033653115464 0.060887241761618895 0.05625908669179974 0.058019739071140664 0.05226567404703857 0.046109145304594076 0.05433726937077436
0.10670671150995238 0.10063129475590357 0.1039372122874245 0.10171568660432122 0.09660934890509212 0.07997776994468798 0.07965708272513469 0.07968989346772352 0.08815690931858033 0.1040202067762827 0.10405363928673596 0.10026449032959084 0.0904175562569107 0.09268541163275623 0.08300636107000932 0.07801037798244098 0.06566089945326122 0.06879759998977161 0.06449893089041062 0.0718496660758913 0.07059841977045231 0.07119654752949167 0.06302508020746093 0.059015334760575744 0.0532092963139062 0.04996920182045676 0.043668402678294034 0.041530175130228525 0.053188053140389165 0.05339092833374746 0.05114549513253341 0.048120041769518736 0.05448723040274563 0.05757573428515154 0.04314835192070724 0.0479182393785938 0.048175848752414215 0.0500011437175721 0.05374539697335079 0.05976718869701681 0.061041370655734735 0.057216421980309316 0.04142662197185474 0.051070936400538 0.052928959675866895
0.08937397885009235 0.08840847550817528 0.0879582152475242 0.0807427954917535 0.08693816560393486 0.07343974364067937 0.07757301321130369 0.09389769427454807 0.07753664280208604 0.08556990012136775 0.09840144520000271 0.09984507973165051 0.0975343522222098 0.07992787658533272 0.0755523774622332 0.0748082392838643 0.08091655054745849 0.0705666080210947 0.07062000010611617 0.07098364519457624 0.07158073739513778 0.08496860101703217 0.06481653472803625 0.06558176555310873 0.059574000209491884 0.04385462437526714 0.0441400968517182 0.045621518757736984 0.04707078881370825 0.05513804995939571 0.051107664755372255 0.04863849946824266 0.05339786530604331 0.053937099477723724 0.04359716118551694 0.05355934723324841 0.0477456675519218 0.050623214585730554 0.05780913073692671 0.05968958141231826 0.05651938494984751 0.04237802553103419 0.050761583704891027 0.05549446989183492 0.05381395062329595
0.08357962364682085 0.10523410820780989 0.10131337775630618 0.09927825255802324 0.09036098933186106 0.08807614003553556 0.09220643669157368 0.08315991542037926 0.09449767943732673 0.09965642295358017 0.1076927082963177 0.09560198080912513 0.08886321648642663 0.07235226549282261 0.07513480959842861 0.0839852836730573 0.07355878275189759 0.06902450751637519 0.06676719413216058 0.08023967445746971 0.07712478302381418 0.08025438715620072 0.06960000159245763 0.06708187549927161 0.0506224560795586 0.04709209459942935 0.03846037814527316 0.044118805916258864 0.052070929007140304 0.0560403499008079 0.052913251102614384 0.05493674693387878 0.05125184641473765 0.04330948456865054 0.04342060186832942 0.054944766467348014 0.0583604413023054 0.055838691582967136 0.061494165597351776 0.062258911900486665 0.045386091165031096 0.05444887714396616 0.06315298211446722 0.06060241007340569 0.06777653550987765
0.09122377900678168 0.08479205440284257 0.08127589284403526 0.08613533851598859 0.07678692078612387 0.08829501860308135 0.07713979547716651 0.08647801073548972 0.0851181678036982 0.09118132329535315 0.09923788566699443 0.09494874825779437 0.083072561190134 0.07519332874850591 0.08430353206316694 0.06812583423903495 0.07248133850877332 0.07823244086481028 0.08605733216202328 0.08216242501295215 0.07279427982004452 0.07546732573150523 0.07562695876780655 0.0518601449671239 0.04490328628368314 0.04960771983647357 0.04692636094531032 0.04639715219610092 0.05268841591304244 0.058424052565734595 0.056540558584082426 0.054425201979260526 0.048923533186752764 0.04381062506521779 0.04822577682066789 0.04993449881417969 0.052424976172860224 0.055291778454707514 0.05976205949486139 0.0519597227439005 0.044979576594658614 0.05615605340591743 0.06069122431198629 0.0629508222549486 0.06601432492739347
0.08578757316740815 0.07978189354180312 0.0889178475002721 0.08932715006128385 0.08468381799253927 0.07185084100106141 0.07478793652257146 0.08836928756247786 0.08000247973589372 0.09734297490146065 0.09946996169272865 0.08911154693931657 0.0913166561598049 0.08529157690090308 0.07694958048700767 0.07258552695694168 0.06576952477020404 0.07554269812303199 0.0804856415317717 0.06316724648979902 0.06784784940842914 0.07954635481753215 0.07438857530885983 0.052828784959705534 0.05803472130976392 0.049628758783847926 0.04642015158469857 0.05184641878953179 0.05787627648672009 0.050147404390163505 0.05434936457449474 0.06398939958703191 0.051060586030480935 0.04485287749743897 0.049923739530287274 0.05484754994506086 0.06067395270896089 0.06040712438948616 0.05813819592522864 0.05425263847643989 0.05158015675546113 0.0620895487221583 0.06250568371628419 0.05767011598181924 0.06365093563348274
0.08758298802089448 0.08886624764169127 0.09122980989677043 0.10577890079167808 0.09882432408395787 0.09532053514107415 0.08875226290759398 0.0956277184940751 0.08727676729878388 0.08305530002606144 0.09161347540763477 0.09139711871517278 0.0958976359406378 0.08262989159607596 0.08007043929117205 0.08546304324908974 0.08114557146609361 0.07319991843036044 0.059211490074769564 0.058322555377166053 0.07178544213433401 0.07546466185900029 0.05197031600864352 0.05795907332605265 0.0609281700531426 0.04494411869594897 0.050627644369489584 0.04843294690402358 0.05127676733458178 0.049984467915522586 0.056827266687206036 0.06510338373192139 0.04821862484286902 0.047385822247004536 0.0498492398891109 0.060602570388332305 0.05417034523321282 0.049807605152793255 0.05754811024245696 0.05126375918067442 0.058190467919638104 0.06094480630183786 0.06852254129886692 0.06456081365836766 0.062155444571409355
0.10365284333977633 0.10698475098672706 0.08766218595539284 0.07808882325580616 0.0994896469780622 0.09368990162281493 0.09923730087900423 0.09890042958040346 0.10323099425326915 0.08818994125859352 0.08417202490511132 0.09326575396340712 0.0775017764147195 0.08134456683239828 0.07537387652265247 0.06975520531454228 0.0639058583862455 0.07931383804735638 0.060234488294621524 0.057455706765216684 0.06122696582192258 0.059665728218126046 0.05646900224679824 0.06329812267315942 0.06367158787110995 0.05089842247220945 0.05809559759922997 0.05445077043269881 0.051213176633643095 0.03861015550415446 0.0550195910338135 0.05291596953829756 0.05187477997037019 0.048596041383944244 0.04878199732864278 0.06561777226126454 0.060844365203303524 0.05574538732221933 0.06041276506400333 0.05967069118361753 0.06570974566303792 0.06413918586452008 0.05915470703178235 0.06541558217648742 0.0677246328384898
