data/ago/ago_initialpopulation.asc
ncols         277
nrows         308
xllcorner     -540299.14387948
yllcorner     7980296.7276279
cellsize      5000
NODATA_value  -9999
[rows 84 to 125 of 308, columns 0 to 93 of 277]
-9999 -9999 -9999 -9999 -9999 -9999 -9999 -9999 -9999 -9999 -9999 -9999 -9999 -9999 -9999 -9999 -9999 -9999 -9999 -9999 -9999 -9999 -9999 -9999 -9999 -9999 -9999 -9999 -9999 -9999 -9999 -9999 -9999 -9999 -9999 -9999 23 40 55 56 57 45 33 18 21 25 24 23 31 34 28 30 48 73 82 128 125 140 106 168 149 123 156 145 305 159 182 129 62 53 66 37 50 82 214 76 38 23 29 52 64 106 139 199 116 126 145 209 186 122 71 83 49 106
-9999 -9999 -9999 -9999 -9999 -9999 -9999 -9999 -9999 -9999 -9999 -9999 -9999 -9999 -9999 -9999 -9999 -9999 -9999 -9999 -9999 -9999 -9999 -9999 -9999 -9999 -9999 -9999 -9999 -9999 -9999 -9999 -9999 -9999 -9999 -9999 -9999 48 77 93 101 92 39 21 20 23 24 26 25 27 28 39 49 71 92 257 301 181 61 86 166 284 345 180 141 73 59 53 40 71 127 51 65 91 66 50 26 20 23 40 108 146 121 549 574 172 251 232 126 64 66 58 47 73
-9999 -9999 -9999 -9999 -9999 -9999 -9999 -9999 -9999 -9999 -9999 -9999 -9999 -9999 -9999 -9999 -9999 -9999 -9999 -9999 -9999 -9999 -9999 -9999 -9999 -9999 -9999 -9999 -9999 -9999 -9999 -9999 -9999 -9999 -9999 -9999 -9999 95 141 281 222 84 41 21 17 21 23 24 30 39 48 50 58 72 184 207 254 109 65 52 100 134 202 233 167 110 61 54 42 145 88 71 166 116 50 113 63 31 19 25 69 117 142 924 667 173 149 97 79 58 58 62 45 48
-9999 -9999 -9999 -9999 -9999 -9999 -9999 -9999 -9999 -9999 -9999 -9999 -9999 -9999 -9999 -9999 -9999 -9999 -9999 -9999 -9999 -9999 -9999 -9999 -9999 -9999 -9999 -9999 -9999 -9999 -9999 -9999 -9999 -9999 -9999 -9999 -9999 -9999 138 207 167 99 41 30 21 21 28 38 54 74 72 69 131 305 765 231 144 103 62 74 122 120 142 88 90 204 75 47 30 69 92 225 227 83 31 49 33 23 22 36 72 133 377 418 327 148 121 171 104 81 57 105 54 54
-9999 -9999 -9999 -9999 -9999 -9999 -9999 -9999 -9999 -9999 -9999 -9999 -9999 -9999 -9999 -9999 -9999 -9999 -9999 -9999 -9999 -9999 -9999 -9999 -9999 -9999 -9999 -9999 -9999 -9999 -9999 -9999 -9999 -9999 -9999 -9999 -9999 -9999 130 116 97 145 110 69 25 23 46 55 105 126 129 134 223 281 203 132 100 79 54 73 118 115 161 112 68 174 190 61 46 76 206 395 110 115 47 40 29 33 33 49 58 208 268 250 166 212 145 198 59 57 91 73 64 62
-9999 -9999 -9999 -9999 -9999 -9999 -9999 -9999 -9999 -9999 -9999 -9999 -9999 -9999 -9999 -9999 -9999 -9999 -9999 -9999 -9999 -9999 -9999 -9999 -9999 -9999 -9999 -9999 -9999 -9999 -9999 -9999 -9999 -9999 -9999 -9999 -9999 -9999 -9999 242 146 231 149 100 58 34 53 80 199 245 229 98 114 74 39 41 73 60 59 61 83 92 74 78 80 142 126 88 67 186 257 203 113 191 81 81 61 77 64 41 116 190 154 292 168 159 112 103 129 105 74 121 62 80
-9999 -9999 -9999 -9999 -9999 -9999 -9999 -9999 -9999 -9999 -9999 -9999 -9999 -9999 -9999 -9999 -9999 -9999 -9999 -9999 -9999 -9999 -9999 -9999 -9999 -9999 -9999 -9999 -9999 -9999 -9999 -9999 -9999 -9999 -9999 -9999 -9999 -9999 -9999 -9999 308 530 426 155 83 51 62 124 176 133 60 47 54 42 25 23 30 47 63 60 65 83 74 91 99 117 182 172 114 132 126 92 148 108 75 111 93 80 139 104 90 204 329 287 135 280 167 123 211 101 80 103 126 100
-9999 -9999 -9999 -9999 -9999 -9999 -9999 -9999 -9999 -9999 -9999 -9999 -9999 -9999 -9999 -9999 -9999 -9999 -9999 -9999 -9999 -9999 -9999 -9999 -9999 -9999 -9999 -9999 -9999 -9999 -9999 -9999 -9999 -9999 -9999 -9999 -9999 -9999 -9999 -9999 840 723 466 330 189 79 95 223 132 75 48 30 26 23 20 21 22 58 59 80 77 102 96 103 106 238 404 313 204 202 175 208 132 104 148 97 137 110 152 147 277 250 379 466 215 203 248 195 169 240 183 103 97 99
-9999 -9999 -9999 -9999 -9999 -9999 -9999 -9999 -9999 -9999 -9999 -9999 -9999 -9999 -9999 -9999 -9999 -9999 -9999 -9999 -9999 -9999 -9999 -9999 -9999 -9999 -9999 -9999 -9999 -9999 -9999 -9999 -9999 -9999 -9999 -9999 -9999 -9999 -9999 -9999 519 274 183 153 166 154 129 201 128 70 53 40 38 43 40 24 22 45 55 86 92 90 105 107 174 350 448 386 223 304 294 324 121 99 311 111 35 54 47 44 127 520 275 163 217 128 184 147 362 250 196 68 102 79
-9999 -9999 -9999 -9999 -9999 -9999 -9999 -9999 -9999 -9999 -9999 -9999 -9999 -9999 -9999 -9999 -9999 -9999 -9999 -9999 -9999 -9999 -9999 -9999 -9999 -9999 -9999 -9999 -9999 -9999 -9999 -9999 -9999 -9999 -9999 -9999 -9999 -9999 -9999 787 653 272 218 148 128 494 1173 549 153 110 97 90 81 87 73 51 37 34 42 64 97 108 129 197 310 342 633 395 264 247 292 297 110 138 339 219 45 60 29 19 31 520 717 258 270 103 77 104 103 86 222 91 46 49
-9999 -9999 -9999 -9999 -9999 -9999 -9999 -9999 -9999 -9999 -9999 -9999 -9999 -9999 -9999 -9999 -9999 -9999 -9999 -9999 -9999 -9999 -9999 -9999 -9999 -9999 -9999 -9999 -9999 -9999 -9999 -9999 -9999 -9999 -9999 -9999 -9999 -9999 -9999 653 1808 626 452 445 476 1780 5685 2379 752 245 195 259 134 120 74 49 46 39 35 46 126 154 144 176 125 246 228 184 185 153 161 145 98 95 268 134 91 57 28 33 51 348 224 171 124 122 82 61 95 52 79 124 49 66
-9999 -9999 -9999 -9999 -9999 -9999 -9999 -9999 -9999 -9999 -9999 -9999 -9999 -9999 -9999 -9999 -9999 -9999 -9999 -9999 -9999 -9999 -9999 -9999 -9999 -9999 -9999 -9999 -9999 -9999 -9999 -9999 -9999 -9999 -9999 -9999 -9999 -9999 -9999 -9999 2195 1272 1314 3574 5219 7138 6651 1350 211 175 176 257 267 203 69 76 58 56 76 59 60 123 108 68 85 133 81 105 164 163 150 122 54 76 193 71 81 100 100 52 89 42 26 116 88 136 68 129 70 64 68 190 68 52
-9999 -9999 -9999 -9999 -9999 -9999 -9999 -9999 -9999 -9999 -9999 -9999 -9999 -9999 -9999 -9999 -9999 -9999 -9999 -9999 -9999 -9999 -9999 -9999 -9999 -9999 -9999 -9999 -9999 -9999 -9999 -9999 -9999 -9999 -9999 -9999 -9999 -9999 -9999 -9999 2167 1603 3959 3300 2509 1542 480 265 184 110 73 108 210 213 148 125 81 105 65 51 26 69 131 85 88 93 81 57 53 149 114 177 146 83 67 33 37 44 153 104 55 32 20 67 179 120 80 111 130 86 46 56 124 64
-9999 -9999 -9999 -9999 -9999 -9999 -9999 -9999 -9999 -9999 -9999 -9999 -9999 -9999 -9999 -9999 -9999 -9999 -9999 -9999 -9999 -9999 -9999 -9999 -9999 -9999 -9999 -9999 -9999 -9999 -9999 -9999 -9999 -9999 -9999 -9999 -9999 -9999 -9999 -9999 10384 49419 24961 4657 466 185 157 126 105 85 52 49 68 82 68 40 48 58 38 26 22 27 92 164 103 80 87 58 73 120 135 190 182 66 38 28 50 55 148 175 90 62 77 175 205 183 91 75 59 73 54 31 70 114
-9999 -9999 -9999 -9999 -9999 -9999 -9999 -9999 -9999 -9999 -9999 -9999 -9999 -9999 -9999 -9999 -9999 -9999 -9999 -9999 -9999 -9999 -9999 -9999 -9999 -9999 -9999 -9999 -9999 -9999 -9999 -9999 -9999 -9999 -9999 -9999 -9999 -9999 -9999 -9999 29868 50868 15645 5021 333 127 87 65 52 50 41 35 38 43 38 40 35 27 23 20 18 18 61 106 72 57 67 58 70 77 112 118 74 49 21 32 41 52 130 222 121 63 42 77 512 333 77 51 41 41 37 29 40 116
-9999 -9999 -9999 -9999 -9999 -9999 -9999 -9999 -9999 -9999 -9999 -9999 -9999 -9999 -9999 -9999 -9999 -9999 -9999 -9999 -9999 -9999 -9999 -9999 -9999 -9999 -9999 -9999 -9999 -9999 -9999 -9999 -9999 -9999 -9999 -9999 -9999 -9999 -9999 -9999 118747 67179 14681 5979 1569 270 120 73 58 39 40 31 30 36 30 30 29 19 17 16 15 30 63 65 80 61 58 50 54 81 60 59 58 32 24 35 50 51 74 51 90 28 31 44 190 193 57 68 47 50 57 33 40 125
-9999 -9999 -9999 -9999 -9999 -9999 -9999 -9999 -9999 -9999 -9999 -9999 -9999 -9999 -9999 -9999 -9999 -9999 -9999 -9999 -9999 -9999 -9999 -9999 -9999 -9999 -9999 -9999 -9999 -9999 -9999 -9999 -9999 -9999 -9999 -9999 311186 629828 563433 128945 94424 40834 41884 17014 7471 1022 315 102 65 44 45 40 30 24 21 25 20 18 17 16 23 53 56 65 87 65 63 54 44 41 33 37 29 27 31 33 55 69 56 42 52 21 34 50 92 64 54 70 32 46 97 45 62 84
-9999 -9999 -9999 -9999 -9999 -9999 -9999 -9999 -9999 -9999 -9999 -9999 -9999 -9999 -9999 -9999 -9999 -9999 -9999 -9999 -9999 -9999 -9999 -9999 -9999 -9999 -9999 -9999 -9999 -9999 -9999 -9999 -9999 -9999 -9999 11505 481082 661813 440120 175834 93483 41570 30169 33240 24021 4115 347 127 73 76 55 41 28 26 27 19 19 21 17 17 16 23 54 56 58 37 22 25 25 49 37 23 23 25 23 28 31 71 83 37 27 31 61 56 56 29 45 34 24 63 61 144 144 223
-9999 -9999 -9999 -9999 -9999 -9999 -9999 -9999 -9999 -9999 -9999 -9999 -9999 -9999 -9999 -9999 -9999 -9999 -9999 -9999 -9999 -9999 -9999 -9999 -9999 -9999 -9999 -9999 -9999 -9999 -9999 -9999 -9999 -9999 18651 151097 405361 294982 156966 233650 174784 80684 69889 9698 2532 1098 1804 242 134 93 86 60 31 26 21 22 17 16 15 14 14 15 21 40 32 32 32 27 34 89 53 33 26 35 50 65 42 49 33 30 20 37 69 140 81 27 40 34 28 37 113 108 102 244
-9999 -9999 -9999 -9999 -9999 -9999 -9999 -9999 -9999 -9999 -9999 -9999 -9999 -9999 -9999 -9999 -9999 -9999 -9999 -9999 -9999 -9999 -9999 -9999 -9999 -9999 -9999 -9999 -9999 -9999 -9999 -9999 -9999 21769 21441 129214 236094 108182 87631 155929 136981 105916 50038 5347 1800 2763 2623 401 239 232 75 69 10 16 6 20 22 16 16 13 13 14 20 26 27 30 46 42 76 104 61 43 34 32 73 91 82 36 33 31 48 74 117 49 55 48 55 43 49 30 49 69 209 161
-9999 -9999 -9999 -9999 -9999 -9999 -9999 -9999 -9999 -9999 -9999 -9999 -9999 -9999 -9999 -9999 -9999 -9999 -9999 -9999 -9999 -9999 -9999 -9999 -9999 -9999 -9999 -9999 -9999 -9999 -9999 -9999 7988 21657 79574 103151 71101 63934 56491 94690 104463 66102 33138 3072 1529 1926 2399 725 264 182 107 87 41 21 43 44 38 18 17 14 14 15 23 29 40 37 46 62 85 180 104 53 68 40 56 85 36 31 29 47 52 82 88 37 41 34 39 44 38 65 69 154 177 164
-9999 -9999 -9999 -9999 -9999 -9999 -9999 -9999 -9999 -9999 -9999 -9999 -9999 -9999 -9999 -9999 -9999 -9999 -9999 -9999 -9999 -9999 -9999 -9999 -9999 -9999 -9999 -9999 -9999 -9999 -9999 -9999 3285 45608 38516 22752 27609 23700 22889 22121 70314 29234 4419 2810 4001 1624 1803 2245 472 144 107 88 75 62 38 40 40 25 16 15 17 17 28 37 50 49 47 69 87 265 120 128 94 139 65 47 58 32 37 41 50 94 87 35 32 31 50 37 27 52 101 132 211 211
-9999 -9999 -9999 -9999 -9999 -9999 -9999 -9999 -9999 -9999 -9999 -9999 -9999 -9999 -9999 -9999 -9999 -9999 -9999 -9999 -9999 -9999 -9999 -9999 -9999 -9999 -9999 -9999 -9999 -9999 -9999 6479 23907 17080 12160 10340 7558 6824 10803 16944 47428 30152 2085 1422 2416 3058 2936 2590 283 168 136 123 113 82 64 38 37 30 22 22 28 26 32 56 57 58 48 58 107 233 487 331 212 113 153 93 91 73 41 50 66 85 33 30 29 30 32 36 28 37 95 71 139 159
-9999 -9999 -9999 -9999 -9999 -9999 -9999 -9999 -9999 -9999 -9999 -9999 -9999 -9999 -9999 -9999 -9999 -9999 -9999 -9999 -9999 -9999 -9999 -9999 -9999 -9999 -9999 -9999 -9999 -9999 -9999 -9999 12098 3340 2454 2977 3531 6891 10369 13097 21195 21521 2465 1965 2707 2335 3751 2437 507 762 442 251 180 102 78 63 61 60 40 33 47 35 45 61 66 80 90 155 463 209 1180 981 295 157 370 444 354 222 88 84 85 64 73 62 53 58 76 72 48 115 130 109 175 131
-9999 -9999 -9999 -9999 -9999 -9999 -9999 -9999 -9999 -9999 -9999 -9999 -9999 -9999 -9999 -9999 -9999 -9999 -9999 -9999 -9999 -9999 -9999 -9999 -9999 -9999 -9999 -9999 -9999 -9999 -9999 -9999 6719 2646 1156 1750 3651 4789 1280 8466 11331 7047 2553 2139 2370 505 1300 480 222 496 806 214 157 131 97 88 96 149 104 86 80 90 77 90 107 75 282 434 513 202 131 107 211 276 182 771 554 526 92 61 119 208 87 85 83 81 63 69 47 76 63 136 199 173
-9999 -9999 -9999 -9999 -9999 -9999 -9999 -9999 -9999 -9999 -9999 -9999 -9999 -9999 -9999 -9999 -9999 -9999 -9999 -9999 -9999 -9999 -9999 -9999 -9999 -9999 -9999 -9999 -9999 -9999 -9999 -9999 -9999 2439 1576 2372 1755 227 156 131 150 149 143 135 114 119 533 643 368 210 210 133 97 90 136 161 185 244 223 225 72 69 53 129 122 120 211 227 728 489 372 702 682 1121 713 880 1254 498 128 187 287 1424 206 210 143 94 78 51 35 37 73 152 161 272
-9999 -9999 -9999 -9999 -9999 -9999 -9999 -9999 -9999 -9999 -9999 -9999 -9999 -9999 -9999 -9999 -9999 -9999 -9999 -9999 -9999 -9999 -9999 -9999 -9999 -9999 -9999 -9999 -9999 -9999 -9999 -9999 -9999 -9999 3364 2862 1030 129 91 74 72 81 75 63 49 43 97 326 864 264 206 117 69 64 87 134 194 168 215 139 112 40 53 114 108 114 150 164 322 221 312 694 1694 6247 10617 1789 2597 1364 288 280 395 1736 336 172 94 122 62 62 37 31 39 80 117 205
-9999 -9999 -9999 -9999 -9999 -9999 -9999 -9999 -9999 -9999 -9999 -9999 -9999 -9999 -9999 -9999 -9999 -9999 -9999 -9999 -9999 -9999 -9999 -9999 -9999 -9999 -9999 -9999 -9999 -9999 -9999 -9999 -9999 -9999 -9999 6330 489 134 78 54 43 41 49 49 55 44 72 157 325 150 149 126 51 57 72 88 85 80 123 166 112 43 32 85 86 91 94 107 121 143 291 1100 1108 4938 5292 954 562 424 128 99 148 169 150 155 145 144 177 95 65 117 73 52 113 179
-9999 -9999 -9999 -9999 -9999 -9999 -9999 -9999 -9999 -9999 -9999 -9999 -9999 -9999 -9999 -9999 -9999 -9999 -9999 -9999 -9999 -9999 -9999 -9999 -9999 -9999 -9999 -9999 -9999 -9999 -9999 -9999 -9999 -9999 -9999 4452 412 142 77 42 31 29 33 55 61 39 48 75 87 62 76 107 72 54 54 62 71 58 52 81 74 51 34 118 112 106 93 110 218 220 306 447 484 491 490 283 300 304 235 85 98 89 86 72 66 103 255 198 153 312 246 142 537 296
-9999 -9999 -9999 -9999 -9999 -9999 -9999 -9999 -9999 -9999 -9999 -9999 -9999 -9999 -9999 -9999 -9999 -9999 -9999 -9999 -9999 -9999 -9999 -9999 -9999 -9999 -9999 -9999 -9999 -9999 -9999 -9999 -9999 -9999 -9999 -9999 217 91 57 38 27 22 27 49 51 38 38 37 44 47 48 72 102 176 70 42 47 43 40 57 118 70 107 274 148 140 149 176 179 287 917 447 242 207 260 246 230 224 239 184 65 48 49 36 38 44 56 82 69 209 167 615 2452 357
-9999 -9999 -9999 -9999 -9999 -9999 -9999 -9999 -9999 -9999 -9999 -9999 -9999 -9999 -9999 -9999 -9999 -9999 -9999 -9999 -9999 -9999 -9999 -9999 -9999 -9999 -9999 -9999 -9999 -9999 -9999 -9999 -9999 -9999 -9999 -9999 160 84 79 35 19 16 23 25 31 42 35 28 24 27 50 59 152 196 116 69 49 46 45 52 103 144 204 202 68 49 59 66 81 158 198 98 66 48 30 34 74 122 110 140 56 32 31 28 29 37 46 65 44 56 58 125 283 114
-9999 -9999 -9999 -9999 -9999 -9999 -9999 -9999 -9999 -9999 -9999 -9999 -9999 -9999 -9999 -9999 -9999 -9999 -9999 -9999 -9999 -9999 -9999 -9999 -9999 -9999 -9999 -9999 -9999 -9999 -9999 -9999 -9999 -9999 -9999 -9999 202 100 83 34 27 27 26 47 30 42 49 35 22 24 43 80 132 225 179 125 67 26 66 72 92 299 533 179 74 51 56 61 110 153 62 62 40 33 32 27 28 23 33 46 33 35 32 39 33 63 59 53 37 42 38 55 67 56
-9999 -9999 -9999 -9999 -9999 -9999 -9999 -9999 -9999 -9999 -9999 -9999 -9999 -9999 -9999 -9999 -9999 -9999 -9999 -9999 -9999 -9999 -9999 -9999 -9999 -9999 -9999 -9999 -9999 -9999 -9999 -9999 -9999 -9999 -9999 -9999 274 216 67 40 34 31 24 35 49 33 49 42 31 33 38 79 133 181 145 100 51 63 59 83 131 258 502 205 75 52 81 85 135 64 51 51 54 58 48 44 34 33 31 35 46 48 41 44 34 45 49 47 43 44 49 153 269 91
-9999 -9999 -9999 -9999 -9999 -9999 -9999 -9999 -9999 -9999 -9999 -9999 -9999 -9999 -9999 -9999 -9999 -9999 -9999 -9999 -9999 -9999 -9999 -9999 -9999 -9999 -9999 -9999 -9999 -9999 -9999 -9999 -9999 -9999 -9999 -9999 499 235 89 50 37 37 33 44 102 47 48 51 38 30 37 57 72 78 109 113 45 85 71 98 104 147 293 223 120 122 166 110 60 72 62 62 63 71 73 65 63 76 51 38 63 70 70 38 40 50 48 55 89 111 199 224 116 90
-9999 -9999 -9999 -9999 -9999 -9999 -9999 -9999 -9999 -9999 -9999 -9999 -9999 -9999 -9999 -9999 -9999 -9999 -9999 -9999 -9999 -9999 -9999 -9999 -9999 -9999 -9999 -9999 -9999 -9999 -9999 -9999 -9999 -9999 -9999 -9999 -9999 369 188 86 42 43 34 29 41 40 41 35 36 33 37 38 36 40 63 113 43 61 103 95 118 173 373 1638 553 291 117 89 70 75 74 87 176 115 97 78 91 93 73 108 113 96 77 59 72 61 65 216 190 155 91 132 89 81
-9999 -9999 -9999 -9999 -9999 -9999 -9999 -9999 -9999 -9999 -9999 -9999 -9999 -9999 -9999 -9999 -9999 -9999 -9999 -9999 -9999 -9999 -9999 -9999 -9999 -9999 -9999 -9999 -9999 -9999 -9999 -9999 -9999 -9999 -9999 -9999 -9999 1157 346 108 48 36 38 27 31 31 30 22 30 30 29 25 19 20 27 33 30 40 42 54 105 155 1132 4728 3352 741 204 130 198 254 189 194 151 91 73 97 138 137 350 405 427 235 123 136 171 93 93 168 103 66 49 74 68 53
-9999 -9999 -9999 -9999 -9999 -9999 -9999 -9999 -9999 -9999 -9999 -9999 -9999 -9999 -9999 -9999 -9999 -9999 -9999 -9999 -9999 -9999 -9999 -9999 -9999 -9999 -9999 -9999 -9999 -9999 -9999 -9999 -9999 -9999 -9999 -9999 437 554 113 88 47 42 33 26 24 22 18 22 37 30 26 25 22 19 15 18 19 24 27 35 61 93 186 470 1384 1382 159 79 107 149 144 256 309 176 148 102 109 279 973 1162 226 133 109 102 157 352 533 84 57 55 47 48 55 19
-9999 -9999 -9999 -9999 -9999 -9999 -9999 -9999 -9999 -9999 -9999 -9999 -9999 -9999 -9999 -9999 -9999 -9999 -9999 -9999 -9999 -9999 -9999 -9999 -9999 -9999 -9999 -9999 -9999 -9999 -9999 -9999 -9999 -9999 -9999 -9999 -9999 152 107 51 55 36 30 22 18 13 14 17 28 21 17 17 13 14 13 13 15 11 16 22 29 43 69 83 546 838 213 181 142 199 223 274 224 180 151 143 106 176 199 354 162 80 126 78 81 406 915 41 60 50 53 44 48 40
-9999 -9999 -9999 -9999 -9999 -9999 -9999 -9999 -9999 -9999 -9999 -9999 -9999 -9999 -9999 -9999 -9999 -9999 -9999 -9999 -9999 -9999 -9999 -9999 -9999 -9999 -9999 -9999 -9999 -9999 -9999 -9999 -9999 -9999 -9999 -9999 -9999 -9999 166 70 57 37 27 16 10 9 13 13 14 13 10 10 10 11 13 13 12 10 12 18 21 21 30 33 64 107 126 266 186 179 185 235 320 411 138 112 122 105 59 115 104 96 188 132 133 162 186 131 87 71 72 68 61 56
-9999 -9999 -9999 -9999 -9999 -9999 -9999 -9999 -9999 -9999 -9999 -9999 -9999 -9999 -9999 -9999 -9999 -9999 -9999 -9999 -9999 -9999 -9999 -9999 -9999 -9999 -9999 -9999 -9999 -9999 -9999 -9999 -9999 -9999 -9999 -9999 -9999 -9999 -9999 274 92 42 27 16 14 11 11 11 16 16 11 9 10 13 17 18 12 10 11 14 17 17 19 27 37 57 139 296 198 206 208 193 227 497 323 121 109 68 76 69 76 61 67 88 94 113 140 88 81 61 69 60 48 42
-9999 -9999 -9999 -9999 -9999 -9999 -9999 -9999 -9999 -9999 -9999 -9999 -9999 -9999 -9999 -9999 -9999 -9999 -9999 -9999 -9999 -9999 -9999 -9999 -9999 -9999 -9999 -9999 -9999 -9999 -9999 -9999 -9999 -9999 -9999 -9999 -9999 -9999 -9999 198 99 57 36 22 16 14 14 17 13 11 10 11 10 12 14 13 12 9 9 11 15 16 15 15 31 41 63 238 178 192 181 296 159 186 224 252 100 65 68 63 59 64 60 87 86 106 81 86 95 77 66 59 49 42
-9999 -9999 -9999 -9999 -9999 -9999 -9999 -9999 -9999 -9999 -9999 -9999 -9999 -9999 -9999 -9999 -9999 -9999 -9999 -9999 -9999 -9999 -9999 -9999 -9999 -9999 -9999 -9999 -9999 -9999 -9999 -9999 -9999 -9999 -9999 -9999 -9999 -9999 -9999 67 118 80 50 35 18 15 17 27 24 12 9 8 11 12 12 12 11 8 8 10 12 11 12 16 42 52 55 230 210 185 196 378 291 564 498 206 109 79 93 74 69 68 68 78 63 76 73 89 97 79 58 62 66 48
