data/ago/ago_traveltime.asc
ncols         277
nrows         308
xllcorner     -540299.14387948
yllcorner     7980296.7276279
cellsize      5000
NODATA_value  -9999
[rows 205 to 245 of 308, columns 0 to 90 of 277]
-9999 -9999 -9999 -9999 -9999 -9999 -9999 -9999 -9999 -9999 -9999 -9999 -9999 -9999 -9999 -9999 -9999 -9999 -9999 -9999 -9999 -9999 -9999 -9999 193 224 123 98 141 252 259 264 309 326 404 431 451 545 593 636 713 750 666 620 581 493 457 456 407 385 301 252 203 103 69 98 227 302 373 371 354 352 361 355 369 388 278 212 160 181 184 193 159 96 164 214 241 149 96 65 48 24 64 88 139 183 138 97 153 182 138
-9999 -9999 -9999 -9999 -9999 -9999 -9999 -9999 -9999 -9999 -9999 -9999 -9999 -9999 -9999 -9999 -9999 -9999 -9999 -9999 -9999 -9999 -9999 -9999 207 208 105 115 170 279 315 323 367 382 411 491 510 577 649 693 784 801 764 678 635 571 527 496 459 422 371 273 225 127 84 81 201 250 295 419 421 420 421 468 491 463 400 276 203 96 69 92 84 113 197 242 261 154 104 74 41 20 110 141 172 216 169 119 141 195 164
-9999 -9999 -9999 -9999 -9999 -9999 -9999 -9999 -9999 -9999 -9999 -9999 -9999 -9999 -9999 -9999 -9999 -9999 -9999 -9999 -9999 -9999 -9999 -9999 -9999 192 132 146 198 309 362 447 478 492 511 576 615 658 686 721 822 833 796 707 671 601 568 547 493 442 392 295 246 144 116 75 129 210 266 391 455 581 574 524 517 436 376 257 194 78 42 65 104 149 192 253 264 175 130 76 24 19 141 196 244 229 185 132 163 214 242
-9999 -9999 -9999 -9999 -9999 -9999 -9999 -9999 -9999 -9999 -9999 -9999 -9999 -9999 -9999 -9999 -9999 -9999 -9999 -9999 -9999 -9999 -9999 -9999 216 167 113 190 250 369 425 485 535 548 571 625 671 723 734 763 845 864 821 742 713 638 664 621 522 473 423 325 271 173 123 78 142 208 280 390 453 606 631 596 487 425 361 245 184 68 33 61 105 127 149 144 157 135 81 32 17 52 106 184 200 181 161 130 141 196 237
-9999 -9999 -9999 -9999 -9999 -9999 -9999 -9999 -9999 -9999 -9999 -9999 -9999 -9999 -9999 -9999 -9999 -9999 -9999 -9999 -9999 -9999 -9999 -9999 212 159 110 198 254 312 426 484 592 629 665 691 740 785 902 870 953 919 884 814 782 759 686 636 541 486 437 341 283 235 137 83 162 226 310 417 473 538 618 630 520 459 401 290 232 121 62 63 72 76 106 85 101 96 54 10 57 81 107 130 143 141 106 93 136 191 222
-9999 -9999 -9999 -9999 -9999 -9999 -9999 -9999 -9999 -9999 -9999 -9999 -9999 -9999 -9999 -9999 -9999 -9999 -9999 -9999 -9999 -9999 -9999 -9999 206 169 114 198 255 312 425 482 536 558 582 647 701 782 921 976 989 955 924 854 827 787 683 634 535 482 430 326 277 240 143 88 140 211 268 409 484 529 542 550 516 480 425 303 227 160 54 36 47 57 54 30 44 36 22 3 32 13 17 33 45 61 66 95 128 137 151
-9999 -9999 -9999 -9999 -9999 -9999 -9999 -9999 -9999 -9999 -9999 -9999 -9999 -9999 -9999 -9999 -9999 -9999 -9999 -9999 -9999 -9999 -9999 -9999 206 177 123 189 247 307 420 444 460 503 531 613 666 754 911 974 1023 989 956 894 846 817 713 663 553 503 453 352 299 250 140 90 122 181 257 399 462 481 506 528 527 473 410 289 226 163 43 30 83 94 79 89 78 75 76 39 22 49 55 69 78 88 81 93 172 177 166
-9999 -9999 -9999 -9999 -9999 -9999 -9999 -9999 -9999 -9999 -9999 -9999 -9999 -9999 -9999 -9999 -9999 -9999 -9999 -9999 -9999 -9999 -9999 -9999 164 157 118 204 260 317 388 389 403 452 492 590 639 632 765 786 807 906 942 933 886 837 737 682 623 524 475 368 312 259 147 93 111 192 250 361 413 427 557 583 532 441 396 348 277 186 44 34 117 144 136 143 136 134 81 35 22 76 108 124 133 136 113 105 196 232 277
-9999 -9999 -9999 -9999 -9999 -9999 -9999 -9999 -9999 -9999 -9999 -9999 -9999 -9999 -9999 -9999 -9999 -9999 -9999 -9999 -9999 -9999 -9999 -9999 169 126 126 224 278 265 272 274 292 388 439 523 556 595 685 726 771 872 922 952 898 844 742 685 633 531 475 372 335 280 164 107 90 107 156 284 354 420 542 559 502 397 349 279 235 177 50 50 88 192 196 201 193 164 58 47 32 76 129 225 244 247 221 213 257 297 310
-9999 -9999 -9999 -9999 -9999 -9999 -9999 -9999 -9999 -9999 -9999 -9999 -9999 -9999 -9999 -9999 -9999 -9999 -9999 -9999 -9999 -9999 -9999 148 128 128 175 215 197 208 223 231 257 364 415 446 523 560 655 707 763 859 889 910 877 855 766 702 632 532 482 383 332 278 178 127 91 101 153 267 334 387 530 536 477 367 315 225 174 84 74 120 161 258 302 239 187 139 53 47 42 72 125 233 284 303 274 270 309 324 298
-9999 -9999 -9999 -9999 -9999 -9999 -9999 -9999 -9999 -9999 -9999 -9999 -9999 -9999 -9999 -9999 -9999 -9999 -9999 -9999 -9999 -9999 152 181 129 129 162 180 203 221 250 258 254 360 380 401 478 530 636 679 717 770 789 811 824 805 750 700 649 550 500 453 346 297 204 157 126 88 138 192 290 349 464 440 418 328 287 158 106 61 99 156 202 296 318 217 161 109 73 44 32 110 150 254 308 351 328 325 316 269 217
-9999 -9999 -9999 -9999 -9999 -9999 -9999 -9999 -9999 -9999 -9999 -9999 -9999 -9999 -9999 -9999 -9999 -9999 -9999 -9999 -9999 -9999 135 171 127 151 146 158 239 319 352 307 268 300 326 377 468 520 606 649 685 720 739 776 771 753 720 705 668 570 525 494 397 349 271 229 170 84 129 171 277 339 442 392 362 297 248 206 78 52 97 152 209 324 310 201 145 91 103 49 37 144 199 302 352 404 431 395 342 239 190
-9999 -9999 -9999 -9999 -9999 -9999 -9999 -9999 -9999 -9999 -9999 -9999 -9999 -9999 -9999 -9999 -9999 -9999 -9999 -9999 -9999 0 116 115 131 222 251 250 321 359 398 335 291 309 343 369 439 494 537 625 636 669 705 712 674 652 637 610 603 612 569 521 421 375 279 225 166 79 100 131 242 309 404 356 311 278 221 154 56 90 180 208 253 326 276 223 135 97 97 43 42 148 202 311 366 418 408 377 330 220 180
-9999 -9999 -9999 -9999 -9999 -9999 -9999 -9999 -9999 -9999 -9999 -9999 -9999 -9999 -9999 -9999 -9999 -9999 -9999 -9999 0 108 99 133 153 258 300 309 361 402 437 368 334 305 310 331 415 462 504 539 537 607 655 665 627 601 583 557 549 585 568 540 442 390 339 236 181 85 78 139 238 302 295 269 232 144 118 94 79 120 216 257 286 310 256 202 109 117 81 35 56 165 219 327 380 419 358 280 258 214 198
-9999 -9999 -9999 -9999 -9999 -9999 -9999 -9999 -9999 -9999 -9999 -9999 -9999 -9999 -9999 -9999 -9999 -9999 -9999 -9999 114 110 107 177 207 281 332 366 441 436 420 405 400 342 344 361 416 442 462 493 507 602 637 619 574 549 531 500 497 527 452 453 436 384 324 210 159 76 83 134 239 298 307 213 189 108 70 63 117 157 246 295 334 304 250 197 120 169 84 40 73 182 237 291 393 371 279 241 209 223 227
-9999 -9999 -9999 -9999 -9999 -9999 -9999 -9999 -9999 -9999 -9999 -9999 -9999 -9999 -9999 -9999 -9999 -9999 -9999 -9999 108 93 108 133 148 186 300 345 401 380 363 348 351 322 328 335 373 395 410 444 481 528 609 540 473 448 428 390 386 378 393 401 415 366 309 197 145 72 107 146 252 295 257 173 135 72 70 117 209 242 271 354 370 267 215 166 143 175 87 42 75 182 238 291 387 348 243 205 202 270 276
-9999 -9999 -9999 -9999 -9999 -9999 -9999 -9999 -9999 -9999 -9999 -9999 -9999 -9999 -9999 -9999 -9999 -9999 -9999 -9999 89 102 141 185 206 232 321 328 356 326 305 291 307 294 370 415 419 420 429 456 483 528 548 515 428 398 376 338 330 323 332 351 373 357 312 198 148 93 120 170 272 232 168 94 76 132 142 156 245 289 319 389 360 255 201 153 170 183 88 43 75 184 236 289 380 343 235 185 193 266 254
-9999 -9999 -9999 -9999 -9999 -9999 -9999 -9999 -9999 -9999 -9999 -9999 -9999 -9999 -9999 -9999 -9999 -9999 -9999 -9999 -9999 104 142 233 268 289 353 329 319 300 267 292 319 330 430 462 463 470 480 507 520 524 493 492 389 348 326 294 276 269 280 283 321 317 324 207 145 88 130 186 249 201 140 69 100 143 199 211 271 322 367 401 355 248 196 165 239 194 141 42 53 159 213 265 368 341 235 183 172 211 216
-9999 -9999 -9999 -9999 -9999 -9999 -9999 -9999 -9999 -9999 -9999 -9999 -9999 -9999 -9999 -9999 -9999 -9999 -9999 -9999 -9999 83 107 219 277 332 416 397 368 305 247 285 325 371 452 499 514 521 529 559 537 483 389 400 410 309 253 219 233 275 327 321 370 394 393 181 128 78 129 191 207 161 104 90 129 176 297 320 359 386 394 313 288 207 163 165 250 209 157 54 44 148 201 255 354 339 242 190 154 171 186
-9999 -9999 -9999 -9999 -9999 -9999 -9999 -9999 -9999 -9999 -9999 -9999 -9999 -9999 -9999 -9999 -9999 -9999 -9999 -9999 -9999 87 84 185 243 292 398 434 413 307 251 246 299 353 439 486 532 523 536 487 435 397 338 371 395 309 250 224 272 312 366 377 389 368 321 182 127 80 125 172 102 68 76 163 207 246 337 372 413 414 370 275 237 217 144 179 254 208 156 53 42 146 199 252 259 260 240 206 187 151 121
-9999 -9999 -9999 -9999 -9999 -9999 -9999 -9999 -9999 -9999 -9999 -9999 -9999 -9999 -9999 -9999 -9999 -9999 -9999 -9999 -9999 107 77 105 205 255 376 405 422 327 267 209 268 319 422 477 505 471 488 462 395 333 287 289 331 294 246 208 277 326 440 439 432 370 315 200 135 78 107 136 93 65 102 199 243 285 356 382 435 397 346 247 199 166 149 196 220 168 115 29 50 151 202 228 246 276 257 238 218 189 156
-9999 -9999 -9999 -9999 -9999 -9999 -9999 -9999 -9999 -9999 -9999 -9999 -9999 -9999 -9999 -9999 -9999 -9999 -9999 -9999 -9999 135 87 72 140 193 313 376 369 293 251 200 262 321 425 475 465 422 459 438 338 265 185 171 180 179 159 164 259 315 407 380 376 364 326 204 138 86 65 85 60 104 137 230 274 261 264 300 351 352 301 199 149 110 174 217 204 151 98 29 74 121 194 197 245 293 282 198 173 184 177
-9999 -9999 -9999 -9999 -9999 -9999 -9999 -9999 -9999 -9999 -9999 -9999 -9999 -9999 -9999 -9999 -9999 -9999 -9999 -9999 -9999 154 136 92 113 164 223 330 309 258 206 174 270 332 409 472 416 389 388 374 311 255 162 145 143 139 154 188 277 331 361 317 308 314 304 267 184 157 59 54 53 118 145 194 226 250 260 287 310 331 279 178 127 97 158 193 206 150 97 28 74 125 140 188 245 234 196 132 94 130 142
-9999 -9999 -9999 -9999 -9999 -9999 -9999 -9999 -9999 -9999 -9999 -9999 -9999 -9999 -9999 -9999 -9999 -9999 -9999 -9999 124 111 124 106 85 140 198 218 188 148 151 192 324 375 424 503 452 360 345 320 289 271 229 151 121 184 212 227 349 376 277 221 166 200 191 170 129 117 46 79 72 70 94 117 177 222 227 240 276 335 285 183 134 108 82 111 135 132 88 17 52 76 169 204 195 186 162 88 69 65 87
-9999 -9999 -9999 -9999 -9999 -9999 -9999 -9999 -9999 -9999 -9999 -9999 -9999 -9999 -9999 -9999 -9999 -9999 -9999 -9999 120 161 136 118 59 100 155 158 131 143 178 224 342 403 456 513 475 355 318 276 232 168 178 121 89 162 213 245 330 358 318 193 116 153 142 105 67 65 64 112 118 69 64 75 119 157 204 200 231 299 275 212 163 113 65 75 81 98 72 15 38 56 159 161 141 133 120 78 67 53 62
-9999 -9999 -9999 -9999 -9999 -9999 -9999 -9999 -9999 -9999 -9999 -9999 -9999 -9999 -9999 -9999 -9999 -9999 -9999 -9999 112 125 134 133 62 89 123 105 109 158 232 277 370 487 505 494 410 353 256 206 128 115 127 95 75 120 157 206 295 333 298 185 106 117 106 35 105 117 114 171 204 176 141 93 78 110 177 189 199 251 229 203 156 120 81 52 42 65 53 10 21 75 68 58 60 74 80 56 39 39 64
-9999 -9999 -9999 -9999 -9999 -9999 -9999 -9999 -9999 -9999 -9999 -9999 -9999 -9999 -9999 -9999 -9999 -9999 -9999 -9999 90 99 90 84 66 63 113 171 190 214 345 392 440 476 460 472 432 354 241 188 90 70 79 66 81 75 114 136 231 234 229 154 84 108 53 52 155 163 164 186 166 171 157 126 62 68 133 167 184 200 180 159 77 92 76 73 57 14 7 13 39 36 39 57 70 29 30 34 47 77 117
-9999 -9999 -9999 -9999 -9999 -9999 -9999 -9999 -9999 -9999 -9999 -9999 -9999 -9999 -9999 -9999 -9999 -9999 -9999 0 55 51 101 136 112 76 139 228 250 269 355 416 434 431 404 401 431 390 255 200 123 90 41 31 24 16 48 107 185 175 166 134 97 48 37 75 150 117 117 132 103 116 116 76 76 73 53 108 134 100 75 66 61 50 30 22 15 8 4 1 7 12 18 27 30 42 49 76 97 120 225
-9999 -9999 -9999 -9999 -9999 -9999 -9999 -9999 -9999 -9999 -9999 -9999 -9999 -9999 -9999 -9999 -9999 -9999 -9999 61 60 54 104 126 80 79 141 265 307 325 355 363 374 341 306 266 280 313 250 202 140 51 31 22 37 41 26 62 133 109 94 70 73 38 35 53 71 83 85 66 72 70 59 61 63 58 51 56 76 53 36 39 25 26 23 30 42 23 11 2 51 94 99 99 98 126 155 184 207 227 271
-9999 -9999 -9999 -9999 -9999 -9999 -9999 -9999 -9999 -9999 -9999 -9999 -9999 -9999 -9999 -9999 -9999 -9999 -9999 0 49 44 75 84 53 88 171 230 264 243 238 248 281 294 259 215 210 223 170 149 84 42 38 70 99 57 18 37 20 13 25 68 77 79 106 118 141 152 147 129 125 124 100 99 93 80 66 44 39 37 74 85 103 115 124 134 137 80 63 32 37 89 153 159 159 176 203 235 259 281 321
-9999 -9999 -9999 -9999 -9999 -9999 -9999 -9999 -9999 -9999 -9999 -9999 -9999 -9999 -9999 -9999 -9999 -9999 0 79 136 127 50 47 88 154 205 249 208 186 181 196 239 256 219 188 149 152 108 85 131 97 113 46 26 17 6 7 9 37 35 49 66 68 94 94 101 106 106 95 100 80 73 82 114 125 129 116 115 130 132 139 157 167 178 189 176 131 105 75 33 74 150 177 202 230 252 271 362 384 426
-9999 -9999 -9999 -9999 -9999 -9999 -9999 -9999 -9999 -9999 -9999 -9999 -9999 -9999 -9999 -9999 -9999 -9999 90 93 124 137 99 56 111 203 243 235 165 130 118 132 88 160 128 102 65 70 92 131 182 126 96 58 16 7 0 2 6 26 57 52 80 104 156 127 67 93 66 54 75 91 126 134 167 178 182 174 170 176 187 192 210 220 233 242 224 176 136 68 74 65 65 120 139 235 286 334 412 437 479
-9999 -9999 -9999 -9999 -9999 -9999 -9999 -9999 -9999 -9999 -9999 -9999 -9999 -9999 -9999 -9999 -9999 -9999 81 70 67 89 62 61 125 191 203 173 79 50 56 63 58 105 90 65 88 116 140 194 202 61 48 40 19 3 9 2 3 38 71 104 144 114 107 108 60 44 43 59 76 92 159 186 203 231 235 229 233 288 293 299 317 303 287 242 225 141 97 76 99 115 87 106 133 215 261 311 411 461 531
-9999 -9999 -9999 -9999 -9999 -9999 -9999 -9999 -9999 -9999 -9999 -9999 -9999 -9999 -9999 -9999 -9999 -9999 73 65 49 29 59 118 134 134 140 133 50 53 96 116 94 78 64 57 139 184 182 136 173 127 71 28 10 7 24 18 6 27 53 72 88 61 48 43 38 66 76 62 56 91 156 207 258 337 345 342 339 343 345 352 323 272 236 190 176 157 92 114 134 154 129 93 111 188 238 279 382 433 537
-9999 -9999 -9999 -9999 -9999 -9999 -9999 -9999 -9999 -9999 -9999 -9999 -9999 -9999 -9999 -9999 -9999 47 69 80 53 25 43 63 74 71 76 78 44 74 85 55 65 71 63 45 79 98 74 57 70 125 87 28 9 8 32 26 9 17 20 25 29 51 104 125 114 80 125 152 155 145 184 230 281 391 398 396 393 396 399 396 303 252 199 154 129 151 167 200 239 247 228 156 116 181 228 280 384 435 537
-9999 -9999 -9999 -9999 -9999 -9999 -9999 -9999 -9999 -9999 -9999 -9999 -9999 -9999 -9999 -9999 -9999 33 50 49 32 20 22 25 30 71 78 80 61 72 67 57 51 47 42 40 35 37 37 31 24 66 43 17 17 25 59 32 62 16 19 36 86 110 106 120 145 83 96 120 197 198 233 260 311 421 453 451 502 504 485 434 381 278 229 169 203 205 218 242 292 299 270 182 137 178 227 279 383 434 485
-9999 -9999 -9999 -9999 -9999 -9999 -9999 -9999 -9999 -9999 -9999 -9999 -9999 -9999 -9999 -9999 -9999 31 75 30 18 94 147 136 133 133 137 130 64 75 84 95 98 94 85 75 55 45 80 110 114 80 27 23 51 66 71 61 108 56 25 31 80 92 61 71 102 120 97 109 159 208 313 354 403 481 531 559 555 559 505 454 403 303 254 218 244 259 272 292 342 343 303 204 153 142 220 270 371 421 471
-9999 -9999 -9999 -9999 -9999 -9999 -9999 -9999 -9999 -9999 -9999 -9999 -9999 -9999 -9999 -9999 22 9 28 18 68 138 201 204 197 196 199 169 125 110 91 91 127 181 211 188 148 126 122 106 161 94 24 48 59 61 84 80 117 69 39 29 49 55 62 105 78 102 111 126 139 191 295 339 383 483 533 582 611 614 529 478 428 328 297 272 345 365 377 397 417 378 327 226 175 151 240 289 389 439 488
-9999 -9999 -9999 -9999 -9999 -9999 -9999 -9999 -9999 -9999 -9999 -9999 -9999 -9999 -9999 -9999 21 4 9 33 93 203 246 272 318 318 302 276 257 218 193 112 132 194 263 243 226 174 142 136 186 104 53 86 112 135 96 96 91 46 24 27 51 82 111 147 115 149 165 172 143 196 239 307 358 459 511 542 639 660 578 527 479 425 404 380 397 417 431 449 468 396 344 243 192 160 250 300 399 449 499
-9999 -9999 -9999 -9999 -9999 -9999 -9999 -9999 -9999 -9999 -9999 -9999 -9999 -9999 -9999 -9999 1 0 26 68 123 221 277 350 389 382 359 337 323 273 232 178 132 193 296 300 272 254 237 292 238 221 169 181 178 158 132 64 58 57 38 42 29 54 95 129 138 161 213 192 159 135 159 261 313 417 470 518 592 628 603 553 521 479 458 438 451 468 483 501 501 404 353 250 199 178 251 301 400 450 500
-9999 -9999 -9999 -9999 -9999 -9999 -9999 -9999 -9999 -9999 -9999 -9999 -9999 -9999 -9999 18 36 6 19 32 63 163 240 317 437 450 417 398 382 303 265 207 157 211 322 373 360 305 289 335 341 322 220 174 128 107 125 72 95 97 60 67 46 45 33 49 72 123 182 194 149 123 137 245 297 394 442 489 554 596 626 597 574 530 510 543 555 571 585 563 513 413 363 262 214 190 260 311 410 461 511
