data/ago/ago_population_v2.asc
ncols         277
nrows         308
xllcorner     -540299.14387948
yllcorner     7980296.7276279
cellsize      5000
NODATA_value  -9999
[rows 205 to 245 of 308, columns 93 to 185 of 277]
536 369 393 507 412 429 389 665 813 390 387 197 122 151 188 285 258 205 107 86 83 110 103 116 119 149 128 75 59 56 70 48 63 41 33 30 30 39 34 41 38 38 34 37 42 41 35 35 32 26 25 30 16 11 10 10 14 8 7 8 9 9 9 9 10 9 10 10 10 10 9 10 9 8 9 14 11 11 16 15 13 11 10 10 10 13 14 19 19 30 38 30 30
473 473 352 309 290 327 278 493 536 467 405 178 123 182 197 258 239 216 118 59 65 78 74 106 89 102 85 68 77 70 96 63 51 40 35 43 48 44 35 33 35 37 36 38 47 56 49 76 49 25 23 30 23 13 12 10 11 8 7 8 9 10 9 9 9 10 7 7 8 10 6 8 8 8 10 10 8 12 13 12 10 10 9 10 10 10 15 23 22 33 94 40 30
589 367 351 326 283 212 223 295 509 382 414 217 170 201 232 289 277 249 86 53 66 67 76 90 68 79 76 89 100 104 127 87 71 63 68 57 43 42 49 36 33 38 47 39 39 67 121 146 67 26 21 20 18 18 18 12 13 9 8 8 9 10 9 9 8 7 7 5 5 8 7 6 7 7 9 8 8 10 10 11 11 8 8 8 9 9 14 20 28 34 100 43 35
493 397 542 475 276 208 205 292 348 375 378 199 200 207 233 318 251 209 62 45 47 68 70 69 59 56 70 89 102 109 143 150 107 74 68 53 51 51 43 33 37 40 39 39 45 47 123 121 92 53 20 18 17 16 16 15 11 12 12 8 8 8 9 9 8 8 7 5 6 6 7 6 6 5 7 6 8 10 9 12 9 8 8 6 7 9 13 16 29 26 33 41 36
603 636 1007 933 422 210 203 302 397 570 349 206 147 199 266 298 291 144 75 44 54 59 49 49 41 46 64 74 74 123 132 193 127 143 91 84 80 57 44 35 32 33 32 39 49 49 109 115 93 115 33 19 26 17 20 20 11 10 12 14 12 11 10 9 9 7 6 7 9 6 7 6 5 5 7 6 6 6 7 8 6 9 8 6 5 7 10 12 20 23 25 30 28
712 1458 2311 846 376 217 236 238 314 459 340 256 107 135 244 311 310 137 56 36 50 52 32 46 41 44 62 65 75 150 163 123 170 185 130 113 99 78 55 41 35 31 42 39 44 39 131 117 109 85 45 19 18 16 17 19 12 11 12 16 15 13 12 10 8 8 7 8 10 6 6 9 7 6 5 5 4 5 7 6 6 6 7 6 5 6 8 12 14 19 20 22 21
945 1514 2424 883 411 282 325 248 393 387 320 236 116 157 277 277 204 146 55 35 50 46 27 34 30 45 60 65 57 76 212 154 117 144 188 152 122 102 82 46 39 40 57 41 36 47 97 88 81 105 60 21 19 14 17 15 13 12 11 18 14 12 12 12 10 8 7 9 7 7 5 7 6 6 7 6 4 5 7 7 8 6 6 6 5 7 8 10 12 18 16 15 19
662 1136 633 1043 476 428 278 263 366 341 292 184 109 146 278 224 174 147 66 32 39 43 30 25 39 50 60 61 57 58 77 117 130 127 164 153 145 140 135 76 57 73 66 52 49 68 78 72 64 90 87 36 13 15 20 13 12 13 11 16 11 11 11 12 12 14 8 6 6 8 6 5 4 5 6 5 4 4 5 5 5 6 6 5 5 6 8 7 11 11 15 12 18
303 312 334 357 353 312 286 349 325 314 259 140 128 137 264 268 185 142 67 37 37 34 22 27 39 53 64 72 82 59 62 87 111 139 144 147 146 141 110 96 69 57 62 97 88 69 100 85 58 59 61 62 20 16 20 13 16 20 13 10 14 15 13 12 10 11 10 7 7 7 7 5 5 5 7 5 5 4 5 5 9 13 6 6 7 5 7 6 8 10 10 14 14
250 222 214 214 231 242 293 366 206 257 246 155 119 180 238 218 210 117 51 33 40 48 32 54 43 58 88 91 68 54 58 80 95 139 110 125 107 162 173 210 144 153 138 134 140 74 101 68 61 58 52 45 20 18 20 13 20 14 12 11 10 10 13 11 10 10 13 8 9 6 5 7 5 6 7 5 5 4 4 5 6 9 6 7 4 5 6 5 9 10 9 12 14
233 252 162 171 211 263 317 335 216 167 163 179 167 220 246 217 195 159 78 48 38 48 38 43 47 64 84 84 87 50 61 74 85 96 78 108 105 156 380 273 237 214 172 134 97 93 84 76 76 58 65 46 16 16 18 13 14 15 15 15 14 14 13 10 10 10 13 9 7 7 6 7 6 6 8 5 5 4 4 5 7 8 8 8 5 5 6 5 7 10 10 10 12
223 203 158 146 238 256 251 345 381 189 174 201 153 259 226 169 235 157 88 57 42 41 36 40 45 53 79 80 77 42 41 60 66 73 61 101 109 233 271 254 295 249 253 208 162 122 89 68 72 52 49 34 20 20 23 20 23 28 21 27 18 10 12 10 9 10 10 9 8 6 5 6 7 5 6 6 5 5 7 5 6 6 7 7 6 5 6 6 5 10 10 10 9
131 139 168 121 135 204 243 267 420 250 168 199 200 267 194 159 198 177 90 48 30 30 32 35 38 50 81 74 60 49 39 47 59 61 62 70 181 289 302 226 493 239 223 233 190 136 147 88 59 51 49 36 15 18 22 27 22 31 30 29 23 12 10 9 11 13 10 9 9 9 8 7 6 5 5 7 6 8 7 5 5 5 6 7 6 6 5 6 6 9 10 11 10
107 103 106 121 123 206 220 207 219 200 187 202 279 263 172 178 218 181 81 40 30 29 43 49 47 52 72 70 66 63 47 39 57 57 55 72 165 195 153 170 287 252 217 207 222 183 159 141 63 50 49 24 20 22 22 23 21 28 40 25 32 28 20 15 11 10 12 10 8 9 7 8 6 6 6 8 9 6 6 5 5 5 6 7 6 6 5 5 6 9 10 11 11
85 98 79 85 117 118 122 149 158 155 200 223 330 229 180 188 177 191 85 50 36 31 43 48 45 48 56 49 52 48 54 50 58 45 59 65 238 184 145 155 250 302 306 175 227 253 180 188 74 51 50 20 20 23 23 27 33 25 30 45 36 35 22 17 11 11 10 10 8 8 6 7 7 6 6 7 11 10 7 6 5 7 7 7 7 6 6 5 6 8 9 13 12
96 67 67 74 86 101 107 127 135 146 186 245 268 231 258 205 205 170 87 67 51 43 49 45 35 44 38 37 38 37 41 51 65 47 48 85 146 165 102 123 226 318 393 207 205 235 224 183 78 50 35 17 21 20 20 23 28 25 37 42 37 39 30 20 15 11 11 11 10 7 9 6 7 6 6 7 14 12 12 11 9 7 7 10 7 6 6 8 6 8 9 10 13
97 66 78 95 115 103 116 115 119 152 230 281 316 290 437 242 239 249 142 87 84 68 58 41 36 47 40 38 49 34 41 59 74 59 55 75 107 98 86 155 239 223 276 267 202 196 271 187 104 61 62 26 16 19 19 21 22 21 36 32 42 41 39 38 22 13 12 10 10 7 7 8 8 8 6 7 10 10 11 10 10 9 8 10 9 5 8 8 8 8 10 11 13
78 72 104 108 103 111 118 121 132 176 293 339 404 383 423 262 331 315 190 100 65 66 77 54 43 42 45 36 37 41 47 58 68 55 42 60 85 96 109 157 252 282 314 286 274 236 291 170 187 89 88 94 58 30 20 23 22 24 24 28 32 58 50 30 29 15 17 14 12 10 8 9 12 12 9 9 11 13 9 12 11 10 11 10 10 7 9 8 8 10 9 10 11
96 93 104 112 129 161 187 194 192 199 252 423 606 671 743 549 331 396 225 131 77 88 79 55 58 57 45 44 45 68 56 59 40 48 52 48 83 105 105 147 213 274 357 262 284 380 290 186 146 107 105 97 57 24 25 28 21 27 25 37 45 48 69 32 24 17 15 10 12 11 10 10 12 12 11 9 9 10 11 10 11 10 10 8 10 10 10 8 8 9 10 9 14
119 136 143 162 192 245 281 325 263 265 326 670 1236 2312 808 522 271 384 296 146 97 105 95 53 50 65 65 64 46 49 39 39 42 62 58 64 66 106 97 128 219 320 417 416 479 482 343 193 155 223 198 151 78 35 40 40 47 35 28 34 45 42 59 36 38 24 20 15 10 10 10 10 13 14 13 10 10 16 13 11 8 7 10 11 12 14 12 10 12 10 9 10 10
232 272 266 240 257 477 745 1004 530 482 428 819 1058 1896 704 391 224 305 184 174 147 94 78 65 57 54 50 52 53 50 54 45 63 69 53 50 55 78 165 199 278 367 479 536 741 598 357 203 203 210 213 175 171 103 48 56 49 40 33 36 50 49 54 39 39 30 14 19 14 10 10 10 14 15 13 9 10 13 10 11 9 9 10 10 12 11 12 12 14 10 10 9 10
365 378 422 452 436 570 1226 1229 622 439 311 420 641 656 549 341 198 295 216 131 146 107 97 87 106 78 76 76 69 68 81 110 97 66 86 68 78 117 220 283 339 440 716 901 831 562 380 346 276 350 247 181 175 175 94 66 76 59 61 64 66 49 52 44 33 21 20 22 20 11 13 11 14 15 14 12 10 10 10 10 10 11 10 12 13 13 12 17 13 12 10 8 8
489 631 756 604 400 410 1173 974 897 628 500 320 368 443 439 349 316 315 207 140 143 111 118 102 124 137 130 143 155 90 74 78 107 76 111 93 113 197 289 357 422 560 1795 6898 2066 684 420 511 484 334 148 99 115 86 96 51 58 55 65 67 156 67 39 46 46 41 39 31 28 14 11 12 13 14 14 13 9 8 10 7 10 10 11 12 17 14 12 14 15 12 10 10 9
622 764 447 445 352 370 1849 1565 1875 1492 827 427 258 294 302 382 375 317 195 129 110 95 100 106 168 212 378 185 190 115 114 148 147 88 82 139 162 266 328 550 561 1125 7425 21027 13603 3887 651 418 321 273 70 44 50 44 66 49 41 42 45 59 85 50 49 46 71 49 42 36 31 26 14 14 15 16 13 11 11 8 7 10 7 10 10 10 14 15 15 14 11 10 11 9 7
453 426 410 358 311 687 1177 2716 1890 994 836 424 284 212 211 344 317 340 272 136 88 74 75 89 152 172 259 168 155 117 107 179 157 99 97 166 223 395 408 588 539 709 4833 12304 8191 2390 510 271 207 200 85 36 41 35 29 38 41 25 44 51 96 45 39 56 76 57 48 38 32 31 23 15 15 20 18 13 11 8 7 9 11 10 10 10 11 12 11 11 11 11 11 8 6
339 326 260 189 278 377 682 2099 2540 1007 384 302 211 204 182 179 169 178 247 209 101 71 63 85 126 144 148 143 117 103 94 95 126 92 82 142 183 270 291 340 362 542 1842 3699 967 725 389 227 148 120 91 32 36 22 20 20 27 22 39 47 76 60 35 37 42 39 38 33 31 32 32 18 17 19 18 13 15 10 11 9 12 10 10 9 10 10 10 8 10 12 10 10 8
241 207 135 175 191 266 440 707 1103 1037 444 293 200 233 193 177 129 146 165 117 87 52 49 59 96 123 129 113 77 73 71 56 63 57 60 114 108 216 250 179 344 439 581 1258 638 379 256 174 107 85 74 59 22 16 16 17 24 18 31 34 42 84 40 27 28 29 30 29 34 29 32 25 26 19 18 13 16 18 12 11 10 10 6 7 10 11 10 10 9 6 7 9 7
184 142 126 165 206 227 297 405 482 465 425 320 204 199 190 155 87 77 68 62 68 52 52 68 49 58 89 73 49 39 43 49 62 46 43 75 99 170 128 115 221 370 472 794 426 346 230 158 98 67 57 52 13 12 11 13 20 16 20 37 39 39 39 28 22 19 27 31 35 42 33 30 29 35 25 17 17 23 12 13 10 7 7 7 9 9 10 10 9 7 7 9 7
200 169 152 131 188 232 245 290 342 354 309 213 193 193 193 125 66 50 55 54 57 65 52 49 54 59 70 51 39 36 37 59 53 41 33 56 64 123 102 143 189 328 417 431 340 302 159 98 86 52 49 33 10 10 10 13 14 16 21 27 34 26 42 33 22 18 19 30 32 39 46 38 43 44 27 20 16 24 17 15 11 10 7 9 9 9 8 8 7 9 7 9 8
169 127 113 121 168 192 222 242 251 323 235 190 171 149 149 133 68 45 59 50 59 79 43 39 42 55 58 46 37 30 30 39 45 30 27 38 39 93 105 107 120 223 310 368 285 188 119 84 85 56 43 24 12 11 10 10 12 12 20 19 28 26 29 33 30 19 15 24 26 29 37 49 59 38 44 26 18 22 17 16 12 10 8 8 7 6 7 7 6 8 9 10 8
155 126 96 104 126 140 148 186 173 169 168 177 153 130 108 84 78 46 49 68 55 49 35 39 40 44 49 56 34 30 26 27 33 34 24 32 28 49 97 87 139 153 235 289 249 175 136 78 52 39 32 20 14 8 10 10 14 11 14 13 22 23 25 32 29 20 18 12 23 27 30 40 54 90 63 46 29 25 14 12 13 10 10 13 7 6 8 6 5 9 9 10 8
118 87 85 96 121 138 155 154 152 153 163 171 137 121 84 79 72 64 63 52 52 54 45 47 36 45 51 50 45 36 25 23 22 27 23 34 30 46 58 77 134 207 274 243 249 183 92 68 49 31 30 23 11 8 9 9 10 10 9 12 16 25 20 27 25 20 25 12 12 15 25 30 33 68 105 59 61 33 21 14 13 10 9 8 10 11 13 14 12 12 10 12 8
101 104 128 97 109 126 175 218 223 194 190 151 178 111 62 73 67 46 44 44 61 82 67 42 34 35 44 52 52 39 26 23 31 33 23 24 27 63 64 59 77 121 185 264 244 156 145 74 45 48 33 24 9 7 7 9 10 10 9 12 11 13 16 21 39 22 18 18 14 16 13 16 25 39 95 81 93 44 30 20 19 17 12 11 15 14 13 18 17 17 20 13 15
85 83 92 97 95 128 213 271 277 279 213 175 113 68 62 88 83 56 42 50 68 88 74 53 46 47 55 51 49 45 29 32 37 34 31 27 38 62 48 52 63 124 161 267 271 182 116 46 40 39 32 35 14 7 7 10 9 10 10 10 10 9 12 18 30 23 18 15 11 10 11 14 25 39 68 147 142 49 34 25 21 21 17 13 13 14 17 14 13 22 21 16 20
68 56 70 68 99 139 226 272 263 329 236 134 88 88 51 71 62 49 64 61 51 81 92 63 62 52 44 51 56 49 42 44 40 27 25 38 39 39 39 49 55 110 151 216 245 145 75 42 39 37 28 24 13 11 10 7 9 9 8 9 12 10 13 26 21 41 26 17 15 10 13 13 25 30 64 751 300 59 32 20 19 19 24 22 16 18 25 18 17 27 28 18 20
56 64 83 83 112 166 246 303 303 342 248 118 93 88 45 43 70 73 77 75 69 76 97 95 70 57 45 57 61 71 51 49 46 30 23 24 37 37 38 63 58 85 159 241 239 121 71 51 39 28 24 22 19 8 8 9 8 9 9 12 9 10 11 20 24 26 33 19 15 10 14 13 21 25 39 90 78 54 47 31 23 18 20 21 20 15 19 15 15 20 20 25 24
84 74 75 79 92 152 229 315 777 463 202 108 81 76 47 41 53 59 65 65 52 65 96 114 88 71 65 39 42 55 59 45 44 30 24 30 38 46 36 80 97 94 162 235 222 137 68 61 39 24 27 25 20 8 6 6 7 7 8 8 7 9 11 16 22 21 35 23 19 25 10 10 23 27 38 51 50 45 36 32 26 21 26 12 16 15 20 19 17 18 17 21 23
73 59 86 79 117 198 233 332 1006 487 191 96 65 69 68 66 49 58 44 39 59 55 94 95 120 110 73 60 39 52 56 45 45 43 32 40 50 55 39 70 130 126 216 325 188 150 70 63 32 25 25 24 22 16 7 9 9 6 8 8 9 9 9 12 22 25 26 32 20 15 12 14 24 27 40 49 42 39 30 30 25 22 22 10 7 8 8 10 10 13 20 23 25
68 59 66 68 127 223 281 305 334 196 126 79 61 57 82 79 62 69 54 47 56 48 59 75 110 150 101 78 56 41 50 49 49 49 51 55 60 55 44 88 144 197 213 228 150 97 58 43 28 29 32 21 21 20 8 8 7 7 7 8 9 10 8 11 13 23 25 36 20 14 10 15 27 30 29 39 41 32 23 22 17 10 10 10 7 5 5 6 7 8 17 21 22
68 69 73 84 126 186 209 360 233 148 89 78 63 70 89 88 81 58 46 43 61 50 51 64 84 126 125 96 54 56 42 44 46 48 44 47 70 70 56 92 132 147 254 276 181 142 58 45 29 27 21 24 22 20 16 7 6 7 6 7 8 11 11 10 10 20 24 26 20 13 12 16 19 30 28 25 34 24 14 10 10 10 9 7 6 5 6 6 6 6 8 18 21
94 124 98 184 165 128 150 156 130 104 87 76 61 67 51 59 76 68 62 63 47 67 57 49 56 67 107 123 77 62 46 45 43 41 43 52 71 69 80 89 140 133 229 310 143 103 55 43 41 26 31 20 23 23 36 10 6 5 6 7 11 9 13 10 11 14 20 30 23 12 11 21 20 27 30 26 29 20 14 10 10 10 7 8 7 8 7 9 7 6 10 12 11
