data/ago/ago_initialpopulation.asc
ncols         277
nrows         308
xllcorner     -540299.14387948
yllcorner     7980296.7276279
cellsize      5000
NODATA_value  -9999
[rows 252 to 293 of 308, columns 94 to 187 of 277]
114 156 196 138 111 89 53 38 48 42 42 40 37 35 31 29 23 36 29 22 29 30 30 26 22 31 28 27 26 25 26 37 33 40 73 107 118 154 197 135 108 96 64 33 29 23 20 23 21 23 21 17 15 18 19 15 4 3 5 7 6 11 22 31 23 12 7 5 6 6 9 9 10 18 12 9 5 4 4 4 3 3 3 3 2 4 4 4 4 3 4 4 4 5
84 146 136 113 94 53 39 42 48 45 41 39 35 37 37 33 33 37 39 27 26 22 24 29 24 36 34 41 28 28 24 26 34 38 61 94 97 129 148 143 116 103 75 39 31 23 23 25 22 22 19 17 20 20 22 15 5 3 5 4 7 11 20 24 19 15 6 5 5 3 7 8 13 19 10 7 4 3 4 3 3 3 3 3 2 3 3 4 3 3 3 3 4 5
81 118 89 76 64 43 49 45 48 45 40 34 39 37 39 34 35 40 37 35 33 21 28 35 41 28 36 54 41 30 30 33 39 57 80 79 82 97 92 117 145 115 85 49 29 17 22 25 21 21 19 18 20 19 19 14 9 4 4 4 8 16 19 19 22 25 8 4 3 3 6 9 14 17 10 8 5 3 4 3 3 4 2 2 2 2 3 2 2 3 3 3 4 4
79 101 78 64 50 54 32 29 50 40 39 38 38 34 37 35 35 29 39 42 34 39 42 46 50 40 38 44 43 41 36 34 57 77 83 85 86 81 69 89 124 113 81 60 33 18 21 18 15 19 21 20 19 15 14 11 5 5 4 4 8 10 17 21 21 18 13 4 3 3 6 10 11 17 12 8 7 3 3 2 2 3 3 3 3 2 2 2 2 3 2 3 3 4
94 104 101 65 45 39 33 43 39 31 44 39 34 36 43 52 52 48 49 49 33 46 47 38 38 35 37 45 48 34 52 42 52 84 99 122 98 73 55 58 97 113 82 60 40 25 24 21 18 16 16 21 20 17 11 9 4 4 4 3 3 7 16 20 21 16 14 5 3 3 6 10 12 20 11 8 4 5 3 2 3 2 2 2 2 3 2 2 3 3 2 3 3 3
91 95 89 89 60 37 48 39 32 37 42 43 39 49 57 56 65 56 53 56 43 57 46 59 47 46 44 48 53 67 78 65 57 69 79 84 81 57 43 43 72 106 93 48 52 37 19 17 17 17 21 17 17 17 13 9 3 2 2 2 2 3 9 15 22 14 8 3 3 4 6 11 16 18 11 7 5 5 3 2 2 2 2 2 2 3 3 2 2 2 2 2 2 2
97 117 102 93 66 52 46 58 53 52 48 43 43 68 63 65 77 59 54 61 55 60 59 58 68 50 49 64 76 77 85 102 76 61 58 76 67 35 21 34 59 113 92 59 46 35 24 19 21 32 28 18 15 14 7 2 2 2 2 2 2 3 6 12 20 13 4 3 2 3 7 11 11 13 10 9 4 4 3 2 2 2 2 2 3 3 2 2 3 3 3 3 3 3
100 125 109 106 94 64 56 70 59 74 66 62 63 88 66 65 68 65 60 63 61 61 62 65 67 72 61 70 80 78 107 109 78 69 58 53 53 24 22 33 58 108 143 77 58 34 30 30 27 38 30 30 13 7 3 2 2 2 2 1 1 2 3 4 7 9 4 3 2 2 4 6 5 15 9 9 4 2 3 3 3 3 2 3 2 3 3 2 2 2 2 3 2 2
103 132 109 87 78 63 65 80 76 77 88 81 77 66 65 73 82 74 73 72 74 60 65 64 93 92 93 68 76 91 76 72 80 66 58 34 36 22 24 42 51 102 135 102 67 38 27 34 32 37 26 14 4 2 2 2 2 3 2 1 1 2 3 5 7 8 4 3 2 1 2 4 5 4 7 6 3 2 2 2 2 2 3 3 2 2 2 2 3 3 2 2 4 3
80 127 109 110 65 72 69 73 67 63 60 71 87 65 77 105 87 84 78 68 77 65 58 103 116 82 79 75 94 76 82 72 75 55 43 30 35 22 31 46 73 108 132 100 82 44 28 24 32 28 13 3 3 2 2 2 2 2 2 1 1 2 3 4 6 7 4 3 3 2 2 3 5 5 6 4 3 3 3 2 2 2 2 2 3 3 3 4 5 3 2 4 3 3
113 157 129 106 65 49 55 48 83 87 73 77 84 56 90 86 88 63 78 55 66 78 64 100 87 119 75 67 96 87 60 71 51 43 39 28 32 23 32 37 57 74 163 146 106 53 30 23 22 22 7 2 2 3 2 2 2 2 2 1 1 2 3 3 4 6 6 5 4 3 4 5 5 5 4 3 3 3 2 2 2 1 2 2 2 5 3 3 3 2 2 2 3 2
117 213 151 106 87 65 71 68 113 99 94 94 82 75 103 134 113 65 69 64 71 122 86 80 81 122 82 72 89 80 45 49 40 38 24 22 29 22 27 25 45 70 154 186 144 66 29 22 25 21 6 3 2 2 2 2 2 2 2 1 2 2 2 4 3 5 6 8 7 6 4 5 7 5 4 3 2 1 1 1 1 1 2 3 2 2 3 2 2 3 3 3 2 3
122 173 165 118 72 58 63 77 74 79 97 80 81 90 88 93 102 97 101 135 99 149 115 102 121 117 87 84 64 52 33 31 34 35 28 24 22 25 19 22 41 71 227 224 156 61 35 23 21 22 13 3 2 2 2 2 2 2 2 2 2 1 1 2 4 5 6 8 8 7 6 8 8 5 2 2 1 1 1 1 1 2 2 2 3 3 3 3 3 2 2 2 2 2
108 125 158 125 76 63 56 65 66 54 102 70 85 89 70 76 110 155 132 220 125 145 145 176 122 103 94 68 51 41 28 26 35 29 20 24 24 27 22 21 39 61 101 169 128 91 62 26 24 20 18 8 3 3 2 3 3 3 2 3 2 2 2 2 3 4 5 6 7 9 11 12 10 4 2 2 1 1 1 2 2 2 2 2 2 3 3 3 3 3 2 3 3 3
94 97 141 131 95 91 60 61 65 86 102 97 96 115 118 106 103 129 136 121 155 177 187 159 120 105 88 57 48 34 37 40 38 29 18 17 28 17 17 21 30 54 82 306 199 138 98 38 26 22 21 20 3 4 4 3 4 3 2 2 2 2 2 2 2 3 4 5 6 7 17 17 8 5 3 2 2 2 3 2 3 3 2 2 2 2 3 2 2 2 3 3 3 3
121 157 194 178 167 178 110 77 56 85 96 77 114 120 145 168 144 158 119 162 177 153 119 148 120 98 65 53 49 34 41 41 33 23 19 17 18 7 2 5 14 45 74 106 408 306 132 57 24 18 16 16 3 3 4 3 3 3 4 4 3 2 2 3 2 2 2 4 5 8 16 12 7 4 3 2 3 3 3 2 2 2 2 3 3 3 4 2 2 3 3 3 2 2
177 204 264 232 208 151 123 104 101 108 109 83 117 121 173 172 174 157 155 157 106 106 126 109 84 65 55 45 31 34 39 32 33 20 17 20 25 5 3 3 4 8 53 79 168 224 91 16 5 3 3 3 3 3 3 3 3 3 3 3 3 2 3 4 2 2 3 3 4 5 11 12 7 4 3 2 2 3 2 2 2 2 2 3 3 3 4 3 2 3 3 2 2 2
214 245 370 221 179 139 125 128 106 128 117 105 161 232 216 214 194 170 158 110 92 84 105 80 60 41 30 38 29 37 28 23 33 20 23 26 13 2 3 3 5 4 25 56 77 134 60 8 5 3 3 2 3 5 3 3 4 4 3 3 2 3 4 4 3 3 2 2 3 5 9 11 7 5 4 2 2 4 2 2 2 2 2 2 2 3 3 2 2 3 2 2 3 3
245 289 308 219 177 152 153 174 173 161 181 199 197 193 216 194 180 213 133 123 74 61 76 67 55 41 33 33 27 26 22 22 27 17 21 13 2 3 2 2 3 3 6 46 58 93 95 10 7 4 3 3 2 3 3 4 5 4 2 2 2 3 4 4 4 2 2 2 3 6 7 10 8 9 6 3 2 4 3 3 2 3 2 2 2 2 2 2 2 2 2 2 2 3
273 402 309 208 202 216 213 215 210 212 239 456 288 206 157 173 134 107 77 62 66 62 60 58 48 33 30 32 24 21 21 20 21 16 14 3 2 2 2 2 2 3 4 16 51 88 133 30 9 5 4 3 3 3 4 4 5 4 3 2 2 3 4 3 4 3 2 2 3 6 6 10 9 8 8 4 3 3 3 3 2 2 2 2 2 2 2 3 2 3 4 2 3 3
256 305 303 223 207 217 471 297 255 249 257 431 228 137 105 95 86 64 45 43 62 66 44 35 26 25 22 23 21 25 19 18 17 17 15 2 2 2 2 2 2 2 2 3 8 12 59 26 11 8 5 3 3 3 4 5 5 4 3 3 3 4 3 3 3 7 3 2 3 4 5 6 10 11 11 7 4 4 4 3 2 2 2 2 2 2 2 3 3 4 4 5 4 4
244 240 253 241 212 225 347 326 283 205 210 220 157 133 98 76 65 51 46 46 54 59 41 29 28 25 34 32 22 22 20 17 22 18 13 2 2 2 2 2 2 2 2 3 4 6 13 21 13 9 7 4 3 3 5 4 5 4 3 3 3 2 3 3 3 3 2 2 2 3 5 8 12 20 13 12 11 6 5 4 4 4 3 3 2 4 3 3 3 4 3 4 4 4
208 222 215 243 221 214 244 240 206 161 150 135 94 112 93 71 57 70 67 52 65 45 43 33 28 26 35 34 21 20 19 19 18 17 4 2 2 3 2 2 2 2 2 3 3 6 9 17 13 9 8 5 5 4 5 4 4 3 3 3 3 3 3 3 2 2 2 3 3 4 4 7 12 14 11 24 14 9 7 4 3 3 4 2 2 3 4 4 4 6 4 4 6 6
204 221 214 227 248 242 231 195 150 123 92 110 86 109 72 84 65 80 58 51 49 44 50 38 28 28 25 29 21 21 19 18 19 14 2 2 2 2 2 2 2 2 2 3 3 6 8 11 13 11 8 7 6 5 4 4 4 3 3 3 3 4 3 3 2 3 5 3 5 7 5 6 7 11 14 17 16 17 10 6 5 4 4 2 2 4 4 3 5 6 6 6 6 10
245 208 219 227 290 267 213 187 142 116 93 97 82 99 65 65 60 63 53 54 52 43 42 51 30 28 26 28 22 21 18 18 20 15 2 2 2 2 2 2 2 2 2 3 3 3 7 7 12 12 8 8 8 7 5 5 4 3 3 3 3 8 4 3 2 3 4 3 4 9 7 9 8 13 16 23 20 26 15 13 7 4 3 3 3 3 4 7 5 6 7 7 5 9
202 215 205 256 330 254 192 136 104 118 115 85 71 81 81 110 78 57 52 60 67 43 38 39 34 28 27 25 24 20 19 20 20 13 2 2 3 2 2 2 2 2 2 2 3 2 4 6 8 12 12 10 9 9 7 5 4 3 3 3 3 4 3 3 2 2 3 5 7 7 7 14 12 12 15 17 30 40 21 28 11 6 5 3 4 3 5 7 9 8 7 5 4 5
346 257 232 273 267 222 196 172 119 107 112 71 81 96 98 90 71 61 71 156 68 47 39 48 35 27 27 24 22 20 21 20 20 12 2 2 3 2 2 2 2 2 2 2 2 2 2 4 5 8 13 13 12 10 7 4 3 3 4 7 3 5 3 2 3 3 5 7 13 15 10 11 10 9 11 11 19 25 38 23 17 15 14 7 4 4 5 7 7 10 8 7 5 5
475 347 288 305 247 207 182 151 144 113 107 94 95 97 93 73 79 68 75 105 74 60 53 42 36 29 29 25 24 22 22 21 22 13 2 2 2 2 2 2 2 2 2 2 2 2 2 2 3 5 8 10 15 12 8 6 4 3 4 4 4 7 4 2 2 3 6 12 17 17 10 8 10 8 8 7 15 16 25 17 25 23 15 15 10 5 4 5 7 10 21 13 7 10
910 462 413 358 257 212 164 137 108 98 90 103 96 97 104 89 83 73 84 81 72 51 66 65 37 32 30 30 28 23 23 23 23 14 2 2 2 2 2 2 3 2 2 2 2 2 2 2 3 4 5 8 15 17 12 9 5 3 3 3 3 3 7 3 3 3 7 16 13 9 7 7 8 5 6 6 8 11 16 18 30 43 23 23 12 10 5 5 8 8 15 19 15 13
2567 1092 1132 486 287 218 150 139 143 123 106 100 97 104 104 96 88 86 86 81 65 69 71 61 39 35 35 43 40 35 27 31 27 27 3 3 3 3 3 2 2 2 2 2 2 2 2 2 3 3 5 6 12 25 15 10 6 4 4 3 3 3 4 3 3 3 7 10 10 7 5 4 5 4 5 5 5 11 10 12 14 26 25 19 17 17 9 5 8 9 8 9 24 16
9006 15289 7422 605 312 205 152 182 371 181 137 111 98 119 134 115 105 95 81 67 70 74 74 59 53 46 43 52 49 35 31 31 30 31 9 3 3 3 3 3 2 2 2 2 3 2 2 2 2 3 4 5 7 15 17 11 9 7 5 5 4 3 3 3 3 3 9 17 14 7 4 4 4 4 3 5 6 7 9 11 15 15 20 40 51 24 15 9 8 8 4 7 14 16
3480 15471 8668 1077 345 202 154 180 413 287 154 124 137 174 211 234 122 118 118 109 81 84 80 66 81 68 69 47 46 36 32 33 38 36 20 3 3 4 3 3 3 3 2 2 2 3 2 2 2 3 4 5 8 12 20 18 21 20 8 6 6 4 3 3 3 3 8 15 9 7 4 4 4 4 3 3 3 5 4 6 7 9 13 21 104 47 25 11 9 5 4 7 6 9
770 922 1374 598 317 235 174 208 225 263 150 191 336 467 313 195 134 126 123 102 88 89 80 73 68 77 70 70 62 56 41 44 46 55 47 5 4 4 3 4 3 3 3 3 3 3 2 3 3 3 4 6 8 9 14 29 56 41 15 7 7 5 4 3 3 3 3 4 5 4 4 3 3 3 5 3 4 6 5 4 4 5 10 12 35 45 26 17 11 9 5 7 9 9
405 470 772 1159 348 275 209 212 168 176 182 173 485 634 271 190 160 123 157 128 97 83 99 95 97 83 76 66 69 67 55 54 61 65 77 18 5 6 4 5 4 4 4 4 4 3 3 4 5 4 4 5 7 8 13 22 72 71 19 9 7 6 5 4 3 4 3 3 5 4 3 2 3 4 6 4 3 4 5 6 5 6 7 7 15 22 47 30 20 15 11 8 9 9
303 329 383 540 427 310 253 200 154 167 214 413 542 690 699 365 210 169 169 144 114 99 86 115 116 112 94 85 81 65 72 56 64 58 73 33 6 6 5 6 5 5 4 4 3 4 4 4 4 4 4 4 6 8 10 17 80 175 45 16 13 10 7 4 4 3 3 3 3 3 2 2 4 4 4 3 3 3 4 5 4 5 4 4 8 15 29 46 22 21 15 13 13 8
207 281 353 481 681 410 336 457 175 172 328 277 610 664 391 342 355 385 354 163 136 149 194 198 247 161 113 101 92 81 63 75 95 87 89 27 7 7 7 6 6 7 6 5 5 5 4 5 5 5 4 5 6 7 7 12 78 278 175 37 29 18 8 5 4 3 3 3 3 3 2 2 4 4 3 4 4 3 4 6 5 4 5 6 9 14 16 24 43 39 27 20 17 13
264 251 322 514 2442 602 555 533 226 205 255 484 637 384 384 724 719 900 755 289 268 254 270 302 275 225 191 157 107 110 94 114 124 127 118 14 9 9 7 7 6 7 8 7 7 5 6 6 7 8 6 5 5 5 6 10 33 153 405 206 101 35 11 5 4 3 3 3 3 2 2 2 3 4 4 5 6 5 5 8 8 4 4 4 7 11 10 13 16 39 74 40 20 15
550 341 325 428 2408 6665 551 625 442 385 534 362 855 614 815 712 609 463 452 463 298 265 163 335 278 193 237 232 97 77 70 87 126 69 93 4 3 2 2 2 2 2 -9999 -9999 -9999 -9999 -9999 -9999 -9999 -9999 2 3 2 1 -9999 -9999 -9999 -9999 -9999 141 147 36 15 9 5 6 5 3 3 3 2 2 3 4 4 7 6 5 4 7 9 5 4 4 6 6 7 9 13 18 32 53 39 20
-9999 -9999 -9999 -9999 -9999 -9999 -9999 -9999 -9999 -9999 -9999 -9999 -9999 -9999 -9999 -9999 -9999 -9999 -9999 -9999 -9999 -9999 -9999 -9999 -9999 -9999 -9999 -9999 -9999 -9999 -9999 -9999 -9999 -9999 -9999 -9999 -9999 -9999 -9999 -9999 -9999 -9999 -9999 -9999 -9999 -9999 -9999 -9999 -9999 -9999 -9999 -9999 -9999 -9999 -9999 -9999 -9999 -9999 -9999 -9999 194 109 26 16 10 8 6 3 4 4 3 2 3 5 5 9 7 7 4 5 7 5 5 6 6 4 4 7 13 16 13 15 28 11
-9999 -9999 -9999 -9999 -9999 -9999 -9999 -9999 -9999 -9999 -9999 -9999 -9999 -9999 -9999 -9999 -9999 -9999 -9999 -9999 -9999 -9999 -9999 -9999 -9999 -9999 -9999 -9999 -9999 -9999 -9999 -9999 -9999 -9999 -9999 -9999 -9999 -9999 -9999 -9999 -9999 -9999 -9999 -9999 -9999 -9999 -9999 -9999 -9999 -9999 -9999 -9999 -9999 -9999 -9999 -9999 -9999 -9999 -9999 -9999 -9999 166 84 24 17 14 9 6 3 4 3 3 3 8 7 7 5 5 5 7 5 5 6 6 5 6 6 5 5 4 5 6 6 7
-9999 -9999 -9999 -9999 -9999 -9999 -9999 -9999 -9999 -9999 -9999 -9999 -9999 -9999 -9999 -9999 -9999 -9999 -9999 -9999 -9999 -9999 -9999 -9999 -9999 -9999 -9999 -9999 -9999 -9999 -9999 -9999 -9999 -9999 -9999 -9999 -9999 -9999 -9999 -9999 -9999 -9999 -9999 -9999 -9999 -9999 -9999 -9999 -9999 -9999 -9999 -9999 -9999 -9999 -9999 -9999 -9999 -9999 -9999 -9999 -9999 20 203 97 33 28 13 9 6 5 4 3 3 5 7 7 6 5 5 7 8 6 5 7 8 8 8 3 3 3 4 5 5 7
-9999 -9999 -9999 -9999 -9999 -9999 -9999 -9999 -9999 -9999 -9999 -9999 -9999 -9999 -9999 -9999 -9999 -9999 -9999 -9999 -9999 -9999 -9999 -9999 -9999 -9999 -9999 -9999 -9999 -9999 -9999 -9999 -9999 -9999 -9999 -9999 -9999 -9999 -9999 -9999 -9999 -9999 -9999 -9999 -9999 -9999 -9999 -9999 -9999 -9999 -9999 -9999 -9999 -9999 -9999 -9999 -9999 -9999 -9999 -9999 -9999 -9999 36 402 142 25 16 12 10 5 5 6 5 5 7 7 8 6 7 9 13 9 6 6 10 11 9 2 2 2 3 4 5 7
