data/ago/ago_initialpopulation.asc
ncols         277
nrows         308
xllcorner     -540299.14387948
yllcorner     7980296.7276279
cellsize      5000
NODATA_value  -9999
[rows 84 to 125 of 308, columns 94 to 187 of 277]
162 57 70 82 58 51 29 32 49 60 81 60 87 46 36 25 24 31 34 76 65 37 33 31 27 47 38 30 46 44 42 43 33 50 57 75 186 211 326 233 177 209 183 168 145 143 136 125 136 127 47 22 33 17 17 17 23 27 19 19 23 19 17 17 28 40 40 51 59 78 49 34 33 18 16 17 21 24 20 40 54 26 20 41 35 36 25 22 20 30 19 39 73 47
199 87 112 42 38 27 31 35 42 90 134 39 31 27 28 27 33 34 39 84 40 49 64 28 42 49 38 38 36 40 29 33 37 65 58 41 95 87 241 169 142 129 178 147 131 135 158 136 142 119 43 18 29 27 16 22 29 28 21 22 20 19 22 20 25 29 36 43 64 64 36 26 27 22 25 16 16 25 19 24 54 38 23 21 24 25 21 17 15 15 16 34 49 70
77 115 33 46 31 31 37 51 67 172 65 31 25 21 25 23 57 57 62 45 52 31 21 22 47 54 26 28 42 43 33 34 46 62 35 37 45 69 213 186 153 111 113 152 123 116 125 154 165 129 64 19 22 29 21 20 21 20 27 31 28 24 23 25 29 26 33 45 91 67 33 19 17 21 17 17 16 19 14 19 31 93 47 29 39 63 34 27 15 16 17 17 53 99
41 65 33 61 36 39 43 109 169 74 50 28 23 22 21 20 27 37 31 33 34 23 24 49 32 42 32 24 27 34 48 55 46 31 33 37 64 96 246 214 187 205 165 143 146 125 149 133 136 129 89 21 19 20 25 25 20 21 25 24 23 25 39 35 26 26 33 62 162 55 31 18 15 18 15 16 13 15 17 22 24 22 28 25 42 51 29 28 26 16 16 19 44 96
58 46 55 52 49 50 59 114 80 42 41 25 19 17 18 18 21 21 20 17 15 17 20 32 49 66 61 27 26 39 52 36 37 31 32 40 50 77 397 399 223 234 177 135 170 156 156 127 127 120 131 40 23 30 35 43 35 25 30 28 49 51 46 71 32 37 59 91 134 41 32 17 15 29 17 15 17 16 15 20 20 23 29 24 27 28 20 23 25 17 17 23 27 91
85 62 60 114 81 152 148 144 45 33 26 23 22 18 17 18 21 19 16 16 18 20 30 22 35 65 143 50 30 27 64 34 33 36 53 44 53 80 152 325 560 539 218 180 145 149 166 144 140 122 123 122 54 22 26 27 38 33 23 29 56 138 161 59 61 60 63 79 140 44 29 18 15 29 17 10 14 13 15 16 19 21 25 21 20 25 20 27 19 19 15 27 28 89
85 47 52 66 89 67 139 102 61 33 23 24 24 42 22 17 28 28 23 20 31 22 23 19 40 71 108 43 28 22 28 27 28 28 39 58 47 67 55 49 58 322 316 278 189 150 164 154 139 124 110 116 124 76 29 28 33 32 32 38 85 317 180 59 43 45 37 40 60 43 38 28 16 13 15 13 15 16 18 18 18 26 17 19 17 22 23 25 17 15 14 17 31 147
96 50 46 68 96 98 68 42 48 35 29 26 28 21 26 40 21 19 43 18 17 17 22 23 42 47 57 36 25 21 25 35 27 29 41 49 47 35 26 34 41 41 194 488 439 204 159 163 152 164 118 121 145 151 146 43 33 57 53 57 98 154 105 51 40 34 32 53 90 59 33 22 26 20 10 14 18 23 31 18 17 26 17 23 21 22 24 23 17 13 14 21 22 37
71 65 49 50 65 75 96 42 29 33 29 37 34 19 19 26 21 26 54 24 30 17 28 39 45 56 57 37 31 28 28 23 26 27 42 52 50 51 34 33 34 38 102 416 825 302 236 156 170 189 165 109 162 168 210 143 28 46 44 51 68 85 68 52 58 72 36 46 47 83 27 21 15 15 10 13 21 24 27 18 19 29 18 14 15 14 17 24 15 13 14 21 20 31
73 116 52 63 70 67 59 37 25 25 41 47 29 37 20 26 21 27 37 31 21 17 21 41 50 127 65 47 30 28 37 33 22 26 32 63 56 50 36 29 27 36 68 128 687 518 274 169 172 183 160 148 163 138 183 212 30 45 43 57 43 35 60 55 42 31 32 86 48 79 28 19 13 13 10 11 13 15 20 17 27 24 21 18 15 17 22 22 15 13 14 18 22 21
68 79 60 77 142 94 51 31 24 42 33 27 29 30 20 18 26 26 33 21 19 26 107 37 56 101 55 46 24 25 51 51 39 33 34 39 38 53 46 43 36 38 41 55 80 488 603 315 201 177 177 170 132 122 129 175 28 33 43 105 37 28 27 29 32 27 29 25 38 35 24 18 14 12 15 10 12 13 18 15 40 22 13 18 20 18 16 22 14 13 14 24 17 22
40 32 51 85 235 113 62 33 37 49 30 26 24 29 28 18 38 27 28 41 28 39 61 33 101 135 75 39 27 27 38 32 30 34 41 32 36 47 49 41 42 29 38 39 50 325 817 396 342 196 172 184 141 115 122 69 26 28 108 43 41 32 19 20 22 26 28 19 28 78 24 17 13 11 12 10 11 11 15 18 27 21 13 14 25 17 20 19 14 13 14 17 15 22
34 32 36 69 161 158 33 25 27 26 22 26 22 31 45 81 25 23 24 52 53 62 71 116 65 48 56 36 22 21 22 32 47 36 33 28 41 56 71 49 35 32 25 36 44 125 1502 745 1107 400 243 166 159 134 135 48 64 45 36 26 24 18 17 16 16 16 17 17 25 77 31 17 13 11 13 10 11 12 17 18 23 17 13 14 17 23 27 25 15 14 15 13 14 16
141 43 51 52 117 140 33 24 21 24 24 24 21 33 34 96 29 25 33 41 104 56 110 148 100 63 47 36 25 24 29 39 36 32 29 27 36 59 122 77 48 32 24 33 50 66 544 1485 1551 814 634 233 211 193 160 289 142 43 32 26 22 15 13 12 13 14 21 21 20 63 23 14 11 12 11 10 11 13 17 14 20 16 13 14 17 23 27 19 16 17 21 14 14 18
95 149 162 134 102 107 34 27 23 23 20 33 27 30 23 33 90 36 50 63 40 59 132 306 175 149 90 44 28 29 32 45 39 25 27 32 37 65 135 75 54 31 32 33 34 54 399 3148 2993 738 549 482 427 281 376 512 210 168 38 22 25 14 11 11 11 13 16 16 16 23 24 14 12 11 11 11 11 12 13 20 23 16 15 20 18 17 24 17 16 20 16 11 12 21
96 137 105 90 74 52 36 34 32 31 21 29 49 47 31 28 46 183 203 125 66 181 109 90 112 73 60 47 52 50 44 35 51 37 36 43 45 67 122 101 46 24 27 28 32 40 87 322 1568 638 269 189 532 916 508 190 147 191 123 46 27 16 12 11 10 11 12 13 14 16 18 24 17 19 14 13 13 14 15 18 25 17 17 21 17 17 18 17 15 14 17 16 18 15
66 89 203 114 99 54 53 33 25 24 22 23 29 49 34 36 65 406 230 65 77 66 56 68 77 114 70 76 75 71 58 50 33 35 39 45 46 68 54 52 36 23 24 27 30 32 48 103 719 446 184 221 326 509 287 177 117 164 152 113 50 14 13 13 10 10 10 11 12 13 15 19 29 32 17 17 17 19 21 24 31 18 15 20 25 20 18 11 10 12 15 17 13 18
107 111 200 163 119 70 113 83 28 32 31 25 38 56 188 156 108 87 45 32 46 41 73 100 48 76 100 176 92 102 71 40 41 41 32 39 47 39 34 42 66 28 22 27 28 29 34 120 361 279 211 215 265 228 143 187 107 146 139 96 28 11 15 15 11 10 10 9 10 11 11 13 13 16 28 22 24 32 27 24 22 15 12 12 35 21 11 12 12 12 13 19 13 17
239 224 158 204 276 103 185 120 28 24 23 26 29 36 146 397 58 50 48 26 24 42 88 73 57 58 132 128 53 26 27 32 60 63 30 25 32 40 27 26 45 37 22 26 26 27 34 72 713 353 241 353 284 163 144 171 113 162 83 42 11 9 10 10 12 14 10 9 14 11 10 11 11 14 21 24 33 51 31 21 14 11 15 13 18 10 9 11 9 10 15 18 17 20
341 188 153 241 175 142 113 57 25 24 24 24 26 32 59 125 52 32 34 29 30 59 66 37 60 74 130 92 59 39 26 27 31 33 22 23 19 24 26 26 59 25 25 22 20 24 33 52 128 369 563 857 209 156 152 102 104 98 14 12 11 10 9 9 10 13 10 8 12 9 8 10 11 14 21 26 33 31 30 23 16 14 10 11 12 11 12 16 10 13 20 14 13 17
279 452 448 846 316 211 61 41 37 27 35 30 32 35 49 72 102 30 24 31 35 41 35 30 36 49 51 109 66 67 28 30 24 19 16 19 20 23 22 23 51 18 18 19 22 24 32 51 97 487 1970 573 188 157 142 117 116 39 15 14 13 11 10 9 9 9 8 8 8 8 8 8 11 13 20 26 46 33 36 32 17 17 19 16 13 12 15 16 11 13 15 20 15 18
252 447 1235 1250 486 99 38 61 43 32 54 41 49 69 53 66 47 34 29 42 30 29 33 28 37 37 62 123 59 41 30 24 21 16 17 15 17 24 19 22 43 21 32 19 20 26 42 65 432 4100 1956 423 222 180 161 144 91 21 17 16 15 13 11 10 9 8 8 8 7 7 8 8 10 12 17 30 75 44 31 27 40 26 25 17 11 9 9 16 17 11 18 18 17 18
195 258 465 1363 492 205 82 129 59 80 88 148 141 106 61 110 30 37 62 96 36 26 30 31 52 56 80 178 53 50 28 22 26 17 20 17 21 26 21 19 20 23 30 23 21 31 66 275 2124 6548 1331 378 221 203 101 59 53 40 20 18 16 14 12 12 10 9 8 8 7 8 8 9 9 12 20 58 185 59 29 28 35 46 26 15 13 10 15 22 26 17 22 22 25 21
122 257 554 1373 694 396 180 185 139 68 117 443 633 399 116 83 31 26 35 63 32 20 21 30 44 40 47 237 65 61 37 32 31 22 17 30 34 34 33 20 22 21 28 23 22 35 128 584 810 1318 473 412 306 278 113 62 61 59 37 24 20 16 15 21 13 10 9 9 8 8 9 9 11 12 17 28 51 64 29 27 40 30 27 17 12 13 18 22 44 42 19 22 27 23
177 1166 402 386 415 429 253 214 93 62 111 352 577 397 135 42 29 23 22 23 22 24 21 26 51 34 65 190 73 69 34 24 31 25 19 55 48 34 26 19 17 17 33 35 32 41 109 337 225 98 82 749 502 340 187 89 73 130 66 49 37 22 15 26 15 12 11 11 11 9 10 11 15 13 15 24 34 48 28 27 34 40 31 17 14 20 23 54 49 55 25 30 37 23
194 153 186 213 220 416 513 210 72 97 339 478 575 322 135 54 41 28 25 22 21 30 41 28 26 47 251 335 111 59 46 38 29 25 30 31 22 22 20 18 16 15 19 24 31 45 129 99 76 47 88 157 239 858 595 178 201 70 55 45 41 34 28 24 21 18 17 14 15 13 11 13 19 13 14 27 30 31 25 32 33 31 45 32 24 29 26 49 59 106 45 35 34 30
133 87 95 94 218 240 509 342 238 227 300 476 645 361 245 68 66 65 53 26 25 28 32 43 37 50 164 101 61 48 37 41 34 29 34 34 26 22 21 22 15 17 18 26 32 48 65 63 49 44 53 112 288 122 339 351 123 63 52 44 41 36 30 27 27 27 30 40 29 22 14 12 16 13 16 21 24 32 47 29 23 23 35 43 27 20 24 50 52 53 30 29 28 29
78 57 43 51 78 218 260 181 122 198 372 463 418 573 520 295 224 340 190 71 44 44 66 64 42 45 94 111 101 133 157 56 39 36 35 37 23 21 22 19 19 27 25 32 60 76 80 57 53 50 125 110 111 89 149 279 221 97 78 55 45 39 32 28 28 33 30 29 26 25 28 30 13 13 16 25 76 53 28 21 17 21 40 39 36 24 32 49 34 26 34 37 28 46
65 52 45 33 46 109 232 270 181 436 731 1076 522 421 1374 1273 725 435 146 303 106 103 212 108 70 55 94 262 501 470 248 158 151 110 59 48 28 24 38 24 22 27 38 50 68 145 177 80 87 36 49 46 42 68 85 111 126 538 323 110 67 49 41 36 34 36 30 28 25 24 25 28 24 16 20 24 28 27 25 25 18 25 30 24 40 23 21 50 24 19 24 27 53 88
131 129 66 49 49 93 194 397 370 793 1799 2785 1006 857 1478 1507 710 1431 187 201 180 171 248 321 258 242 359 108 94 107 172 95 67 58 42 43 109 45 38 43 27 33 65 113 98 161 222 55 41 42 37 26 27 32 45 66 115 87 87 94 134 117 59 48 44 53 36 32 28 24 23 31 41 37 42 16 16 14 18 33 21 31 42 21 28 26 22 40 21 19 25 35 82 127
191 255 148 117 111 108 509 3638 3072 3932 6833 6482 3652 2159 1746 2598 2934 2129 422 270 235 204 482 504 337 383 384 72 52 53 65 52 31 43 46 35 38 66 44 44 32 43 100 419 457 73 57 42 34 39 36 19 20 23 26 36 99 75 56 51 56 80 143 58 57 68 52 41 33 30 26 34 50 52 70 17 15 17 18 23 51 39 52 41 25 23 19 26 18 22 29 61 127 135
60 62 63 118 102 141 533 3450 2400 5407 15515 22001 18763 10618 2397 1086 661 745 138 112 203 174 231 456 275 142 642 193 54 66 59 48 49 40 43 43 30 35 47 37 55 82 141 428 196 50 36 30 22 19 22 20 18 26 24 37 117 87 47 47 50 48 74 108 129 113 104 70 52 37 36 33 43 68 65 29 19 31 54 28 38 39 45 40 19 17 17 24 29 18 22 71 130 117
69 52 56 43 53 53 476 1508 1561 2329 3410 13460 15435 7539 1921 1025 356 372 97 85 61 70 182 155 124 121 197 135 177 241 72 63 108 71 25 33 30 31 29 34 49 69 54 72 63 47 29 21 24 15 15 15 24 21 20 31 42 59 95 72 58 49 62 87 162 475 229 137 62 60 41 37 44 56 51 37 29 47 32 35 29 33 50 71 23 16 47 43 41 28 33 52 106 91
71 35 39 35 53 78 404 577 1000 1408 1384 2804 3628 1872 400 310 224 145 97 78 63 42 56 73 57 81 70 54 78 205 246 212 143 72 38 28 29 27 31 37 37 36 36 37 34 31 33 22 19 17 16 17 14 17 23 26 27 40 68 93 72 47 55 59 108 122 70 74 69 60 55 58 44 52 46 43 43 25 17 19 15 30 41 56 27 63 76 69 74 37 24 73 73 67
43 33 33 33 38 129 266 413 496 1314 1875 2295 856 509 136 58 63 54 70 80 60 56 85 75 71 51 59 58 78 64 214 296 49 70 42 23 44 26 33 36 40 31 28 26 26 24 26 28 21 23 21 22 18 19 25 26 26 25 36 53 71 83 63 57 62 53 45 49 78 81 74 72 68 63 48 50 74 27 15 12 13 18 26 36 39 84 97 66 79 41 29 81 95 107
36 29 30 35 56 536 600 1140 608 795 1253 1054 442 504 172 99 59 49 50 67 63 122 66 51 42 33 45 69 46 52 86 259 80 122 65 31 29 22 29 35 33 27 25 30 30 22 18 21 22 20 17 15 17 16 22 23 25 27 33 38 41 51 72 80 88 55 42 41 57 86 56 107 223 168 81 47 41 33 18 15 16 19 31 43 43 54 61 57 59 36 30 68 130 251
55 52 62 73 81 97 215 393 364 269 102 123 268 1117 350 80 44 34 35 35 35 58 47 42 36 34 37 71 35 37 49 98 91 59 40 27 40 28 22 26 27 38 27 28 26 19 17 20 25 17 17 17 17 16 28 25 27 26 35 33 32 33 83 114 103 92 66 52 50 65 49 77 270 343 123 53 43 33 15 14 32 22 28 35 68 44 45 48 49 35 65 93 132 249
59 49 50 61 66 68 85 92 124 96 81 135 325 1666 386 82 48 39 75 32 31 51 42 37 39 35 34 33 28 32 41 77 202 64 112 37 41 31 24 33 41 41 39 39 23 26 21 17 15 15 15 16 10 13 27 26 27 30 31 27 26 39 62 148 96 113 72 61 55 37 42 81 128 357 202 91 46 35 18 14 17 20 38 32 36 51 43 51 42 79 144 244 186 235
49 43 42 46 50 54 64 77 91 118 130 271 135 168 106 77 50 57 60 33 30 37 47 31 33 38 36 42 40 41 43 52 285 102 44 35 32 40 29 50 75 83 39 37 34 18 16 17 16 18 11 15 12 13 20 19 23 27 25 24 29 34 47 125 108 102 78 62 43 35 37 54 62 152 231 94 43 30 21 14 15 21 31 39 45 38 61 54 109 137 156 320 180 187
39 36 36 39 44 47 56 70 85 132 360 167 77 68 64 72 63 54 45 37 39 36 28 27 29 36 47 62 58 65 77 78 213 152 49 33 33 33 36 51 54 59 38 30 27 17 14 12 12 16 13 17 17 19 23 23 24 23 21 21 21 27 37 70 88 81 68 80 51 38 33 38 44 108 194 78 41 31 26 17 22 23 19 28 51 97 144 127 122 165 194 214 292 182
38 35 33 34 39 40 50 65 90 121 146 119 55 46 53 65 87 99 70 55 52 43 28 36 26 32 39 66 80 106 120 109 242 150 66 48 36 35 51 63 43 43 41 37 30 20 17 14 11 10 12 22 12 17 28 24 22 16 17 20 20 32 30 60 87 104 147 78 68 40 31 36 56 65 55 53 48 39 33 27 23 32 30 38 71 228 255 304 95 235 155 181 118 150
42 39 34 35 38 40 53 59 98 120 113 119 65 43 57 88 113 114 92 84 41 35 34 51 33 40 35 38 50 55 60 105 150 384 128 124 45 43 74 45 36 33 36 38 28 25 17 15 13 10 9 11 16 17 17 30 28 22 21 20 21 33 40 82 135 83 81 67 72 63 54 48 48 65 56 74 82 49 40 36 43 65 64 81 103 258 175 185 110 81 102 104 79 91
