data/ago/ago_pfpr210.asc
ncols         277
nrows         308
xllcorner     -540299.14387948
yllcorner     7980296.7276279
cellsize      5000
NODATA_value  -9999
[rows 196 to 223 of 308, columns 0 to 61 of 277]
-9999 -9999 -9999 -9999 -9999 -9999 -9999 -9999 -9999 -9999 -9999 -9999 -9999 -9999 -9999 -9999 -9999 -9999 -9999 -9999 -9999 -9999 -9999 -9999 -9999 -9999 -9999 -9999 -9999 -9999 -9999 0.1301802 0.127212 0.1472091 0.1624644 0.1551414 0.1563692 0.1653946 0.1679736 0.1669205 0.1534508 0.1832494 0.2071737 0.2237242 0.2464324 0.252719 0.2470299 0.2401445 0.2412394 0.2578009 0.2799904 0.2724354 0.2920571 0.3163837 0.3399325 0.3235901 0.3810817 0.3658642 0.4059958 0.3933955 0.4100688 0.4363559
-9999 -9999 -9999 -9999 -9999 -9999 -9999 -9999 -9999 -9999 -9999 -9999 -9999 -9999 -9999 -9999 -9999 -9999 -9999 -9999 -9999 -9999 -9999 -9999 -9999 -9999 -9999 -9999 -9999 -9999 -9999 0.118324 0.136759 0.1571023 0.1486352 0.1600694 0.1709904 0.1547674 0.1452463 0.1692222 0.1619043 0.1478234 0.1946981 0.2086695 0.2282037 0.2393535 0.2487341 0.2553745 0.2539436 0.2741394 0.2891675 0.2511935 0.3339394 0.3125811 0.3161781 0.3492184 0.3525412 0.3589894 0.4013407 0.4155665 0.3907911 0.443167
-9999 -9999 -9999 -9999 -9999 -9999 -9999 -9999 -9999 -9999 -9999 -9999 -9999 -9999 -9999 -9999 -9999 -9999 -9999 -9999 -9999 -9999 -9999 -9999 -9999 -9999 -9999 -9999 -9999 -9999 0.1180722 0.1272458 0.1444392 0.1469535 0.1480294 0.1439837 0.151279 0.1623857 0.1655896 0.2069503 0.1749116 0.166519 0.1899281 0.1916156 0.2223365 0.2472298 0.2627739 0.2631992 0.2700428 0.2835515 0.3110099 0.2943272 0.3360268 0.3178583 0.3236444 0.3541025 0.3503527 0.3862063 0.4174318 0.4385314 0.4283445 0.468823
-9999 -9999 -9999 -9999 -9999 -9999 -9999 -9999 -9999 -9999 -9999 -9999 -9999 -9999 -9999 -9999 -9999 -9999 -9999 -9999 -9999 -9999 -9999 -9999 -9999 -9999 -9999 -9999 0.1004476 0.1050145 0.1162407 0.1311046 0.1230664 0.143392 0.1321231 0.1362503 0.1464895 0.1841407 0.1862741 0.1961252 0.2065612 0.1790593 0.2029493 0.2063048 0.2054095 0.2038422 0.2266759 0.2683456 0.2760299 0.2999958 0.3239951 0.307384 0.2834868 0.3104357 0.3412942 0.3756506 0.3895579 0.3915651 0.4100912 0.4200731 0.4501468 0.5012566
-9999 -9999 -9999 -9999 -9999 -9999 -9999 -9999 -9999 -9999 -9999 -9999 -9999 -9999 -9999 -9999 -9999 -9999 -9999 -9999 -9999 -9999 -9999 -9999 -9999 -9999 0 0.1011582 0.1024536 0.1116137 0.1211671 0.1260074 0.1280496 0.1152581 0.1221317 0.1570354 0.1785401 0.2015664 0.2042766 0.1920285 0.1968017 0.1951505 0.1670462 0.2497596 0.2209158 0.2311708 0.2400653 0.2675003 0.2814708 0.3040258 0.299685 0.3270335 0.3221992 0.3425665 0.3703338 0.3916457 0.376341 0.4287942 0.4366977 0.4586875 0.4535308 0.4726248
-9999 -9999 -9999 -9999 -9999 -9999 -9999 -9999 -9999 -9999 -9999 -9999 -9999 -9999 -9999 -9999 -9999 -9999 -9999 -9999 -9999 -9999 -9999 -9999 -9999 -9999 0 0.1034366 0.1235367 0.1209099 0.1167752 0.1222893 0.1197544 0.1448278 0.1625124 0.1636417 0.1832449 0.1875849 0.160696 0.1887102 0.2039567 0.1912832 0.167825 0.2497762 0.2315279 0.2201764 0.1965872 0.2490131 0.259444 0.2786984 0.2833762 0.3155276 0.3293878 0.3444014 0.4207518 0.4387907 0.3993445 0.4316494 0.4626041 0.4985804 0.4802166 0.5065158
-9999 -9999 -9999 -9999 -9999 -9999 -9999 -9999 -9999 -9999 -9999 -9999 -9999 -9999 -9999 -9999 -9999 -9999 -9999 -9999 -9999 -9999 -9999 -9999 -9999 0 0.09842209 0.1162672 0.1141647 0.1144983 0.1149709 0.115745 0.116836 0.1358397 0.1425403 0.1802011 0.1739628 0.1700325 0.1753399 0.208391 0.2093798 0.19548 0.1793899 0.2189744 0.2150381 0.2635619 0.1931571 0.2214506 0.2669281 0.258778 0.2853851 0.3273666 0.3287572 0.3807106 0.367349 0.3978808 0.4087881 0.4153042 0.4808986 0.4950264 0.4922189 0.4941131
-9999 -9999 -9999 -9999 -9999 -9999 -9999 -9999 -9999 -9999 -9999 -9999 -9999 -9999 -9999 -9999 -9999 -9999 -9999 -9999 -9999 -9999 -9999 -9999 0 0.1069998 0.1231962 0.1372633 0.1100389 0.1064745 0.1101392 0.1314862 0.1309712 0.1240351 0.1519146 0.1637365 0.1604224 0.1586886 0.1791016 0.1930695 0.2238781 0.2164315 0.1913171 0.2115228 0.2146508 0.2416566 0.2013613 0.2611409 0.2560898 0.2696949 0.3135763 0.3256707 0.3100929 0.3295881 0.3865481 0.4090286 0.4318517 0.4864609 0.472964 0.5540907 0.5482207 0.5816215
-9999 -9999 -9999 -9999 -9999 -9999 -9999 -9999 -9999 -9999 -9999 -9999 -9999 -9999 -9999 -9999 -9999 -9999 -9999 -9999 -9999 -9999 -9999 -9999 0.1104326 0.1310971 0.1365293 0.1220592 0.1227803 0.1093471 0.1108267 0.1349995 0.1343837 0.1258985 0.1404224 0.1577561 0.1556879 0.1525091 0.1713378 0.2010816 0.2070222 0.2039448 0.1985492 0.2039477 0.2339281 0.2141372 0.218902 0.2495889 0.2927741 0.2972576 0.3215809 0.3546216 0.3079055 0.3311624 0.3536316 0.4294156 0.4466877 0.4302112 0.4337192 0.4980954 0.572062 0.5759931
-9999 -9999 -9999 -9999 -9999 -9999 -9999 -9999 -9999 -9999 -9999 -9999 -9999 -9999 -9999 -9999 -9999 -9999 -9999 -9999 -9999 -9999 -9999 -9999 0.1161459 0.1276428 0.1348279 0.1223927 0.1335327 0.1305115 0.139826 0.1448766 0.1446912 0.1276551 0.119794 0.141253 0.1478859 0.1714606 0.1707462 0.1602651 0.1984586 0.2012217 0.2312333 0.2220181 0.2247535 0.2341169 0.2166699 0.2708681 0.2656667 0.3003474 0.3287125 0.3107878 0.3131226 0.3521066 0.35819 0.3702065 0.4188598 0.411184 0.4196774 0.4376402 0.4520961 0.497847
-9999 -9999 -9999 -9999 -9999 -9999 -9999 -9999 -9999 -9999 -9999 -9999 -9999 -9999 -9999 -9999 -9999 -9999 -9999 -9999 -9999 -9999 -9999 -9999 0.1141027 0.1127286 0.1243933 0.1360607 0.1236978 0.1253549 0.1275384 0.1301199 0.1476636 0.1479624 0.1465032 0.1353419 0.1419888 0.1582079 0.1670858 0.1646584 0.1688877 0.2035191 0.1946573 0.2201609 0.1932718 0.2555503 0.2509835 0.2829667 0.2735495 0.3034447 0.2916456 0.280237 0.3031539 0.3464153 0.3578014 0.3159555 0.3353017 0.4084044 0.3970251 0.4088941 0.4361671 0.4356891
-9999 -9999 -9999 -9999 -9999 -9999 -9999 -9999 -9999 -9999 -9999 -9999 -9999 -9999 -9999 -9999 -9999 -9999 -9999 -9999 -9999 -9999 -9999 -9999 -9999 0.122191 0.1217767 0.1263607 0.1277446 0.1270436 0.1206798 0.1250134 0.1560716 0.1617646 0.160386 0.1343575 0.1288391 0.136216 0.1657847 0.1691356 0.1423265 0.1634565 0.2015829 0.2173367 0.1937467 0.2500412 0.2594896 0.255773 0.2459804 0.2839561 0.2755023 0.2557711 0.2789164 0.289186 0.3447785 0.3050649 0.3337028 0.3942014 0.4231261 0.4141153 0.4450247 0.4419488
-9999 -9999 -9999 -9999 -9999 -9999 -9999 -9999 -9999 -9999 -9999 -9999 -9999 -9999 -9999 -9999 -9999 -9999 -9999 -9999 -9999 -9999 -9999 -9999 0 0.1229031 0.1262243 0.1324643 0.1269237 0.1219145 0.1127367 0.130563 0.1433635 0.1353865 0.1224907 0.1326655 0.1205483 0.1139145 0.1152855 0.1107134 0.1444998 0.191377 0.2203076 0.1998618 0.2021855 0.2070155 0.2431818 0.2468785 0.2439993 0.2572036 0.2706782 0.2590431 0.3250045 0.2902304 0.3397365 0.307762 0.3116352 0.335804 0.3963109 0.4431657 0.4568651 0.409828
-9999 -9999 -9999 -9999 -9999 -9999 -9999 -9999 -9999 -9999 -9999 -9999 -9999 -9999 -9999 -9999 -9999 -9999 -9999 -9999 -9999 -9999 -9999 -9999 0 0.1054569 0.1326393 0.12884 0.136491 0.1387715 0.1371434 0.1325755 0.1290101 0.1181686 0.1257841 0.1261787 0.1021899 0.137989 0.1278771 0.1239571 0.1408196 0.2005552 0.1991936 0.1893613 0.2107491 0.1819215 0.2264954 0.2510957 0.2388543 0.2714198 0.2870606 0.2262215 0.2809522 0.2820967 0.3050537 0.3207912 0.3826363 0.2952491 0.3806619 0.4206335 0.4155363 0.4023015
-9999 -9999 -9999 -9999 -9999 -9999 -9999 -9999 -9999 -9999 -9999 -9999 -9999 -9999 -9999 -9999 -9999 -9999 -9999 -9999 -9999 -9999 -9999 -9999 0 0.1143336 0.1284713 0.1303729 0.1324909 0.136014 0.1354461 0.1403641 0.1406643 0.1287527 0.1407391 0.1490679 0.1138951 0.1273734 0.1183091 0.1259815 0.1264381 0.1719951 0.1939612 0.1696707 0.2039303 0.2024686 0.181962 0.1989767 0.2367276 0.2537643 0.2770467 0.2889721 0.277247 0.2654848 0.274935 0.2851095 0.2973537 0.3174837 0.3708748 0.3940778 0.344964 0.3568888
-9999 -9999 -9999 -9999 -9999 -9999 -9999 -9999 -9999 -9999 -9999 -9999 -9999 -9999 -9999 -9999 -9999 -9999 -9999 -9999 -9999 -9999 -9999 -9999 0 0.1259597 0.127232 0.1499743 0.1396224 0.1286775 0.1213847 0.132436 0.160043 0.1595425 0.1549117 0.1435837 0.13713 0.1242136 0.1129353 0.134145 0.1326989 0.1281856 0.1852474 0.1723632 0.2020259 0.2076402 0.1804573 0.1992806 0.2017689 0.2191721 0.2557645 0.2738713 0.2438301 0.2468564 0.261004 0.2827704 0.3218863 0.3136309 0.3287905 0.3266042 0.305963 0.3333536
-9999 -9999 -9999 -9999 -9999 -9999 -9999 -9999 -9999 -9999 -9999 -9999 -9999 -9999 -9999 -9999 -9999 -9999 -9999 -9999 -9999 -9999 -9999 -9999 0 0.1305907 0.1344217 0.1240152 0.1334286 0.1349938 0.1318847 0.1335174 0.1519296 0.1455442 0.1575481 0.1626672 0.1543709 0.1042667 0.1126283 0.1224183 0.1289062 0.1251466 0.1746219 0.1982982 0.1880084 0.198207 0.1921541 0.1805891 0.2074253 0.2132028 0.2431611 0.2880176 0.2846203 0.2683903 0.2846288 0.2778891 0.2817011 0.3014059 0.2904685 0.3478344 0.360185 0.355507
-9999 -9999 -9999 -9999 -9999 -9999 -9999 -9999 -9999 -9999 -9999 -9999 -9999 -9999 -9999 -9999 -9999 -9999 -9999 -9999 -9999 -9999 -9999 -9999 0 0.1188787 0.1225447 0.1337945 0.1244947 0.1299789 0.1211497 0.1327804 0.1355037 0.1428726 0.1608427 0.1628303 0.1671931 0.1578216 0.1387312 0.1465032 0.1488031 0.1634401 0.1640342 0.1764185 0.1479998 0.1769731 0.1662439 0.2010854 0.2158778 0.1924079 0.2336869 0.2612443 0.2628191 0.2787662 0.2822343 0.2735825 0.3068065 0.3287591 0.3083053 0.3089194 0.3363468 0.3211026
-9999 -9999 -9999 -9999 -9999 -9999 -9999 -9999 -9999 -9999 -9999 -9999 -9999 -9999 -9999 -9999 -9999 -9999 -9999 -9999 -9999 -9999 -9999 0 0 0.1185698 0.124157 0.1404604 0.1233152 0.1345463 0.1277744 0.1286254 0.1373294 0.1363725 0.148732 0.151055 0.1547493 0.155564 0.1346159 0.1633781 0.1600387 0.173941 0.1546189 0.1657587 0.1555915 0.1711079 0.1414627 0.1630509 0.2021434 0.2253783 0.2379044 0.2354263 0.2313729 0.242056 0.227896 0.2542345 0.2830008 0.3011719 0.3327769 0.3056487 0.3414724 0.3368681
-9999 -9999 -9999 -9999 -9999 -9999 -9999 -9999 -9999 -9999 -9999 -9999 -9999 -9999 -9999 -9999 -9999 -9999 -9999 -9999 -9999 -9999 0.1098032 0.1033542 0.1134059 0.1203509 0.1300512 0.1360484 0.1380006 0.1326131 0.139536 0.1501138 0.1602856 0.1585684 0.1461829 0.1588725 0.1613322 0.1590462 0.1656619 0.1608937 0.16567 0.1415988 0.141725 0.1570754 0.1537551 0.1614691 0.1823431 0.1782826 0.2023911 0.2157913 0.2299804 0.2297997 0.2244696 0.2203146 0.2241461 0.2342188 0.2691225 0.2805608 0.3280955 0.3594844 0.3421065 0.3318307
-9999 -9999 -9999 -9999 -9999 -9999 -9999 -9999 -9999 -9999 -9999 -9999 -9999 -9999 -9999 -9999 -9999 -9999 -9999 -9999 -9999 -9999 0.09747636 0.1037828 0.1015522 0.1134195 0.1278083 0.1224604 0.1400441 0.1297796 0.1413684 0.1419381 0.1547993 0.165995 0.1442033 0.1484265 0.1663527 0.166301 0.1606468 0.1675662 0.1416194 0.1474179 0.155122 0.1491475 0.156425 0.1679166 0.1661778 0.1865654 0.2003784 0.2062815 0.2041261 0.2083485 0.2080259 0.2232398 0.2160329 0.2278088 0.2662963 0.2344462 0.2754403 0.2695321 0.3225393 0.3189423
-9999 -9999 -9999 -9999 -9999 -9999 -9999 -9999 -9999 -9999 -9999 -9999 -9999 -9999 -9999 -9999 -9999 -9999 -9999 -9999 -9999 0.0975091 0.09262122 0.1008254 0.09762999 0.1071315 0.1146525 0.1167613 0.1186888 0.129933 0.1386253 0.1434298 0.1551428 0.1391455 0.156686 0.1508619 0.151018 0.1448918 0.1523551 0.14324 0.1419187 0.1369353 0.1457195 0.1538845 0.1492091 0.1545895 0.170844 0.1420456 0.176533 0.2173278 0.1924779 0.1899958 0.2340445 0.2502405 0.2133189 0.2306682 0.2637254 0.2452092 0.2537025 0.2609135 0.2870961 0.3169556
-9999 -9999 -9999 -9999 -9999 -9999 -9999 -9999 -9999 -9999 -9999 -9999 -9999 -9999 -9999 -9999 -9999 -9999 -9999 -9999 0 0.0983199 0.1029343 0.09738296 0.09406199 0.1029071 0.1105533 0.1178706 0.1353607 0.1350118 0.1489517 0.1481643 0.1571571 0.155784 0.1467285 0.1522021 0.1538827 0.1520666 0.1432223 0.156893 0.1439327 0.1371168 0.1307462 0.1613016 0.1465144 0.1418817 0.1459641 0.1562475 0.1564049 0.1664545 0.1894451 0.2235352 0.2360671 0.2447374 0.2101837 0.2066013 0.2527452 0.2441963 0.2397606 0.2596913 0.2623846 0.2777013
-9999 -9999 -9999 -9999 -9999 -9999 -9999 -9999 -9999 -9999 -9999 -9999 -9999 -9999 -9999 -9999 -9999 -9999 -9999 -9999 0 0.09740209 0.102302 0.1103155 0.1025078 0.1190145 0.1250674 0.1196039 0.1277046 0.1342016 0.1414558 0.1540601 0.1457814 0.1439138 0.1390451 0.1538315 0.1439512 0.152268 0.1253808 0.1258127 0.1027777 0.1078268 0.1413946 0.1367532 0.1560321 0.1433102 0.1461303 0.1506159 0.1657437 0.1923659 0.1724011 0.2301104 0.2142337 0.2285958 0.2154048 0.2241931 0.2584889 0.2389442 0.2573326 0.2555555 0.2434325 0.2345798
-9999 -9999 -9999 -9999 -9999 -9999 -9999 -9999 -9999 -9999 -9999 -9999 -9999 -9999 -9999 -9999 -9999 -9999 -9999 -9999 0 0.09712242 0.09287428 0.09312189 0.09228022 0.1255428 0.1183918 0.1179838 0.1346952 0.1412913 0.1517393 0.1540946 0.1438486 0.1420287 0.136924 0.1442868 0.1478588 0.1239664 0.1278168 0.1356061 0.1075537 0.1434928 0.1424927 0.1298382 0.1452658 0.1509218 0.1340938 0.1370884 0.1490925 0.1402822 0.173126 0.2100307 0.2033364 0.2176321 0.2175945 0.203414 0.2037871 0.2456022 0.2661514 0.2386978 0.2218122 0.2365423
-9999 -9999 -9999 -9999 -9999 -9999 -9999 -9999 -9999 -9999 -9999 -9999 -9999 -9999 -9999 -9999 -9999 -9999 -9999 -9999 0.09227429 0.09156016 0.09765618 0.09174532 0.0988115 0.1177898 0.1073483 0.1178953 0.1294745 0.1237148 0.1383301 0.1406687 0.1486676 0.1487674 0.1566425 0.1319573 0.1541754 0.1396345 0.1424605 0.141433 0.1370932 0.1351007 0.1332033 0.1323897 0.1319159 0.1482454 0.1426363 0.1524635 0.1473673 0.1557788 0.1699174 0.1620487 0.1873726 0.2035305 0.2224384 0.1966255 0.1905 0.2502695 0.2279076 0.2514897 0.2460386 0.2335299
-9999 -9999 -9999 -9999 -9999 -9999 -9999 -9999 -9999 -9999 -9999 -9999 -9999 -9999 -9999 -9999 -9999 -9999 -9999 -9999 -9999 0.09184254 0.09837867 0.09056753 0.1115985 0.1165236 0.1114551 0.1097611 0.12212 0.131047 0.1527129 0.14625 0.1480579 0.1366351 0.1325935 0.1419694 0.1607686 0.1277976 0.127738 0.121089 0.1166338 0.1382917 0.1338668 0.1233892 0.1232698 0.1324764 0.1353038 0.1496843 0.1344527 0.153448 0.1805499 0.1927162 0.177266 0.1751036 0.1839304 0.2107815 0.1869595 0.214916 0.2544728 0.2650309 0.2310228 0.2158882
-9999 -9999 -9999 -9999 -9999 -9999 -9999 -9999 -9999 -9999 -9999 -9999 -9999 -9999 -9999 -9999 -9999 -9999 -9999 -9999 -9999 0.09509665 0.08997055 0.09973754 0.1170486 0.1206947 0.1181291 0.1257275 0.1374788 0.1224043 0.1197699 0.1262321 0.1124707 0.1216174 0.1521795 0.1638672 0.138263 0.1318778 0.146134 0.1356426 0.1325019 0.1138806 0.1547153 0.1722494 0.1503495 0.1265614 0.1273994 0.1131585 0.122311 0.1372755 0.1636911 0.1823516 0.1512273 0.1584964 0.1545627 0.1756131 0.1968913 0.2082643 0.2208023 0.1840961 0.236588 0.2130757
