data/ago/ago_beta.asc
ncols	277
nrows	308
xllcorner	-540299.14387948
yllcorner	7980296.7276279
cellsize	5000.0
NODATA_value	-9999
[rows 80 to 99 of 308, columns 180 to 224 of 277]
0.09058238844361496 0.08398412945738738 0.07515886820758896 0.0785425181798741 0.09224286239149752 0.08885789536469967 0.08438337819442956 0.06774563521798888 0.08776301807594247 0.06961661250846332 0.08868831903438165 0.08849099802810469 0.09944141489610711 0.12091646051444879 0.1169358314662757 0.1046542496244957 0.11104711858037666 0.09835881933712685 0.1086927209027652 0.10865153333490789 0.11305396005232544 0.1121558052481242 0.1113275571200191 0.11775370430252428 0.1240315484017319 0.1323670121342174 0.13973883415718522 0.14068854056261926 0.12247050704182093 0.13718094883324414 0.12556947944706937 0.08979500671291996 0.0947628969537988 0.14677435531747438 0.11391974829044907 0.11561373901944469 0.124891612762061 0.15127919514421997 0.1851817931882995 0.17204976847641104 0.22863111415264284 0.24117546795480696 0.25320221980721835 0.23824708186934085 0.22462309015265566
0.10681001249392777 0.08241191964131146 0.10225574202903749 0.07208034502134371 0.0724356449791308 0.08362990671765563 0.07572578517825646 0.06485723674549558 0.09441765648756298 0.06636483089193411 0.07534378135442468 0.09752376080780031 0.09832944183806881 0.1086871885205649 0.108730839715636 0.09267569550279124 0.09876904528210845 0.09575564129974067 0.12154953562946448 0.09097306123915747 0.09396626608960987 0.11513447063016377 0.135955058857872 0.1392573509746917 0.12197658934544695 0.1269336296709785 0.14691086517117363 0.1399711042943913 0.12827736356091893 0.14837838993783087 0.12443554295701897 0.12476267937691755 0.11448575394893076 0.13271570586157974 0.08157954801810817 0.12570279137180676 0.14846354692560976 0.13389763527801324 0.18008887835497261 0.15905152137585202 0.1837703182044962 0.24654799020027074 0.22181395886383853 0.24670624170389957 0.21592142024025904
0.08474493267507004 0.08465507509365204 0.08912028729143034 0.08414370915137577 0.07356704218910656 0.10685886256325276 0.06993324909392391 0.06370284381013024 0.08559631584006697 0.07746892126528185 0.07044112663664441 0.09498217647591885 0.08068310213030376 0.10305619784362427 0.10174538223812372 0.08812253756928094 0.09463894235206548 0.09511570027148876 0.0950670572823798 0.07288690232815893 0.08059928999350678 0.07411769838721761 0.11530637100081095 0.10521990990364187 0.08054625224525064 0.12946738519148493 0.13456928177017893 0.12016162878815893 0.11749232004014863 0.1337295789508315 0.1426065760834983 0.11629310593666842 0.12823798947895748 0.1383342896492702 0.12031024440223718 0.1774223841468381 0.16369541343348942 0.15093351714634443 0.15952900379174986 0.15980818429986782 0.193100535232565 0.21047080647962607 0.21706916983708868 0.27378641231902384 0.25466456813065336
0.07989701412203923 0.0810128531042302 0.09258339456506003 0.13496947192269618 0.06595390646962877 0.09375709673130045 0.0720696394713976 0.06601276638683956 0.06921552982925015 0.0740064706982679 0.08711113005161329 0.07258889930974541 0.07235068434009274 0.07135052719854004 0.07967862676942195 0.10309028740706197 0.10121333518109761 0.07763146933471515 0.07596557940802767 0.06663145565562663 0.09981115589539445 0.0655767091781702 0.08794703486763886 0.10245931994810584 0.07948422366502592 0.12609162921165754 0.11996807683606599 0.11972021372742721 0.12869406907946945 0.10615438174664661 0.11515456867612633 0.12359856840084328 0.1329626805365573 0.1369249726199856 0.1523596362539035 0.19035391033930918 0.15758749405755024 0.15173470499129185 0.1513348123198328 0.1749583552552578 0.1893937156944545 0.23819091031450657 0.22910712702018646 0.2264873262759223 0.29879389819382185
0.09570484784556797 0.10281070424419031 0.11436950738686044 0.0874563454736423 0.10484415110231189 0.10966001566192796 0.07697263950324171 0.06428101097329174 0.08740315673352661 0.0779314423300922 0.06465916733010275 0.07311387076154596 0.07302844278541402 0.0855666021824678 0.07902296240633408 0.07184620570131854 0.09804751439122661 0.07606626275384656 0.08412846011075725 0.07969864242925383 0.06711257618738714 0.0718785857088686 0.0817138458713197 0.09219255227321005 0.11498499378361303 0.10727581203559941 0.11861988629011987 0.11910921917970771 0.11805923011742758 0.13093664125662122 0.13774788474522512 0.12555858196931172 0.12817379691537978 0.14999324315175072 0.15712842682532152 0.14807830889456472 0.15214241823379462 0.14635595027413123 0.15362777735552058 0.180976747841138 0.1788903108347246 0.22676021012212014 0.21549439352805333 0.24319890317837609 0.2625955782770637
0.12842295627668096 0.1114218858501816 0.17281854651376236 0.15944123817615777 0.10868967945069052 0.09405311776430124 0.08183090996387242 0.06724354546053218 0.07132909569403774 0.07126316688110199 0.07575232884541157 0.06386632726409552 0.07046155559699772 0.101704358454884 0.07632575487872276 0.07263314859515124 0.09874037407897417 0.07343200311234829 0.08790275411544778 0.060628953151560895 0.07195566953960955 0.0708145468587711 0.07618159283517122 0.07806430314508474 0.10383998629283198 0.11607253257609718 0.10763725684501356 0.11276139753922874 0.11841083467142026 0.12049456267303482 0.11341242855592419 0.10129800475488553 0.10792624485885303 0.14360261051537665 0.12850710012978658 0.14334811017580193 0.14345938934976518 0.16324429387262035 0.14508323340988413 0.15580988363000392 0.16412249669964152 0.20510465328413327 0.2158004562882248 0.24183408480469612 0.24163832403969215
0.08468510075341022 0.09132256248875241 0.1982830297897452 0.17581976929278914 0.09774305177763362 0.107865448761935 0.08123013891650836 0.07071038925268736 0.06702558163825298 0.08413004028627517 0.06767316355223578 0.06139692202864893 0.06668875065688817 0.0738059191604211 0.0744835236319894 0.09003015974577963 0.08193065318629038 0.08995994045188872 0.06752727356767517 0.07480346950655464 0.08611394869335347 0.08504291924894641 0.0670736498713745 0.060800554066490944 0.07025037919788495 0.08494359470695494 0.08972418608150658 0.11564125726457822 0.13107140616771717 0.12463975585287383 0.11241067156138189 0.11189471775474688 0.1443049834153518 0.13341625510922095 0.10917905948074065 0.15888503871762846 0.16002401574395908 0.16503581059599653 0.1608476647748304 0.15008597732151152 0.1867768152445497 0.18877389999287447 0.18574831699676725 0.2583624011927686 0.2298626370486617
0.09271938200594376 0.0790501900102343 0.11723741716703245 0.17214693321503083 0.15408447925959518 0.10121501127144629 0.08466064507241103 0.07610377491106148 0.06215116339796086 0.06382809779610082 0.08534131752356063 0.06938688998094479 0.06483812598195134 0.09287091550063228 0.08152652771596348 0.08748568130503596 0.08595676125832998 0.07895495787554203 0.08115103688718786 0.06911239420846886 0.073856011017373 0.06680131683247961 0.06062155235724353 0.070541111447053 0.08612853920433901 0.1082920700301992 0.08965902668177043 0.09345316305119895 0.07907407679399907 0.08775826636257986 0.11456403554375724 0.12390323953284682 0.1311435561408512 0.13145603847766119 0.10711894409404166 0.17110859582184115 0.1458747888044316 0.1606204212214783 0.18715241276345104 0.15042017931318158 0.16287000284412267 0.2185622668992327 0.190092179220754 0.2774089229010679 0.2284542568487968
0.13114409721744352 0.1079617308210301 0.09823512248216687 0.12406006116204205 0.11127961656073249 0.0823221687412362 0.10412120795712794 0.06916017165033296 0.063940521830929 0.06259842016797558 0.0817044819069872 0.05965511945252259 0.06939768052358657 0.0747276730891352 0.07510407533209573 0.08477832058121655 0.08718506082213033 0.07303375724021872 0.0706450762798516 0.08145363732432816 0.09130308605063886 0.07231546391908664 0.07540028734566524 0.07945213641824558 0.07908553390028915 0.08905817963577561 0.09214602349661709 0.14704886503434356 0.08705123004121908 0.09666602173440468 0.1275478562383419 0.13951148879155317 0.12404938368482891 0.12720665553476262 0.13761194938305887 0.13503769784751649 0.1330657926044895 0.1463027741498202 0.1650955953229856 0.17004499120680533 0.15654282308525305 0.18931168792601827 0.2183094526921635 0.24359276294432333 0.2328931210421998
0.11517753712952895 0.10855228630064703 0.11507314185746081 0.11911922969750151 0.17219646855331322 0.0816771014113764 0.07830019254744885 0.07109840089455056 0.0659515201707008 0.07272392857143652 0.0675801080022466 0.0602753965306459 0.071772635077752 0.07129298712023414 0.08625580458189856 0.08745153801328202 0.07786153810356505 0.06293116340734543 0.06931272773306685 0.08984639517088827 0.07789563798472718 0.06787664267468346 0.06998184208600156 0.06976332900709094 0.0690232337142173 0.0857573462727623 0.12473169083164595 0.12683355079177655 0.11885900302397494 0.1195100653864087 0.1507734705279708 0.13706753391074838 0.14015481090840637 0.15493004093987753 0.1301195744532066 0.14319341762098908 0.14657073923770336 0.18770070368243397 0.1890276429422566 0.1976350032762248 0.16420872084042665 0.1747738034947706 0.21015401713698964 0.23793789540264407 0.24692975593474992
0.09736410421678661 0.09906022184662643 0.13389482822403065 0.1829958422948831 0.16844494060848164 0.09615521360039299 0.07366726944402034 0.05962745553036752 0.061734644656378145 0.07303934476422945 0.07972188896490172 0.06595067661411705 0.093965612751192 0.07065765796482572 0.0843252673712871 0.08393462485789636 0.07707410832414216 0.061411759809727566 0.07207686542328434 0.083997314944678 0.07433766339863095 0.06877329657819196 0.06581012189838488 0.06334236288112054 0.07884095808788609 0.09241514821838967 0.10843321803012872 0.12743793053939736 0.12032229595267695 0.12617101463140007 0.1266297796532099 0.1423838966476387 0.14008049044367413 0.13981771729751957 0.1435316859356123 0.13829039404255172 0.15439412816802117 0.17553305381420253 0.1875061272467357 0.18283745970572424 0.20839979368159506 0.18878994638464747 0.195706276469032 0.23422708116532456 0.2399979369123047
0.1078366225519748 0.12055029790901677 0.11161923824989098 0.19148570220675987 0.16273164673763202 0.10191587256178511 0.08272628895338711 0.08033338805816437 0.06034966722778953 0.06147553000657794 0.07205714231972163 0.06959607184670717 0.0728394437364044 0.10498559846621348 0.09112693684697439 0.074935161373773 0.0751809915589781 0.06337245089116884 0.05910721352207768 0.06910119762436265 0.0767187385862779 0.06549234336107124 0.06984627030707094 0.07469935205834943 0.09824258739918353 0.07973263206960994 0.08807569427850129 0.12410451779373874 0.10993222317792903 0.11215314097263909 0.12565861927039473 0.1437258288826429 0.14601313200744678 0.1354567848188506 0.118946520095314 0.1256699719696421 0.16403556272790631 0.17518814995644716 0.18491415950403547 0.18721546107701492 0.19669222666570163 0.18959154103205544 0.21686422983764939 0.21238103260242872 0.23340653693025273
0.11322780930360131 0.10167667065891794 0.1711750947611112 0.18175953071102524 0.17542005851426531 0.09652935443682091 0.09679980650847271 0.07790855870408137 0.06453536354144626 0.05895317526137958 0.06274153905425996 0.06938879209893849 0.07776754566458323 0.09373611989997514 0.07270445959709924 0.07768988387046996 0.08860024047809761 0.06418547538638562 0.063244233129628 0.06596014946564087 0.06619353920523659 0.06877843832483299 0.07522206276307176 0.09176172626109858 0.10173600185557671 0.10747551568489004 0.09982390247553338 0.11810918410247538 0.10856429426690815 0.1092189211315726 0.11425937693107592 0.13638015219745042 0.13687915331229436 0.13636558778799648 0.12852201621430737 0.12986111070698383 0.1310142594539709 0.16138244952281555 0.17530009486347703 0.19835198722510922 0.2018212797767463 0.1941105645188034 0.21595592815098086 0.2617138755451278 0.24002638775298005
0.08948963244807169 0.0933827368766011 0.19467655508535509 0.17982895915126296 0.1791085695890245 0.10185903843274101 0.08749799273960125 0.10295993922372745 0.06573301178482101 0.07597656820972863 0.0677383698085207 0.06931034275292214 0.07891457419400055 0.08206847406840843 0.07052092375474861 0.07473492056083517 0.0788460882228229 0.06901874767865972 0.06977221676524292 0.08983420945884726 0.07502294255976356 0.08147472161332708 0.08826531205035663 0.09684541033357628 0.10706611442634824 0.10769196236907275 0.11432062644044692 0.12093899679544495 0.12111159079935793 0.10663302255582877 0.11143639072068193 0.10229386533280253 0.13815401541931147 0.12491556584727646 0.13597868363122131 0.12579838975983404 0.12364439158878524 0.14155477085738044 0.1559442466935083 0.20125850176534774 0.20024007099844585 0.2237439046096738 0.2794932814947145 0.23849278788110478 0.2151862788095822
0.12569277517690897 0.1057001240341496 0.18329839382819443 0.20289581030026319 0.1869918011013617 0.09098027202354352 0.10855017776184715 0.09523943082572933 0.084380858203295 0.07677932263801819 0.06727021309987763 0.07460101500176651 0.07760535916084932 0.06970306909279567 0.06983179709354222 0.06507040473921705 0.09124264046991698 0.09439963819471725 0.08053067244469207 0.0887734051807221 0.08520472724864749 0.09178437108163635 0.10215159405886823 0.0951723123441379 0.10659970070970733 0.10910162217428128 0.10915113311414143 0.1198952915177456 0.10799317865819365 0.10863052789180976 0.11334434158996703 0.11311315624441182 0.1331228791290693 0.1266826709734822 0.12289381645726259 0.12753304612032682 0.11690309757002929 0.13821613835625815 0.12554035745667966 0.15168428856292646 0.18263268454864598 0.21453917276459444 0.24094019004531705 0.2076769473586099 0.253276670519537
0.10431676862898176 0.10650445082217161 0.20518756209524514 0.19317633461933895 0.17118694152853872 0.11065907577069209 0.19165119264944544 0.10995562232741769 0.08117904474155284 0.07460301022391909 0.06559070425675055 0.0709843351938653 0.07368249657690114 0.07076874676038315 0.08003677880024203 0.07833362341115219 0.09527614241760395 0.0869666104109131 0.0866081699526509 0.09185375743645051 0.09409004442072691 0.09357770830189681 0.10583608315529251 0.09178743148628081 0.12009898553560208 0.10778093714025822 0.11703330813505927 0.11641678156341714 0.10536902677144848 0.09563153040846713 0.10214347018436074 0.10374599272444691 0.1512051878299277 0.11700042041976547 0.12323938355894917 0.12325547440575813 0.12266193343877341 0.10634152350719195 0.1312508736132682 0.13961808408574228 0.18834865942807608 0.21795285566061406 0.24059843562064043 0.22815756252552655 0.2650246641496609
0.08081774556286145 0.08432865017736754 0.18890594629636875 0.17611719361981365 0.1641242475689726 0.1675569828112468 0.16864441790810186 0.11574179327315239 0.0853815100622517 0.06222205503820346 0.06246473715672448 0.06012816782098192 0.07004283425729971 0.07548720889614968 0.06943256399740293 0.07724687108859603 0.1065754587131826 0.08936796422878907 0.08858067732718916 0.09397327561612473 0.0934767983121336 0.10071768881448945 0.10261677998233383 0.09382333523136664 0.11614953848922525 0.10141351955043912 0.09773010577391449 0.11708982710678029 0.12262804610179244 0.09984117875729025 0.10845482185514653 0.10973247692835618 0.15205642154860577 0.12440448676843563 0.12701439255596186 0.1233212721045789 0.1240037331034885 0.1224454675417134 0.13565121176301334 0.13517037173050908 0.17977433656293298 0.19430399339520213 0.21508324325350384 0.19817278024325932 0.24721165423575175
0.09257916655874793 0.09503714115392839 0.17863120769150773 0.11999870200805228 0.10254190838321392 0.15611584693333092 0.1643037671224503 0.10670842812534627 0.112215953463242 0.0798158278285319 0.06760927067543782 0.060591544683593096 0.061414206788961444 0.08498241419483248 0.08037434822305684 0.10936454634203359 0.10041831412608362 0.08288233489887707 0.09876530521202254 0.08908269132454723 0.09306884979047338 0.08875796557906968 0.08405617730430143 0.100070718405549 0.11398111536153227 0.10231919310808135 0.10644196556158976 0.0793392150502902 0.10187389294829517 0.10282723244912959 0.11348512114664672 0.10085313965946716 0.11297715586129724 0.12517774209606786 0.12765505763855167 0.11175230812156027 0.12580850399245563 0.12580287852693264 0.12521435015325638 0.13166799706331686 0.1897490086083335 0.1807684731205603 0.19696853210105703 0.18648105183391528 0.2530137490159555
0.09969749474421992 0.09537268328573394 0.17170906822951204 0.10972511308789984 0.15585111150427947 0.15880527432051608 0.15595815852925987 0.10569647805365594 0.09823605916581052 0.08322512474132834 0.06309925489924313 0.059989296056759074 0.06447543201416144 0.07098111654351834 0.08178687492796924 0.0954548935583258 0.08899174471873433 0.08576807466011004 0.10100252063532016 0.08440369058426478 0.0991363812330763 0.06304751755652628 0.0769079218897966 0.10824717559840487 0.09547545816208892 0.10138969526354642 0.09741650557508484 0.10349117932080802 0.1109245430891415 0.11191172263226852 0.12130863076318871 0.12019984943504795 0.10775551347526915 0.13156269050186606 0.13597021633172807 0.11741822369861313 0.10870587097542456 0.11543495301050523 0.12260844935959589 0.13379558426919905 0.1891821474749122 0.20554809695948764 0.17772414396242334 0.22202064610514866 0.21990664114353867
0.10812059032314893 0.09476661616460942 0.16344832052568803 0.1603087693674238 0.09247513047971742 0.0988825699707606 0.1016608148450255 0.16951829092931428 0.09521588855694951 0.07037443058104294 0.0631014043698154 0.05883276681917716 0.0656444966158015 0.06856076325475519 0.07587722527744677 0.0765949282207377 0.08111353275280847 0.08002593515533864 0.08778036325887968 0.08031706637127209 0.082174942614579 0.06615209299598349 0.06905862974588736 0.08823146451613391 0.0868490712386181 0.09020857774494721 0.11474591091640253 0.11231786046918722 0.10439228161759774 0.11033237795932047 0.12458249073434124 0.13622942120583412 0.11640320366180272 0.14435270665761965 0.14967948553603094 0.11754756211937885 0.1170293048769802 0.11356961525011454 0.12492934760163454 0.12991471066889193 0.16585816626884867 0.20616970736009785 0.19128605325436895 0.21688586595819692 0.20766485398909226
