data/ago/ago_beta.asc
ncols	277
nrows	308
xllcorner	-540299.14387948
yllcorner	7980296.7276279
cellsize	5000.0
NODATA_value	-9999
[rows 100 to 119 of 308, columns 180 to 224 of 277]
0.09171285045533424 0.14511351290056063 0.36125583127308175 0.16090066298900368 0.14905179857123926 0.10143407712433934 0.1758199909190124 0.10881045848828887 0.1054392492822538 0.08096896469691395 0.06930954311446726 0.06725539711619302 0.07563049301869353 0.08044683473053514 0.08924006476297872 0.07972961048511087 0.08153546127986198 0.08250559178792369 0.08402213000134154 0.06976856253530452 0.06749564391635905 0.06413002549823527 0.08470543908789073 0.08198112512072972 0.10513438858419734 0.11014230096131376 0.101973179750068 0.10700647960269674 0.1008663892741189 0.10736821177910452 0.11436655925093214 0.12093399054468343 0.12155886771502623 0.14351356566276383 0.11192967460231304 0.12480877855708776 0.11943660827160622 0.13730301608379375 0.14110150214521516 0.13882916742082713 0.17994820234349984 0.17868336322711145 0.20704386393348737 0.2264531347846552 0.18057228213073792
0.14952021367137436 0.15107554731995002 0.17155360591664168 0.16618627727375046 0.16761803487041968 0.09857470899077006 0.16694681293636537 0.11291152408112792 0.1029031535157003 0.0766928873923935 0.07067979726050924 0.07737684422357463 0.060815424607890696 0.06686759113954494 0.06694301380619462 0.07451015467850085 0.06759756229298976 0.06160069329135994 0.05339866316971387 0.06170395714707651 0.07438623555341248 0.06776863875724468 0.08577067754107248 0.08684766360936962 0.09303697237549535 0.10501387335664311 0.10550358940236015 0.09663907136530765 0.09994545255156426 0.11202935755194673 0.1176820010557406 0.11855323802946721 0.10947135379937639 0.09630372329520182 0.11306562503691868 0.12730483333316508 0.12763079180820472 0.12031820648464395 0.12957427493680188 0.1384409224466787 0.1604294530020635 0.1835370418684767 0.19035650705127047 0.17478324744798676 0.17209354317523026
0.3500582654496828 0.17050184060194193 0.31268367873628017 0.3571863770641238 0.15858663660602035 0.09507425202291143 0.10297161560536015 0.10311594001100667 0.0878415050191252 0.09282454183739716 0.06630507884973412 0.07799908075523487 0.06013304087418542 0.05965204598215762 0.05824307001909211 0.06667953313602919 0.045396477555191536 0.061253685046923675 0.059441279176418164 0.06345720855735822 0.06480645497799896 0.06829835939046672 0.07803366462323667 0.10365667782330017 0.09966681761978073 0.11010837316985748 0.09498523388872579 0.09171456844492508 0.09133175878289268 0.09821157764885027 0.11383948092188265 0.11638614521007726 0.10080088370851831 0.09687894662359071 0.10753714571937997 0.14380925945028722 0.13473761379193322 0.1353009970035371 0.1313422907372684 0.1384618526633133 0.16200923894681643 0.16751083028594368 0.18228020435071823 0.18403804569945145 0.1711567689496596
0.14608532933445503 0.09112797760513838 0.32390440740557697 0.16787924696193576 0.10095394901602636 0.15667629897906943 0.1674106803891302 0.10681998292867381 0.09946939610425823 0.06337010299176875 0.06298088569852436 0.06693986631073298 0.06700468419389104 0.06088448829922507 0.06205877563036472 0.06048371265461734 0.06450066138083707 0.0775296585718222 0.061926647881303504 0.06692450768077048 0.06463780447607032 0.06839159158303006 0.06879979892273375 0.08955988818069614 0.07353965581811803 0.09446553550815617 0.10630019178930224 0.09900590784576174 0.10523182852806563 0.10615105679003482 0.1092585360258586 0.10275720346304644 0.10678433708217383 0.10210515254685712 0.12520669076777788 0.10657451047123549 0.11073971782585836 0.11072219623915772 0.130523955187913 0.13085033361786427 0.14695468722578306 0.16376892863564524 0.16535224312172658 0.16241509704547613 0.1602710464111444
0.14648494271934165 0.15203948896902444 0.15711139226236642 0.16353942815677658 0.17428556293065542 0.098912552163493 0.16587704875724105 0.10628971910684346 0.06363468554755405 0.06487483472776898 0.06423622237580369 0.0664444496175287 0.07154338839536706 0.06570044970377083 0.0698635195553584 0.05641519643239599 0.0702638946539947 0.05984540770631254 0.052334484210732245 0.07239714457113973 0.06646812367853004 0.0667244803567989 0.0756404338044228 0.07670077452597494 0.07047809684496127 0.07977364186471902 0.08821483642354182 0.09543195746628132 0.09117963733573736 0.09895833979586674 0.10455660928344514 0.09313859996261173 0.10177499786669676 0.10900609418314658 0.10554919821517134 0.09614853519758831 0.1220665073122194 0.21973471773976042 0.18391317217244268 0.14395529484351616 0.14576918731195945 0.1595423615992624 0.17327328861791927 0.16331473704123045 0.16547237379046006
0.3507589573622442 0.15157384883573422 0.09611637100819513 0.15990159701750256 0.10798393998525854 0.09506676523841087 0.0985940074978663 0.10339158415715378 0.07787126274200531 0.06384334167006663 0.060591684429466226 0.05943084075653837 0.0810846673244558 0.07498320529949896 0.0780736067767532 0.05952487294146541 0.05541645635936195 0.06023308230301368 0.06061094480204602 0.07015971359356889 0.060078440135827714 0.06367392518907142 0.0760635175329795 0.07054371126456901 0.07316236404328216 0.07447827277736495 0.08180527448479356 0.08500191680128787 0.11265908318556044 0.08911340095026407 0.09895285026653702 0.11196488952575051 0.10199769111517722 0.08612138397406793 0.09118332401092054 0.09982156866432543 0.11105876525149401 0.2185492540755824 0.23052555595697702 0.19150866618868653 0.1973606390395672 0.17661925849127702 0.18259668905100565 0.21068942320938663 0.18323825124213006
0.1617164444195952 0.08258003191095262 0.07960556051373993 0.11112315201234532 0.09556418115717398 0.08461337838926783 0.08024261468327934 0.10856536532343124 0.06932322887418335 0.06584127482907998 0.06382477398136495 0.060765996874248246 0.06432898904482397 0.07212679745879302 0.07083485221926066 0.05421616714749375 0.05333375249002736 0.05988890733609614 0.05645706973592296 0.06151938372021415 0.06173428671142882 0.05442805449554752 0.0631902987764699 0.07159667613326573 0.07205593868380213 0.07469080327156839 0.07425274828912114 0.0909321519990293 0.09494431788894511 0.08295999931440047 0.1043407772974556 0.1038705799570426 0.10077338422885024 0.08655589351229521 0.09187287371891888 0.10517998054052602 0.20163582323057086 0.16546621908552572 0.16015564438704186 0.18694860656584011 0.19500847032637808 0.2739695013123584 0.27245760224659105 0.27752634757984557 0.28205701759523555
0.09594058828831617 0.07972491161349758 0.060451153482129545 0.06216515327873211 0.1108911554734872 0.08351524487444432 0.07112647741025607 0.08824591164558265 0.06635895764636184 0.06740253082068559 0.06422672239268501 0.05046521711571153 0.04585073967200101 0.05298604400592645 0.054296694100899726 0.053479702084253164 0.048875073105398834 0.05037504138233501 0.06945951592270276 0.05707817333089419 0.056570567946932146 0.06146230618137609 0.0683216013122846 0.060971574430907303 0.07496757172645839 0.07034355641563504 0.07982462024874885 0.07518358241799761 0.0869306015614589 0.0775874148486796 0.104924876997926 0.10422392137639168 0.10231193587003434 0.08295063319177352 0.08156990332848907 0.09494686321394742 0.15720888257207605 0.11279384506269591 0.15656049452603957 0.15664263860551353 0.1938143102776012 0.26323536018656973 0.29971554762991126 0.6767969500225993 0.2923670844428751
0.07923995653032327 0.05012511415045934 0.05583875828826533 0.05373266294435755 0.08471671913294278 0.07400278670222728 0.0742818822806275 0.08761534295313318 0.09056366628260965 0.05647494285481178 0.0538772430909243 0.05399603935937571 0.046634859640768286 0.058604836370498584 0.06264647380630464 0.06705614669546237 0.04697405115891973 0.05265383797863412 0.0586838581294374 0.060825626161731906 0.059602069172734175 0.06037078381874997 0.052128180150927766 0.06243230750056792 0.06707356394817916 0.07103837545860431 0.08271832740028963 0.06702096402440881 0.08761627350091956 0.07431415958613115 0.09463949529551527 0.0985012488939285 0.09804525493303858 0.08526577915257826 0.08340833313129689 0.08400151436673012 0.15535548966736748 0.09628562487833575 0.1295630829615482 0.13348635094059655 0.17490957930392032 0.25707106005072977 0.27771849106868035 0.2656883978524559 0.26808027415811286
0.08451669058505683 0.0556311466094416 0.055976610930051046 0.051277655750224464 0.05607324020408164 0.07352398831128575 0.07241899775928358 0.07715046892533026 0.06586917919537234 0.0510160082347083 0.04152888042764532 0.044020117097382926 0.05322502761677211 0.05713934881449886 0.061236715793727116 0.060160609521321705 0.05116619674137668 0.05146185282598703 0.04581274779018703 0.05862622377992435 0.05765804854781034 0.054439091312327575 0.05831445127256519 0.06537222450144875 0.059604665918604735 0.06285767550809128 0.0606398896704249 0.07408826819657408 0.08906906156816824 0.08455591011843541 0.09316813238066554 0.09710245567280627 0.10262052785066007 0.07808115938633037 0.07682695556179032 0.08684227534607207 0.11547167823067277 0.10527828997869201 0.10639451805054816 0.14184118047641692 0.1651077373249678 0.21307731919979744 0.23567799784648835 0.19329402224459102 0.20053412922095318
0.07839950586977436 0.056638862441269165 0.0689180844234828 0.056307152725279856 0.06924365959060015 0.07780117758435412 0.07462239119205227 0.07291280452553167 0.05813906718136543 0.04431470898737845 0.04785787860411928 0.04327600397565328 0.056964879604239994 0.057659699472685455 0.06137882122585376 0.05596187981762842 0.04589931197895215 0.04927986305767983 0.04199315571069792 0.04710641866037678 0.053205888778866166 0.04790142566624987 0.05465972405956428 0.05449753778412209 0.05954847677898138 0.06177650998691754 0.06081173405144941 0.08014256173891997 0.07273692227599186 0.07897594617405604 0.08623660210517801 0.09570293951258324 0.08702010250682252 0.07329470436601626 0.07219166224321134 0.09506498692096037 0.1304564596483408 0.11926870720250345 0.10496754584228937 0.1263165622883348 0.1507818014517348 0.15662627852481262 0.16161225654189196 0.17434191642185032 0.18873646450358536
0.06749175421814468 0.05691159461582632 0.06856835702192933 0.07785527579555908 0.06789943478909824 0.07351158803491785 0.07311336904094302 0.06368701011476627 0.04669052333240951 0.04344218080672172 0.04521669077338165 0.042259193335917974 0.04673379543441687 0.05581093627621427 0.05538449250107453 0.049122174184294314 0.047572714035201025 0.042123012691264214 0.050477824220307846 0.049881211976374844 0.057512756995869045 0.05218650683935603 0.06202909386901589 0.05354099499208313 0.059751275273833906 0.062195906333126036 0.07466261368582022 0.07762390795681295 0.08239945322574181 0.07670163790664268 0.07853916105493958 0.08819280652443778 0.07543282757476838 0.07050002875012884 0.08190099278547983 0.17474591345421686 0.12421109248938465 0.14904635787836354 0.11830275938523756 0.1264062583110132 0.1466018572927322 0.2091880129344596 0.16001486454380337 0.15838363848642198 0.158487853208015
0.09500530516431202 0.05600980869524679 0.08749024429030232 0.09483464692600532 0.08155292519571936 0.07726610683405241 0.06405778069549196 0.06211262782367627 0.04940024663344086 0.04660552894587418 0.05320558549365423 0.05298048129802459 0.042842963704222914 0.04190709408835651 0.05002790050387389 0.05448611268429705 0.0448074844628117 0.043737598317371014 0.04582463932399733 0.051888283513857256 0.04670938693834536 0.04562693462454183 0.1149014515211301 0.10789472115024863 0.08515502614033835 0.0739995217362116 0.07154430052132583 0.11914232805006772 0.36454015216612273 0.18077666247144675 0.13744911203254012 0.19105220307297674 0.16521976822723342 0.16755282270084706 0.17003404966072191 0.17341993270815242 0.09879372241968581 0.11696028569522585 0.14583657292585248 0.12972994406767285 0.14173803596588666 0.20478044063859974 0.21272674561184277 0.2059135203617512 0.12445104941389629
0.0861216142412561 0.06661974390623084 0.095583040765792 0.10152738602452084 0.08903204778293158 0.07044494688017658 0.059437023296083996 0.056095404498073494 0.04913810492265003 0.04523334294777449 0.05662482772373188 0.04908895372975192 0.04568786378800106 0.043087768278215324 0.05624538491143513 0.05362996151765462 0.04684827308406047 0.05168155855288481 0.04303683508997092 0.04955174486454644 0.04643433741551054 0.04529300777526335 0.1133475497326586 0.10969531135695268 0.3179931670866531 0.3418242267522507 0.338000851445131 0.3431718694994671 0.3495149632325165 0.17114212318332336 0.17471327176950036 0.18829754170940732 0.162363292601305 0.15901186470716117 0.16142829487416324 0.16313282447404445 0.12599183900311267 0.10769899273205233 0.18349446221701676 0.19154624938709283 0.15603857861160003 0.19438547015361604 0.20536519473843684 0.15177094953854267 0.1551984076537131
0.10498774976737985 0.07424246578967764 0.09183299485964182 0.08645003605985624 0.07171067515706159 0.053909294033192695 0.06216893610530447 0.05011032897533087 0.047767495009979524 0.04426196542432286 0.04718827202590641 0.05725373269722434 0.05010429795627789 0.047731307638781806 0.04629043132544441 0.044432603425446 0.04390310379568818 0.047299761181411853 0.046497250553722905 0.046724082987024684 0.04387240486048667 0.05399171301169407 0.14154557922120742 0.10566684265582595 0.1425101378941591 0.32771200762280506 0.31124700731347005 0.33513282874817435 0.34943432631909593 0.3629928195633168 0.17187195515826395 0.3694774662745064 0.1655291837744456 0.15993448263150942 0.15751445370260192 0.1633595467041305 0.17833615106502915 0.1821621138237873 0.18838365058497997 0.18771947861867294 0.14477636824475099 0.11281718163659112 0.19151222649150323 0.2048625290739855 0.13142929771750955
0.10212857129158623 0.07810931394293001 0.06882062688570273 0.10231545033553707 0.08924212377082279 0.05733332390660198 0.06792720617677953 0.06170539691205858 0.0578170387517466 0.0471298759887834 0.049017821597984144 0.0506122729692683 0.04958823956833869 0.04464932260113906 0.04018913614082597 0.04084106906519153 0.046770709990417374 0.04222961467709031 0.04565946686740924 0.04287971283014981 0.04331099176606589 0.06961221245726013 0.10965370268283 0.10970028529265376 0.10869333780576947 0.14358747763361593 0.1387888923588768 0.3135107803237309 0.3370683121082296 0.32752139286312265 0.17920504347554478 0.3203980848248837 0.3202622733773754 0.32568706901073474 0.15461920338526053 0.1549887510635252 0.37106270156311055 0.17129885140020712 0.17580923023657705 0.13339573183453285 0.1629035287935319 0.18330842252373808 0.19599266194511158 0.20538527334143306 0.13263917825865526
0.06029582205715808 0.05694302889872871 0.05610326913814259 0.07811250571624281 0.07107397593660894 0.060910913286861997 0.0574934896273739 0.06251189047807426 0.06013112013456575 0.051649299135042424 0.051949018740002254 0.04693727102125037 0.04709726677678493 0.03755051554560167 0.037599371635631006 0.042152738499053356 0.04017616448438523 0.04025845834559777 0.0425963636717277 0.0434767298164791 0.04250532866262072 0.0619248495303906 0.07668023296515683 0.06720351436047338 0.08019405441397642 0.08082460129319859 0.10356250368719076 0.14815552534660217 0.31834991043448585 0.3280477167982936 0.17254507730481347 0.3192777688974474 0.14947564575559708 0.3409143773921099 0.32457750226388116 0.15345087983761713 0.16710357353054003 0.17157742560475062 0.173954615806788 0.17888627979964908 0.11279119883924192 0.13584110112765657 0.20065825550648494 0.20480043134658052 0.23710815849768152
0.061873950864477334 0.054466887335233465 0.05404518178799931 0.06992913888295596 0.08571524534964244 0.0635058276051568 0.05715966715619097 0.057513421429110076 0.05698300202112008 0.058115484474805565 0.05242949069294381 0.03955517865128012 0.035955420694363506 0.03497816458192639 0.02640339752865663 0.03044249883882008 0.03611387556791707 0.03902508031136996 0.03819976366227862 0.04049338091809914 0.04109944511361966 0.052819051126027736 0.06622066252429772 0.06701283570757287 0.06391253305803055 0.0840884741763087 0.07174500198561092 0.11149961287132988 0.10953648311970884 0.14563011821033772 0.15497630651406977 0.15922263111340157 0.11722350169412378 0.15262960527884722 0.34198898502097197 0.3333463008967465 0.1619190372738888 0.3690654189548185 0.17069081713995318 0.17260314615388117 0.14346927187267575 0.1795930357939103 0.45392279696971627 0.48194186727914223 0.225791367115706
0.06462520224118137 0.052626064533699224 0.050763713563640005 0.05875509750175097 0.06896086912626358 0.06013385431791886 0.0595837649332037 0.060309585567410326 0.0617293792891 0.048420034434539516 0.046623316320600065 0.041315345244535194 0.035611972140908194 0.03706142078536273 0.028318306221922152 0.03123640830793857 0.03899231201844415 0.038722059781838625 0.033634529987867375 0.041549607808056145 0.039646136578701446 0.04651289768753751 0.06285866538318569 0.054316606195566774 0.05565709506487812 0.06329089192773964 0.05708443240148484 0.08691250703994231 0.1405327013828964 0.13911415337508468 0.1115886403464294 0.14934695728562733 0.14911087684756283 0.16221861794046208 0.34137303808975067 0.34527850333896115 0.34779070562323133 0.3536481176922794 0.374114986219182 0.3606632767277558 0.17664200006740752 0.38130922116844757 0.3875077319392224 0.44019218207414657 0.5269824973051952
0.05987534718252424 0.05909027716671174 0.05463791498047019 0.07592952041732934 0.07363492820809268 0.05797929669250341 0.06069572940894083 0.04730974794891478 0.04810252241052722 0.04578051803127885 0.04996903313750635 0.04339608408863519 0.03904852028275779 0.037143629696243054 0.033369352719419126 0.035969024341932575 0.03894087876543166 0.038410005860287505 0.04461070029665409 0.04391514247094444 0.04366131928055357 0.04357594608289246 0.04323378761575493 0.06231739455563361 0.05939047828408835 0.058377686937517395 0.055606304269230494 0.0892007117675096 0.08135762377246605 0.08077758383323475 0.11192482656103962 0.14452398249845294 0.32076800656095494 0.32289035258143606 0.3229596483549244 0.3453649856060934 0.34692913084799976 0.3631139517969533 0.35797995567702917 0.3654603554310396 0.3885992742160397 0.3717262206048408 0.3877466802528569 0.443406485519513 0.0
