data/ago/ago_initialpopulation.asc
ncols         277
nrows         308
xllcorner     -540299.14387948
yllcorner     7980296.7276279
cellsize      5000
NODATA_value  -9999
[rows 210 to 251 of 308, columns 94 to 187 of 277]
780 1237 453 201 116 127 128 168 246 182 137 57 72 131 167 166 74 30 19 27 28 17 25 22 24 33 35 40 81 87 66 91 99 70 61 53 42 30 22 19 17 23 21 24 21 70 63 59 46 24 10 10 9 9 10 7 6 7 9 8 7 7 5 4 4 4 4 5 3 3 5 4 3 3 3 2 3 4 3 3 3 4 3 3 3 4 7 8 10 11 12 12 10 8
810 1297 473 220 151 174 133 210 208 172 127 62 84 148 148 109 79 30 19 27 25 15 18 16 24 33 35 31 41 113 82 63 77 101 81 65 55 44 25 21 22 31 22 19 25 52 47 44 56 33 12 10 8 9 8 7 7 6 10 8 7 7 7 6 4 4 5 4 4 3 4 3 3 4 3 2 3 4 4 4 3 3 3 3 4 4 6 7 10 9 8 10 9 8
608 339 558 255 229 149 141 196 183 157 98 59 79 149 120 93 79 35 17 21 23 16 14 21 27 33 33 31 31 41 63 70 68 88 82 78 75 72 41 31 39 35 28 27 36 42 39 34 49 47 19 7 8 11 7 7 7 6 9 6 6 6 7 7 8 4 3 3 4 3 3 2 3 3 3 2 2 3 3 3 3 3 3 3 3 4 4 6 6 8 7 10 7 8
167 179 191 189 167 153 187 174 168 139 75 69 74 142 144 99 76 36 20 20 18 12 15 21 29 34 39 44 32 33 47 60 75 77 79 79 76 59 51 37 31 33 52 48 37 54 46 31 32 33 33 11 9 11 7 9 11 7 6 8 8 7 7 6 6 5 4 4 4 4 3 3 3 4 3 3 2 3 3 5 7 3 3 4 3 4 3 4 6 6 8 8 7 8
119 115 115 124 129 157 196 111 138 132 83 64 97 128 117 113 63 28 18 22 26 17 29 23 31 48 49 36 29 31 43 51 75 59 67 58 87 93 113 77 82 74 72 75 40 54 37 33 31 28 24 11 10 11 7 11 8 7 6 6 6 7 6 5 6 7 4 5 3 3 4 3 3 4 3 3 2 2 3 3 5 3 4 2 3 3 3 5 6 5 7 8 6 7
135 87 92 113 141 170 179 116 90 87 96 90 118 132 116 105 85 42 26 20 26 20 23 25 34 45 45 47 27 33 40 46 51 42 58 56 84 204 146 127 115 92 72 52 50 45 41 41 31 35 25 9 9 10 7 8 8 8 8 8 8 7 6 5 6 7 5 4 4 3 4 3 3 4 3 3 2 2 3 4 4 4 4 3 3 3 3 4 5 5 6 7 7 6
109 85 78 128 137 134 185 204 101 93 108 82 139 121 91 126 84 47 31 23 22 19 22 24 29 43 43 41 23 22 33 35 39 33 54 59 125 145 136 158 133 136 112 87 65 48 36 39 28 27 18 11 11 13 11 13 15 12 15 10 6 7 5 5 6 6 5 4 3 3 3 4 3 3 3 3 3 4 3 3 3 4 4 3 3 3 3 3 5 5 5 5 6 7
75 90 65 72 109 130 143 225 134 90 107 107 143 104 85 106 95 49 26 16 17 17 19 20 27 44 40 33 27 21 25 32 33 33 38 97 155 162 121 264 128 119 125 102 73 79 47 32 28 27 19 8 10 12 15 12 17 16 16 13 7 5 5 6 7 6 5 5 5 4 4 3 3 3 4 3 4 4 3 3 3 3 4 3 3 3 3 3 5 5 6 6 7 7
55 57 65 66 111 118 111 117 107 100 108 149 141 92 96 117 97 44 22 17 16 23 26 25 28 39 38 35 34 25 21 31 31 30 39 89 105 82 91 154 135 116 111 119 98 85 76 34 27 27 13 11 12 12 13 12 15 22 14 17 15 11 8 6 6 7 5 4 5 4 4 3 3 3 4 5 3 3 3 3 3 3 4 3 3 3 3 3 5 6 6 6 7 7
53 43 46 63 64 65 80 85 83 107 119 177 123 97 101 95 102 46 27 19 17 23 26 24 26 30 26 28 26 29 27 31 24 32 35 128 98 78 83 134 162 164 94 122 136 97 101 40 28 27 11 11 13 13 15 18 14 17 24 19 19 12 9 6 6 6 5 4 4 3 4 4 3 3 4 6 6 4 3 3 4 4 4 4 3 3 3 3 4 5 7 7 7 8
36 36 40 46 54 57 68 72 79 100 131 144 124 138 110 110 91 47 36 28 23 26 24 19 24 20 20 20 20 22 28 35 25 26 46 79 88 55 66 121 170 210 111 110 126 120 98 42 27 19 9 12 11 11 13 15 14 20 23 20 21 16 11 8 6 6 6 6 4 5 3 4 3 3 4 8 7 7 6 5 4 4 6 4 3 3 4 3 4 5 6 7 7 8
35 42 51 62 55 62 62 64 81 123 151 169 155 234 129 128 133 76 47 45 36 31 22 19 25 22 20 26 18 22 32 40 32 30 40 57 53 46 83 128 119 148 143 108 105 145 100 56 33 33 14 9 10 10 12 12 12 19 17 23 22 21 20 12 7 7 6 6 4 4 4 4 4 3 4 6 6 6 6 5 5 4 5 5 3 4 4 4 4 5 6 7 7 7
39 56 58 55 60 64 65 71 95 157 181 216 205 226 141 177 169 102 54 35 35 41 29 23 23 24 19 20 22 25 31 37 30 23 33 46 51 59 84 135 151 168 153 147 127 156 91 100 48 47 50 31 17 11 13 12 13 13 15 17 31 27 17 16 8 9 8 7 6 4 5 7 7 5 5 6 7 5 7 6 6 6 6 5 4 5 4 4 5 5 5 6 8 11
50 56 60 69 86 100 104 103 107 135 226 324 359 398 294 177 212 121 70 41 47 43 30 31 31 24 24 24 36 30 32 22 26 28 26 45 56 56 79 114 147 191 141 152 204 155 100 79 58 56 52 31 13 14 15 12 15 14 20 24 26 37 17 13 9 8 6 7 6 5 6 7 7 6 5 5 5 6 5 6 5 6 4 5 6 5 4 4 5 5 5 8 11 17
73 77 87 103 131 151 174 141 142 175 359 661 1237 433 279 145 206 159 79 52 56 51 29 27 35 35 34 25 27 21 21 23 33 31 34 35 57 52 69 117 172 224 223 257 258 184 103 83 119 106 81 42 19 22 22 25 19 15 18 24 23 32 19 20 13 11 8 6 5 5 6 7 8 7 5 6 9 7 6 4 4 5 6 7 8 7 5 7 6 5 5 6 8 7
146 143 129 138 256 399 537 284 258 229 438 566 1015 377 209 120 163 98 93 79 50 42 35 31 29 27 28 29 27 29 24 34 37 29 27 30 42 89 107 149 196 257 287 397 320 191 109 109 113 114 94 92 55 26 30 26 22 18 19 27 27 29 21 21 16 8 10 8 5 6 5 8 8 7 5 6 7 5 6 5 5 6 5 7 6 7 7 8 6 5 5 5 5 5
203 226 242 234 305 656 658 333 235 167 225 343 351 294 183 106 158 116 70 78 57 52 47 57 42 41 41 37 36 44 59 52 35 46 36 42 63 118 152 181 236 383 482 445 301 204 185 148 188 132 97 94 94 50 35 41 32 33 34 35 27 28 24 18 12 11 12 11 6 7 6 8 8 8 7 6 5 6 5 6 6 6 7 7 7 7 9 7 7 5 4 4 5 4
338 405 323 214 220 628 521 480 336 268 171 197 237 235 187 169 169 111 75 77 60 64 55 66 74 70 77 83 49 40 42 58 41 60 50 61 106 155 191 226 300 961 3691 1106 366 225 273 259 179 80 53 62 46 51 28 31 30 35 36 84 36 21 25 25 22 21 17 15 8 6 7 7 8 8 7 5 4 5 4 6 5 6 7 9 8 7 8 8 7 5 5 5 5 4
409 240 239 189 198 990 837 1003 799 443 229 138 158 162 205 201 170 105 69 59 51 54 57 90 113 202 99 102 62 61 80 79 47 44 75 87 143 176 294 300 602 3973 11250 7278 2080 349 224 172 146 38 24 27 24 35 27 22 23 24 32 46 27 26 25 38 27 23 19 17 14 8 8 8 9 7 6 6 4 4 5 4 6 6 6 8 8 8 8 6 6 6 5 4 4 4
228 220 192 167 368 630 1453 1012 532 448 227 152 113 113 184 170 182 146 73 48 40 40 48 81 92 139 90 83 63 58 96 84 53 52 89 120 211 219 315 289 380 2586 6584 4383 1279 273 145 111 107 46 19 22 19 16 20 22 14 24 28 51 24 21 30 41 31 26 20 17 17 13 8 8 11 10 7 6 4 4 5 6 6 5 6 6 7 6 6 6 6 6 4 3 4 3
175 139 101 149 202 365 1123 1359 539 206 162 113 110 97 96 91 96 132 112 54 38 34 46 68 77 80 77 63 55 50 51 68 49 44 76 98 145 156 182 194 290 986 1979 517 388 209 122 80 65 49 17 19 12 11 11 15 12 21 25 41 33 19 20 23 21 20 18 17 17 17 10 9 10 10 7 8 5 6 5 7 6 5 5 6 6 6 4 5 7 6 5 4 3 3
111 72 94 102 143 236 378 590 555 238 157 107 125 103 95 69 79 89 63 47 28 26 32 51 66 69 61 41 39 38 30 34 31 33 61 58 116 134 96 184 235 311 674 341 203 137 93 58 46 40 32 12 9 9 9 13 10 17 18 23 45 22 15 15 16 16 16 18 16 17 14 14 10 10 7 9 10 7 6 6 5 3 4 6 6 6 5 5 3 4 5 4 3 4
76 67 89 111 122 159 217 258 249 227 171 110 107 102 83 47 41 36 33 36 28 28 37 27 31 48 39 26 21 23 26 33 25 23 40 53 91 69 62 118 198 253 425 228 185 123 85 53 36 31 28 7 7 6 7 11 9 11 20 21 21 21 15 12 10 15 17 19 23 18 16 16 19 14 9 9 13 7 7 6 4 4 4 5 5 5 5 5 4 4 5 4 4 3
91 81 70 101 124 131 155 183 190 165 114 103 103 103 67 35 27 30 29 31 35 28 27 29 32 38 28 21 19 20 32 29 22 18 30 34 66 55 77 101 176 224 231 182 162 85 53 46 28 27 18 6 6 5 7 8 9 12 15 18 14 23 18 12 10 10 16 17 21 25 20 23 24 15 11 9 13 9 8 6 5 4 5 5 5 4 4 4 5 4 5 4 6 6
68 61 65 90 103 119 129 134 173 126 102 92 80 80 71 36 24 32 27 32 43 23 21 23 30 31 25 20 16 17 21 24 16 15 20 21 50 56 58 65 119 166 197 153 101 64 45 46 30 23 13 7 6 5 6 7 7 11 10 15 14 16 18 17 10 8 13 14 16 20 27 32 20 24 14 10 12 9 9 7 6 4 4 4 3 4 4 3 4 5 5 4 7 7
68 51 56 68 75 80 100 93 91 90 95 82 70 58 45 42 25 27 36 30 26 19 21 22 24 27 30 18 16 14 15 18 18 13 17 15 27 52 47 75 82 126 155 133 94 73 42 28 21 17 11 8 4 5 6 8 6 8 7 12 13 14 17 16 11 10 7 13 15 17 22 29 49 34 25 16 14 8 7 7 5 6 7 4 3 4 3 3 5 5 5 4 6 7
47 46 51 65 74 83 82 81 82 87 92 74 65 45 43 39 34 34 28 28 29 24 25 19 24 28 27 24 19 14 13 12 15 13 18 16 25 31 41 72 111 147 130 133 98 49 36 26 17 16 13 6 4 5 5 5 5 5 7 9 14 11 15 14 11 14 7 7 8 14 17 18 36 56 32 33 18 12 8 7 5 5 4 5 6 7 8 7 7 5 7 4 4 6
56 69 52 59 68 94 117 120 104 102 81 96 60 33 39 36 25 24 24 33 44 36 23 18 19 24 28 28 21 14 13 17 18 13 13 15 34 34 32 41 65 99 142 131 84 78 40 24 26 18 13 5 4 4 5 5 5 5 7 6 7 9 12 21 12 10 10 8 9 7 9 14 21 51 44 50 24 17 11 10 9 7 6 8 8 7 10 9 9 11 7 8 6 7
45 49 52 51 69 114 145 148 149 114 94 61 36 33 48 45 30 23 27 37 48 40 29 25 25 30 28 26 24 16 17 20 18 17 15 20 33 26 28 34 66 86 143 145 97 62 25 22 21 17 19 8 4 4 6 5 6 6 6 5 5 7 10 17 13 10 8 6 6 6 8 14 21 37 79 76 27 18 14 12 12 9 7 7 8 9 8 7 12 12 9 11 10 9
30 38 36 53 75 121 146 141 176 127 72 47 47 28 38 33 27 34 33 28 44 49 34 33 28 24 28 30 26 23 24 22 15 14 20 21 21 21 27 30 59 81 116 131 78 40 23 21 20 15 13 7 6 6 4 5 5 4 5 7 5 7 14 12 22 14 9 8 6 7 7 14 16 34 402 161 32 17 11 10 10 13 12 9 10 14 10 9 15 15 10 11 8 12
34 45 45 60 89 132 162 162 183 133 64 50 47 24 23 38 39 41 40 37 41 52 51 38 31 24 31 33 38 28 27 25 17 13 13 20 20 20 34 31 46 85 129 128 65 38 28 21 15 13 12 10 4 4 5 4 5 5 7 5 6 6 11 13 14 18 10 8 6 8 7 12 14 21 49 42 29 25 17 13 10 11 12 11 8 10 8 8 11 11 14 13 8 11
40 40 43 49 81 123 169 416 248 108 58 44 41 25 22 29 32 35 35 28 35 51 61 48 38 35 21 23 30 32 24 24 16 13 17 20 25 19 43 52 50 87 126 119 74 37 33 21 13 15 14 11 4 3 3 4 4 4 4 4 5 6 9 12 12 19 13 10 14 6 6 13 15 20 28 27 24 19 17 14 12 14 7 9 8 11 10 9 10 9 12 13 12 11
32 46 43 63 106 125 178 539 261 102 51 35 37 36 35 27 31 24 21 32 30 50 51 65 59 39 33 21 28 30 24 24 23 17 22 27 30 21 38 70 67 116 174 101 81 38 34 17 14 14 13 12 9 4 5 5 3 4 4 5 5 5 7 12 14 14 17 11 8 7 8 13 15 22 27 23 21 17 17 14 12 12 5 4 4 4 6 6 7 11 13 14 16 19
32 35 37 68 119 150 163 179 105 67 43 33 31 44 43 33 37 29 25 30 26 32 40 59 81 54 42 30 22 27 26 26 26 28 30 33 30 24 48 77 106 114 122 81 52 31 23 15 16 17 12 12 11 4 4 4 4 4 4 5 5 4 6 7 13 14 19 11 8 5 8 15 17 16 21 22 17 13 12 9 6 6 5 4 3 3 3 4 4 9 12 12 16 17
37 39 45 67 100 112 193 125 80 48 42 34 38 48 47 44 31 25 23 33 27 28 34 45 67 67 51 29 30 23 24 25 26 24 25 38 38 30 49 71 79 136 148 97 76 31 24 16 15 12 13 12 11 9 4 3 4 3 4 4 6 6 5 5 11 13 14 11 7 7 9 10 16 15 14 18 13 8 6 5 6 5 4 3 3 3 3 3 3 4 10 12 13 15
66 53 99 89 69 81 84 70 56 47 41 33 36 28 32 41 36 33 34 25 36 31 26 30 36 58 66 41 33 25 24 23 22 23 28 38 37 43 48 75 71 123 166 77 55 30 23 22 14 17 11 13 13 19 5 3 3 3 4 6 5 7 6 6 8 11 16 13 7 6 12 11 15 16 14 16 11 8 6 5 5 4 4 4 4 4 5 4 3 5 7 6 8 12
92 91 111 96 86 100 71 67 52 38 35 38 40 33 35 39 35 40 29 33 25 35 26 31 33 39 59 54 47 35 28 28 24 25 25 34 48 48 73 92 102 128 130 76 48 30 20 16 13 15 11 14 11 12 5 4 3 3 4 5 6 6 7 10 11 14 12 9 6 4 9 12 16 17 17 16 10 7 5 4 5 3 5 5 4 5 6 4 4 4 5 5 7 7
64 75 100 116 97 75 59 54 39 37 49 47 43 42 33 36 36 37 25 28 20 33 26 28 34 41 48 42 47 40 41 43 39 40 39 50 63 52 84 90 118 134 115 91 61 39 17 15 19 15 12 16 12 12 6 3 3 3 3 4 6 9 9 14 17 17 17 9 6 4 8 11 12 14 12 11 8 5 4 4 4 3 4 6 4 5 4 4 3 4 5 6 5 5
61 84 98 119 103 67 56 41 32 46 54 44 42 39 39 36 35 31 24 28 20 19 21 28 27 33 37 33 30 35 32 29 33 40 54 63 71 77 60 89 111 103 97 79 47 37 21 13 17 17 17 13 11 11 11 3 3 3 4 6 8 7 12 17 18 24 21 13 7 7 7 12 13 14 10 9 8 5 5 5 5 3 3 4 4 4 4 4 3 3 4 5 5 5
93 98 132 147 126 85 59 37 31 49 41 37 38 31 31 30 31 31 30 34 21 26 23 23 20 19 26 28 31 34 32 35 37 40 46 67 99 87 68 101 114 94 81 58 50 33 23 19 21 18 17 12 10 13 14 4 4 5 4 6 9 11 17 21 21 24 14 10 9 7 8 13 13 18 15 13 7 6 6 5 3 2 3 3 4 4 3 2 2 3 4 4 4 5
90 117 164 170 147 107 81 35 39 45 41 39 40 35 25 27 27 35 36 34 19 27 30 28 27 18 24 31 26 23 30 32 31 40 52 75 111 125 107 136 111 90 72 45 31 22 22 20 20 24 17 10 10 16 16 8 4 5 3 5 8 12 19 25 30 20 12 9 7 6 8 11 13 20 13 12 9 6 6 4 3 3 4 3 3 4 3 3 2 2 3 4 4 6
100 151 384 229 144 109 68 36 48 44 40 39 39 30 33 22 22 35 33 22 24 34 32 27 23 20 24 25 26 22 29 32 28 37 54 87 119 178 277 145 104 83 56 35 21 22 22 22 20 22 18 17 15 18 18 13 4 5 5 4 6 11 22 60 32 12 9 7 7 5 10 12 13 18 13 12 6 5 4 5 4 4 3 4 3 4 3 3 2 3 4 4 4 4
