data/ago/ago_traveltime.asc
ncols         277
nrows         308
xllcorner     -540299.14387948
yllcorner     7980296.7276279
cellsize      5000
NODATA_value  -9999
[rows 164 to 204 of 308, columns 0 to 90 of 277]
-9999 -9999 -9999 -9999 -9999 -9999 -9999 -9999 -9999 -9999 -9999 -9999 -9999 -9999 -9999 -9999 -9999 -9999 -9999 -9999 -9999 -9999 -9999 -9999 -9999 -9999 -9999 -9999 -9999 -9999 -9999 -9999 -9999 -9999 -9999 -9999 -9999 -9999 -9999 -9999 -9999 -9999 -9999 -9999 -9999 -9999 -9999 -9999 -9999 -9999 82 58 36 40 111 159 196 229 287 288 219 200 186 111 130 197 231 269 372 381 353 327 244 180 190 269 381 311 242 130 115 104 110 81 63 90 142 185 226 247 203
-9999 -9999 -9999 -9999 -9999 -9999 -9999 -9999 -9999 -9999 -9999 -9999 -9999 -9999 -9999 -9999 -9999 -9999 -9999 -9999 -9999 -9999 -9999 -9999 -9999 -9999 -9999 -9999 -9999 -9999 -9999 -9999 -9999 -9999 -9999 -9999 -9999 -9999 -9999 -9999 -9999 -9999 -9999 -9999 -9999 -9999 -9999 -9999 -9999 -9999 -9999 51 54 43 52 157 157 185 242 300 286 265 230 168 169 165 191 239 346 402 414 329 273 205 120 177 263 268 271 246 234 207 118 91 61 87 128 181 194 205 192
-9999 -9999 -9999 -9999 -9999 -9999 -9999 -9999 -9999 -9999 -9999 -9999 -9999 -9999 -9999 -9999 -9999 -9999 -9999 -9999 -9999 -9999 -9999 -9999 -9999 -9999 -9999 -9999 -9999 -9999 -9999 -9999 -9999 -9999 -9999 -9999 -9999 -9999 -9999 -9999 -9999 -9999 -9999 -9999 -9999 -9999 -9999 -9999 -9999 -9999 -9999 64 96 57 42 126 113 158 223 285 375 373 336 304 280 217 133 177 303 318 340 330 281 217 113 121 204 202 207 199 209 199 148 124 105 80 113 130 137 148 154
-9999 -9999 -9999 -9999 -9999 -9999 -9999 -9999 -9999 -9999 -9999 -9999 -9999 -9999 -9999 -9999 -9999 -9999 -9999 -9999 -9999 -9999 -9999 -9999 -9999 -9999 -9999 -9999 -9999 -9999 -9999 -9999 -9999 -9999 -9999 -9999 -9999 -9999 -9999 -9999 -9999 -9999 -9999 -9999 -9999 -9999 -9999 -9999 -9999 -9999 87 106 117 68 43 81 94 202 254 306 390 410 389 347 301 235 120 165 233 249 287 301 308 247 130 98 148 139 131 129 142 78 107 126 88 57 68 129 142 147 172
-9999 -9999 -9999 -9999 -9999 -9999 -9999 -9999 -9999 -9999 -9999 -9999 -9999 -9999 -9999 -9999 -9999 -9999 -9999 -9999 -9999 -9999 -9999 -9999 -9999 -9999 -9999 -9999 -9999 -9999 -9999 -9999 -9999 -9999 -9999 -9999 -9999 -9999 -9999 -9999 -9999 -9999 -9999 -9999 -9999 -9999 -9999 -9999 -9999 -9999 108 103 114 66 51 85 84 105 245 302 407 395 361 326 289 232 114 120 149 106 119 140 167 166 95 90 104 83 108 103 95 92 66 68 59 50 79 182 204 219 241
-9999 -9999 -9999 -9999 -9999 -9999 -9999 -9999 -9999 -9999 -9999 -9999 -9999 -9999 -9999 -9999 -9999 -9999 -9999 -9999 -9999 -9999 -9999 -9999 -9999 -9999 -9999 -9999 -9999 -9999 -9999 -9999 -9999 -9999 -9999 -9999 -9999 -9999 -9999 -9999 -9999 -9999 -9999 -9999 -9999 -9999 -9999 -9999 -9999 -9999 116 118 119 74 48 67 89 123 254 334 358 303 247 184 183 194 116 92 125 127 125 101 108 100 96 133 155 101 150 171 160 153 102 86 80 50 86 154 195 238 270
-9999 -9999 -9999 -9999 -9999 -9999 -9999 -9999 -9999 -9999 -9999 -9999 -9999 -9999 -9999 -9999 -9999 -9999 -9999 -9999 -9999 -9999 -9999 -9999 -9999 -9999 -9999 -9999 -9999 -9999 -9999 -9999 -9999 -9999 -9999 -9999 -9999 -9999 -9999 -9999 -9999 -9999 -9999 -9999 -9999 -9999 -9999 -9999 -9999 -9999 135 189 156 114 66 87 133 194 306 358 343 282 225 134 131 137 114 90 136 188 186 125 117 129 102 123 131 103 128 214 207 192 107 84 62 53 92 85 117 159 152
-9999 -9999 -9999 -9999 -9999 -9999 -9999 -9999 -9999 -9999 -9999 -9999 -9999 -9999 -9999 -9999 -9999 -9999 -9999 -9999 -9999 -9999 -9999 -9999 -9999 -9999 -9999 -9999 -9999 -9999 -9999 -9999 -9999 -9999 -9999 -9999 -9999 -9999 -9999 -9999 -9999 -9999 -9999 -9999 -9999 -9999 -9999 -9999 -9999 113 114 152 127 94 60 54 112 187 315 373 398 292 235 152 129 105 90 92 166 269 295 272 260 247 170 148 145 155 136 121 146 135 81 66 63 44 74 115 97 110 98
-9999 -9999 -9999 -9999 -9999 -9999 -9999 -9999 -9999 -9999 -9999 -9999 -9999 -9999 -9999 -9999 -9999 -9999 -9999 -9999 -9999 -9999 -9999 -9999 -9999 -9999 -9999 -9999 -9999 -9999 -9999 -9999 -9999 -9999 -9999 -9999 -9999 -9999 -9999 -9999 -9999 -9999 -9999 -9999 -9999 -9999 -9999 -9999 -9999 138 86 107 97 54 39 91 150 210 352 389 355 263 219 131 98 88 89 124 165 235 291 331 303 247 171 149 169 186 152 102 88 86 80 75 93 39 52 84 121 117 83
-9999 -9999 -9999 -9999 -9999 -9999 -9999 -9999 -9999 -9999 -9999 -9999 -9999 -9999 -9999 -9999 -9999 -9999 -9999 -9999 -9999 -9999 -9999 -9999 -9999 -9999 -9999 -9999 -9999 -9999 -9999 -9999 -9999 -9999 -9999 -9999 -9999 -9999 -9999 -9999 -9999 -9999 -9999 -9999 -9999 -9999 -9999 -9999 -9999 110 117 70 57 37 49 174 220 260 360 347 309 238 185 118 91 75 86 100 126 206 266 325 283 217 175 159 165 147 123 130 86 61 72 88 100 66 35 38 62 63 54
-9999 -9999 -9999 -9999 -9999 -9999 -9999 -9999 -9999 -9999 -9999 -9999 -9999 -9999 -9999 -9999 -9999 -9999 -9999 -9999 -9999 -9999 -9999 -9999 -9999 -9999 -9999 -9999 -9999 -9999 -9999 -9999 -9999 -9999 -9999 -9999 -9999 -9999 -9999 -9999 -9999 -9999 -9999 -9999 -9999 -9999 -9999 -9999 98 106 131 93 66 34 85 195 254 304 340 299 259 209 173 109 74 91 124 103 103 189 235 277 333 320 251 202 156 170 163 141 79 92 37 35 55 45 63 53 28 40 60
-9999 -9999 -9999 -9999 -9999 -9999 -9999 -9999 -9999 -9999 -9999 -9999 -9999 -9999 -9999 -9999 -9999 -9999 -9999 -9999 -9999 -9999 -9999 -9999 -9999 -9999 -9999 -9999 -9999 -9999 -9999 -9999 -9999 -9999 -9999 -9999 -9999 -9999 -9999 -9999 -9999 -9999 -9999 -9999 -9999 -9999 -9999 -9999 83 132 140 100 60 57 131 224 311 344 259 217 175 98 83 66 128 160 92 82 94 143 189 222 314 325 280 235 213 196 129 87 70 61 39 27 37 68 87 62 19 19 26
-9999 -9999 -9999 -9999 -9999 -9999 -9999 -9999 -9999 -9999 -9999 -9999 -9999 -9999 -9999 -9999 -9999 -9999 -9999 -9999 -9999 -9999 -9999 -9999 -9999 -9999 -9999 -9999 -9999 -9999 -9999 -9999 -9999 -9999 -9999 -9999 -9999 -9999 -9999 -9999 -9999 -9999 -9999 -9999 -9999 -9999 -9999 55 73 80 103 56 24 126 181 233 346 323 231 182 135 62 67 81 168 192 120 93 71 109 134 177 265 230 254 259 187 171 120 64 92 79 51 9 3 21 32 60 36 34 30
-9999 -9999 -9999 -9999 -9999 -9999 -9999 -9999 -9999 -9999 -9999 -9999 -9999 -9999 -9999 -9999 -9999 -9999 -9999 -9999 -9999 -9999 -9999 -9999 -9999 -9999 -9999 -9999 -9999 -9999 -9999 -9999 -9999 -9999 -9999 -9999 -9999 -9999 -9999 -9999 -9999 -9999 -9999 -9999 -9999 -9999 -9999 0 43 51 86 42 26 147 209 259 342 290 197 155 104 68 106 132 197 176 154 135 127 57 37 55 114 93 97 85 110 126 114 72 61 31 13 30 17 45 35 67 59 66 28
-9999 -9999 -9999 -9999 -9999 -9999 -9999 -9999 -9999 -9999 -9999 -9999 -9999 -9999 -9999 -9999 -9999 -9999 -9999 -9999 -9999 -9999 -9999 -9999 -9999 -9999 -9999 -9999 -9999 -9999 -9999 -9999 -9999 -9999 -9999 -9999 -9999 -9999 -9999 -9999 -9999 -9999 -9999 -9999 -9999 -9999 0 32 50 44 59 27 26 141 210 263 274 243 140 86 51 128 177 193 146 123 101 82 88 61 39 23 43 36 33 30 51 64 51 57 18 26 42 41 41 62 51 113 164 148 87
-9999 -9999 -9999 -9999 -9999 -9999 -9999 -9999 -9999 -9999 -9999 -9999 -9999 -9999 -9999 -9999 -9999 -9999 -9999 -9999 -9999 -9999 -9999 -9999 -9999 -9999 -9999 -9999 -9999 -9999 -9999 -9999 -9999 -9999 -9999 -9999 -9999 -9999 -9999 -9999 -9999 -9999 -9999 -9999 -9999 2 0 10 42 22 16 15 22 105 171 212 210 212 208 67 57 159 184 148 91 76 50 30 35 15 10 8 5 10 14 85 75 92 87 69 77 43 47 75 107 70 71 65 144 153 94
-9999 -9999 -9999 -9999 -9999 -9999 -9999 -9999 -9999 -9999 -9999 -9999 -9999 -9999 -9999 -9999 -9999 -9999 -9999 -9999 -9999 -9999 -9999 -9999 -9999 -9999 -9999 -9999 -9999 -9999 -9999 -9999 -9999 -9999 -9999 -9999 -9999 -9999 -9999 -9999 -9999 -9999 -9999 -9999 0 0 1 5 10 14 17 42 41 61 105 147 153 152 199 57 73 165 145 105 35 43 72 93 90 107 118 93 10 40 73 99 103 112 152 130 125 124 72 93 136 116 117 64 80 101 63
-9999 -9999 -9999 -9999 -9999 -9999 -9999 -9999 -9999 -9999 -9999 -9999 -9999 -9999 -9999 -9999 -9999 -9999 -9999 -9999 -9999 -9999 -9999 -9999 -9999 -9999 -9999 -9999 -9999 -9999 -9999 -9999 -9999 -9999 -9999 -9999 -9999 -9999 -9999 -9999 -9999 -9999 -9999 -9999 14 1 10 13 41 37 27 72 87 25 28 45 48 45 50 42 70 62 41 33 73 99 133 158 149 158 190 128 16 20 34 52 62 75 193 202 200 185 120 74 129 129 132 83 67 123 146
-9999 -9999 -9999 -9999 -9999 -9999 -9999 -9999 -9999 -9999 -9999 -9999 -9999 -9999 -9999 -9999 -9999 -9999 -9999 -9999 -9999 -9999 -9999 -9999 -9999 -9999 -9999 -9999 -9999 -9999 -9999 -9999 -9999 -9999 -9999 -9999 -9999 -9999 -9999 -9999 -9999 -9999 -9999 -9999 18 22 62 92 78 33 41 128 163 99 56 35 44 73 53 41 39 37 47 67 112 149 190 225 217 218 131 82 18 95 138 156 175 180 256 321 212 158 96 103 83 79 78 72 84 130 107
-9999 -9999 -9999 -9999 -9999 -9999 -9999 -9999 -9999 -9999 -9999 -9999 -9999 -9999 -9999 -9999 -9999 -9999 -9999 -9999 -9999 -9999 -9999 -9999 -9999 -9999 -9999 -9999 -9999 -9999 -9999 -9999 -9999 -9999 -9999 -9999 -9999 -9999 -9999 -9999 -9999 -9999 -9999 4 7 41 69 121 94 58 70 179 221 194 102 90 113 136 95 79 74 82 98 171 217 237 262 270 217 148 24 35 104 147 183 216 236 262 309 291 184 127 96 92 85 88 59 43 80 84 71
-9999 -9999 -9999 -9999 -9999 -9999 -9999 -9999 -9999 -9999 -9999 -9999 -9999 -9999 -9999 -9999 -9999 -9999 -9999 -9999 -9999 -9999 -9999 -9999 -9999 -9999 -9999 -9999 -9999 -9999 -9999 -9999 -9999 -9999 -9999 -9999 -9999 -9999 -9999 -9999 -9999 -9999 0 2 11 23 66 119 127 108 118 229 262 258 229 233 234 229 203 199 196 197 210 225 297 295 321 245 209 127 40 87 150 201 222 254 291 336 297 245 191 121 109 212 217 222 84 43 30 37 50
-9999 -9999 -9999 -9999 -9999 -9999 -9999 -9999 -9999 -9999 -9999 -9999 -9999 -9999 -9999 -9999 -9999 -9999 -9999 -9999 -9999 -9999 -9999 -9999 -9999 -9999 -9999 -9999 -9999 -9999 -9999 -9999 -9999 -9999 -9999 -9999 -9999 -9999 0 0 14 0 0 5 28 30 105 128 197 232 250 324 350 306 288 289 293 275 258 253 250 256 268 282 316 349 339 222 155 85 69 133 194 159 119 200 272 308 254 178 119 111 110 246 272 213 81 40 29 35 33
-9999 -9999 -9999 -9999 -9999 -9999 -9999 -9999 -9999 -9999 -9999 -9999 -9999 -9999 -9999 -9999 -9999 -9999 -9999 -9999 -9999 -9999 -9999 -9999 -9999 -9999 -9999 -9999 -9999 -9999 -9999 -9999 -9999 -9999 -9999 -9999 -9999 39 23 13 15 7 13 17 28 41 61 81 187 246 309 363 400 363 359 350 345 332 316 316 311 318 368 382 401 402 353 192 104 44 66 94 131 125 92 184 238 257 210 176 127 85 113 230 284 234 129 66 27 19 15
-9999 -9999 -9999 -9999 -9999 -9999 -9999 -9999 -9999 -9999 -9999 -9999 -9999 -9999 -9999 -9999 -9999 -9999 -9999 -9999 -9999 -9999 -9999 -9999 -9999 -9999 -9999 -9999 -9999 -9999 -9999 -9999 -9999 -9999 -9999 -9999 56 62 49 14 34 10 54 31 67 70 59 88 137 251 310 408 366 349 369 414 431 418 403 379 361 340 325 337 363 378 321 219 136 88 41 46 76 143 87 152 187 206 148 127 92 104 207 287 264 222 117 67 55 29 27
-9999 -9999 -9999 -9999 -9999 -9999 -9999 -9999 -9999 -9999 -9999 -9999 -9999 -9999 -9999 -9999 -9999 -9999 -9999 -9999 -9999 -9999 -9999 -9999 -9999 -9999 -9999 -9999 -9999 -9999 -9999 -9999 -9999 -9999 -9999 70 69 98 30 20 66 13 62 79 59 101 103 86 131 254 313 292 303 292 304 359 377 363 337 313 302 285 265 281 315 362 319 214 168 132 63 63 129 170 115 78 83 103 74 47 77 171 202 201 197 154 93 37 68 28 31
-9999 -9999 -9999 -9999 -9999 -9999 -9999 -9999 -9999 -9999 -9999 -9999 -9999 -9999 -9999 -9999 -9999 -9999 -9999 -9999 -9999 -9999 -9999 -9999 -9999 -9999 -9999 -9999 -9999 -9999 -9999 -9999 -9999 0 106 155 140 87 27 75 117 29 25 110 81 80 128 96 110 240 281 233 244 232 247 285 318 302 281 263 251 187 149 169 216 263 263 235 123 70 51 69 96 94 79 57 44 52 57 45 82 145 147 131 143 102 51 27 38 5 6
-9999 -9999 -9999 -9999 -9999 -9999 -9999 -9999 -9999 -9999 -9999 -9999 -9999 -9999 -9999 -9999 -9999 -9999 -9999 -9999 -9999 -9999 -9999 -9999 -9999 -9999 -9999 -9999 -9999 -9999 -9999 -9999 0 120 124 140 112 59 57 103 137 38 21 100 113 105 164 129 107 219 227 139 112 107 155 185 212 225 183 154 149 158 92 136 192 199 211 231 132 79 73 87 91 61 46 50 61 55 37 36 66 30 38 31 50 25 12 24 20 10 4
-9999 -9999 -9999 -9999 -9999 -9999 -9999 -9999 -9999 -9999 -9999 -9999 -9999 -9999 -9999 -9999 -9999 -9999 -9999 -9999 -9999 -9999 -9999 -9999 -9999 -9999 -9999 -9999 -9999 -9999 -9999 -9999 0 124 104 82 79 44 70 126 153 50 52 33 29 50 119 137 148 141 119 100 91 72 113 141 162 183 151 106 102 126 70 127 149 143 154 189 136 96 74 99 64 54 85 190 203 184 88 56 99 49 39 22 20 17 66 56 22 41 7
-9999 -9999 -9999 -9999 -9999 -9999 -9999 -9999 -9999 -9999 -9999 -9999 -9999 -9999 -9999 -9999 -9999 -9999 -9999 -9999 -9999 -9999 -9999 -9999 -9999 -9999 -9999 -9999 -9999 -9999 -9999 -9999 -9999 99 66 69 33 70 145 178 199 129 106 84 43 27 63 80 126 124 133 135 127 98 68 103 110 142 136 87 32 56 41 55 31 25 45 72 156 96 39 57 39 87 147 193 249 230 179 74 119 89 38 36 34 24 53 90 36 44 22
-9999 -9999 -9999 -9999 -9999 -9999 -9999 -9999 -9999 -9999 -9999 -9999 -9999 -9999 -9999 -9999 -9999 -9999 -9999 -9999 -9999 -9999 -9999 -9999 -9999 -9999 -9999 -9999 -9999 -9999 -9999 -9999 -9999 78 95 80 38 78 174 218 238 183 161 132 91 55 36 46 81 123 75 51 39 48 80 38 33 52 70 59 22 25 28 13 14 34 20 25 83 54 34 34 41 105 165 234 300 242 181 189 199 98 56 65 117 135 141 50 32 16 32
-9999 -9999 -9999 -9999 -9999 -9999 -9999 -9999 -9999 -9999 -9999 -9999 -9999 -9999 -9999 -9999 -9999 -9999 -9999 -9999 -9999 -9999 -9999 -9999 -9999 -9999 -9999 -9999 -9999 -9999 -9999 -9999 -9999 74 66 56 41 57 105 200 225 283 258 237 181 158 131 84 72 39 37 40 54 28 44 19 17 26 25 37 4 6 7 30 39 96 65 54 43 35 36 126 103 180 237 308 366 318 278 238 185 84 66 82 154 179 129 55 44 51 58
-9999 -9999 -9999 -9999 -9999 -9999 -9999 -9999 -9999 -9999 -9999 -9999 -9999 -9999 -9999 -9999 -9999 -9999 -9999 -9999 -9999 -9999 -9999 -9999 -9999 -9999 -9999 -9999 -9999 -9999 -9999 -9999 97 145 94 54 90 127 129 150 171 292 309 290 237 206 174 138 120 42 35 65 104 53 31 38 25 16 48 28 17 17 19 112 146 194 177 142 47 71 48 129 154 211 284 352 414 359 330 231 167 85 114 134 206 204 145 95 71 97 85
-9999 -9999 -9999 -9999 -9999 -9999 -9999 -9999 -9999 -9999 -9999 -9999 -9999 -9999 -9999 -9999 -9999 -9999 -9999 -9999 -9999 -9999 -9999 -9999 -9999 -9999 -9999 -9999 -9999 -9999 -9999 131 154 121 67 47 103 159 189 197 178 278 307 328 283 249 223 184 137 133 59 61 175 152 146 126 74 53 102 80 65 60 30 103 155 201 198 150 78 82 61 116 167 218 318 396 452 440 368 246 189 133 170 226 302 271 241 142 88 107 75
-9999 -9999 -9999 -9999 -9999 -9999 -9999 -9999 -9999 -9999 -9999 -9999 -9999 -9999 -9999 -9999 -9999 -9999 -9999 -9999 -9999 -9999 -9999 -9999 -9999 -9999 -9999 -9999 -9999 -9999 -9999 164 194 109 58 62 148 185 236 251 221 274 270 318 375 351 326 221 170 123 62 61 195 215 202 146 103 63 130 134 117 99 63 99 158 210 226 211 96 84 86 167 211 259 452 451 514 459 392 266 207 153 159 203 308 331 276 174 115 88 68
-9999 -9999 -9999 -9999 -9999 -9999 -9999 -9999 -9999 -9999 -9999 -9999 -9999 -9999 -9999 -9999 -9999 -9999 -9999 -9999 -9999 -9999 -9999 -9999 -9999 -9999 -9999 -9999 -9999 -9999 133 171 109 100 73 118 219 275 314 381 358 351 298 303 366 348 321 210 158 104 56 68 193 249 259 178 125 137 114 165 216 181 149 150 182 236 253 201 104 119 99 159 210 266 430 478 501 464 399 280 224 173 142 177 288 334 300 225 174 119 45
-9999 -9999 -9999 -9999 -9999 -9999 -9999 -9999 -9999 -9999 -9999 -9999 -9999 -9999 -9999 -9999 -9999 -9999 -9999 -9999 -9999 -9999 -9999 -9999 -9999 -9999 -9999 -9999 134 119 123 97 80 70 107 151 248 305 361 437 422 415 352 329 318 297 283 218 190 147 68 49 82 195 253 240 203 158 123 178 234 222 204 207 224 254 272 221 178 166 128 151 203 255 405 416 384 410 378 264 204 166 232 254 273 261 231 222 185 138 56
-9999 -9999 -9999 -9999 -9999 -9999 -9999 -9999 -9999 -9999 -9999 -9999 -9999 -9999 -9999 -9999 -9999 -9999 -9999 -9999 -9999 -9999 -9999 -9999 -9999 -9999 177 167 143 159 174 146 108 69 131 186 234 338 394 492 547 532 462 440 422 330 278 215 211 173 75 53 65 171 231 270 221 174 132 186 242 272 261 265 277 303 324 315 296 230 187 127 156 203 279 287 304 355 335 239 194 186 258 243 228 195 173 167 141 121 36
-9999 -9999 -9999 -9999 -9999 -9999 -9999 -9999 -9999 -9999 -9999 -9999 -9999 -9999 -9999 -9999 -9999 -9999 -9999 -9999 -9999 -9999 -9999 -9999 -9999 -9999 151 164 122 192 186 147 88 84 190 242 297 408 458 564 600 586 512 489 453 349 310 194 182 152 85 65 52 153 200 255 238 220 140 165 214 309 364 384 402 418 353 345 347 268 227 163 142 155 234 228 250 304 278 204 196 222 210 187 173 103 65 58 46 41 71
-9999 -9999 -9999 -9999 -9999 -9999 -9999 -9999 -9999 -9999 -9999 -9999 -9999 -9999 -9999 -9999 -9999 -9999 -9999 -9999 -9999 -9999 -9999 -9999 -9999 0 116 140 111 98 94 76 74 95 225 275 328 431 487 585 636 629 564 521 471 379 333 248 222 206 146 123 99 60 87 155 168 196 166 154 182 286 355 408 382 359 347 345 365 318 284 237 202 165 147 155 176 252 271 249 220 169 106 81 58 52 44 52 52 57 117
-9999 -9999 -9999 -9999 -9999 -9999 -9999 -9999 -9999 -9999 -9999 -9999 -9999 -9999 -9999 -9999 -9999 -9999 -9999 -9999 -9999 -9999 -9999 -9999 0 136 108 100 88 95 88 95 118 142 245 306 358 453 499 570 671 706 620 573 525 438 394 329 273 243 199 174 143 64 87 115 161 184 203 194 193 247 304 360 298 273 226 231 251 282 328 314 247 198 156 141 189 257 248 218 181 141 54 37 36 41 56 70 78 73 130
-9999 -9999 -9999 -9999 -9999 -9999 -9999 -9999 -9999 -9999 -9999 -9999 -9999 -9999 -9999 -9999 -9999 -9999 -9999 -9999 -9999 -9999 -9999 -9999 164 171 120 89 109 152 140 206 247 263 346 371 415 515 560 599 692 727 644 595 549 467 416 372 313 285 245 213 169 71 82 120 236 281 318 305 299 297 296 296 315 325 235 193 193 243 257 254 208 160 125 141 196 217 191 173 139 102 28 69 120 137 116 118 154 133 130
