data/ago/ago_population_v2.asc
ncols         277
nrows         308
xllcorner     -540299.14387948
yllcorner     7980296.7276279
cellsize      5000
NODATA_value  -9999
[rows 164 to 204 of 308, columns 0 to 92 of 277]
-9999 -9999 -9999 -9999 -9999 -9999 -9999 -9999 -9999 -9999 -9999 -9999 -9999 -9999 -9999 -9999 -9999 -9999 -9999 -9999 -9999 -9999 -9999 -9999 -9999 -9999 -9999 -9999 -9999 -9999 -9999 -9999 -9999 -9999 -9999 -9999 -9999 -9999 -9999 -9999 -9999 -9999 -9999 -9999 -9999 -9999 -9999 -9999 -9999 -9999 429 466 345 303 262 234 161 104 254 208 158 170 257 375 513 947 277 149 130 155 218 327 329 531 553 643 675 662 767 663 495 631 655 770 951 851 1031 743 704 643 818 656 481
-9999 -9999 -9999 -9999 -9999 -9999 -9999 -9999 -9999 -9999 -9999 -9999 -9999 -9999 -9999 -9999 -9999 -9999 -9999 -9999 -9999 -9999 -9999 -9999 -9999 -9999 -9999 -9999 -9999 -9999 -9999 -9999 -9999 -9999 -9999 -9999 -9999 -9999 -9999 -9999 -9999 -9999 -9999 -9999 -9999 -9999 -9999 -9999 -9999 -9999 -9999 483 368 368 383 281 198 117 211 267 108 80 105 118 128 215 236 206 210 222 391 545 447 573 773 755 1206 784 836 638 535 550 746 718 1196 1200 1237 744 823 745 484 809 974
-9999 -9999 -9999 -9999 -9999 -9999 -9999 -9999 -9999 -9999 -9999 -9999 -9999 -9999 -9999 -9999 -9999 -9999 -9999 -9999 -9999 -9999 -9999 -9999 -9999 -9999 -9999 -9999 -9999 -9999 -9999 -9999 -9999 -9999 -9999 -9999 -9999 -9999 -9999 -9999 -9999 -9999 -9999 -9999 -9999 -9999 -9999 -9999 -9999 -9999 -9999 1114 1129 915 686 830 746 213 188 152 101 67 77 71 101 173 235 282 337 333 425 433 466 498 880 1073 1208 1310 1011 770 647 675 834 740 1295 1277 1270 902 827 954 774 639 712
-9999 -9999 -9999 -9999 -9999 -9999 -9999 -9999 -9999 -9999 -9999 -9999 -9999 -9999 -9999 -9999 -9999 -9999 -9999 -9999 -9999 -9999 -9999 -9999 -9999 -9999 -9999 -9999 -9999 -9999 -9999 -9999 -9999 -9999 -9999 -9999 -9999 -9999 -9999 -9999 -9999 -9999 -9999 -9999 -9999 -9999 -9999 -9999 -9999 -9999 1105 1103 926 1177 1258 1042 878 329 195 136 69 56 73 68 146 299 297 375 446 601 509 445 705 762 680 1479 1276 1926 2964 1104 880 760 730 1140 2097 2582 1193 734 666 701 661 865 571
-9999 -9999 -9999 -9999 -9999 -9999 -9999 -9999 -9999 -9999 -9999 -9999 -9999 -9999 -9999 -9999 -9999 -9999 -9999 -9999 -9999 -9999 -9999 -9999 -9999 -9999 -9999 -9999 -9999 -9999 -9999 -9999 -9999 -9999 -9999 -9999 -9999 -9999 -9999 -9999 -9999 -9999 -9999 -9999 -9999 -9999 -9999 -9999 -9999 -9999 745 963 832 924 1064 871 809 321 143 113 65 60 76 224 293 379 411 356 305 691 1088 692 757 759 1175 994 864 967 848 813 656 577 800 927 1088 2188 1039 875 679 701 583 538 576
-9999 -9999 -9999 -9999 -9999 -9999 -9999 -9999 -9999 -9999 -9999 -9999 -9999 -9999 -9999 -9999 -9999 -9999 -9999 -9999 -9999 -9999 -9999 -9999 -9999 -9999 -9999 -9999 -9999 -9999 -9999 -9999 -9999 -9999 -9999 -9999 -9999 -9999 -9999 -9999 -9999 -9999 -9999 -9999 -9999 -9999 -9999 -9999 -9999 -9999 653 975 890 1092 1756 1054 585 562 445 141 79 76 127 252 452 484 390 436 314 320 389 549 595 687 754 479 877 667 624 490 425 556 736 726 1199 1737 968 860 795 1035 674 694 518
-9999 -9999 -9999 -9999 -9999 -9999 -9999 -9999 -9999 -9999 -9999 -9999 -9999 -9999 -9999 -9999 -9999 -9999 -9999 -9999 -9999 -9999 -9999 -9999 -9999 -9999 -9999 -9999 -9999 -9999 -9999 -9999 -9999 -9999 -9999 -9999 -9999 -9999 -9999 -9999 -9999 -9999 -9999 -9999 -9999 -9999 -9999 -9999 -9999 -9999 1646 951 1149 1326 2880 2414 1064 877 525 271 112 145 203 308 315 422 480 473 572 333 340 475 432 418 503 620 585 411 649 740 738 568 471 589 895 1161 962 966 817 760 1326 962 935
-9999 -9999 -9999 -9999 -9999 -9999 -9999 -9999 -9999 -9999 -9999 -9999 -9999 -9999 -9999 -9999 -9999 -9999 -9999 -9999 -9999 -9999 -9999 -9999 -9999 -9999 -9999 -9999 -9999 -9999 -9999 -9999 -9999 -9999 -9999 -9999 -9999 -9999 -9999 -9999 -9999 -9999 -9999 -9999 -9999 -9999 -9999 -9999 -9999 566 637 866 1293 3368 6026 3277 1095 1022 624 310 232 271 370 436 414 569 805 655 761 338 340 347 538 359 434 436 352 472 726 1023 1143 871 825 725 692 729 778 826 822 1081 1585 1044 789
-9999 -9999 -9999 -9999 -9999 -9999 -9999 -9999 -9999 -9999 -9999 -9999 -9999 -9999 -9999 -9999 -9999 -9999 -9999 -9999 -9999 -9999 -9999 -9999 -9999 -9999 -9999 -9999 -9999 -9999 -9999 -9999 -9999 -9999 -9999 -9999 -9999 -9999 -9999 -9999 -9999 -9999 -9999 -9999 -9999 -9999 -9999 -9999 -9999 563 450 629 752 1537 1653 1119 788 618 380 349 310 581 586 665 874 1780 1554 706 883 603 390 289 325 409 870 395 349 608 1221 1116 1333 1274 627 624 633 589 714 699 754 1012 892 822 879
-9999 -9999 -9999 -9999 -9999 -9999 -9999 -9999 -9999 -9999 -9999 -9999 -9999 -9999 -9999 -9999 -9999 -9999 -9999 -9999 -9999 -9999 -9999 -9999 -9999 -9999 -9999 -9999 -9999 -9999 -9999 -9999 -9999 -9999 -9999 -9999 -9999 -9999 -9999 -9999 -9999 -9999 -9999 -9999 -9999 -9999 -9999 -9999 -9999 926 639 591 661 985 947 714 405 278 349 305 600 717 765 508 707 933 956 661 589 520 426 284 358 338 429 373 861 789 1138 1084 824 1045 922 932 723 599 1296 1289 1149 1055 1097 977 951
-9999 -9999 -9999 -9999 -9999 -9999 -9999 -9999 -9999 -9999 -9999 -9999 -9999 -9999 -9999 -9999 -9999 -9999 -9999 -9999 -9999 -9999 -9999 -9999 -9999 -9999 -9999 -9999 -9999 -9999 -9999 -9999 -9999 -9999 -9999 -9999 -9999 -9999 -9999 -9999 -9999 -9999 -9999 -9999 -9999 -9999 -9999 -9999 480 591 604 580 707 766 687 427 241 257 312 343 568 523 510 668 660 683 841 861 597 451 403 329 331 364 426 587 948 767 664 850 581 800 779 1171 1033 685 465 639 1120 1727 3413 1790 1270
-9999 -9999 -9999 -9999 -9999 -9999 -9999 -9999 -9999 -9999 -9999 -9999 -9999 -9999 -9999 -9999 -9999 -9999 -9999 -9999 -9999 -9999 -9999 -9999 -9999 -9999 -9999 -9999 -9999 -9999 -9999 -9999 -9999 -9999 -9999 -9999 -9999 -9999 -9999 -9999 -9999 -9999 -9999 -9999 -9999 -9999 -9999 -9999 1105 995 740 619 747 726 653 445 324 313 523 545 512 513 701 829 747 624 647 699 607 503 358 358 407 487 743 508 595 721 1107 1267 635 935 799 2511 4459 1229 786 858 1813 5152 2570 1170 764
-9999 -9999 -9999 -9999 -9999 -9999 -9999 -9999 -9999 -9999 -9999 -9999 -9999 -9999 -9999 -9999 -9999 -9999 -9999 -9999 -9999 -9999 -9999 -9999 -9999 -9999 -9999 -9999 -9999 -9999 -9999 -9999 -9999 -9999 -9999 -9999 -9999 -9999 -9999 -9999 -9999 -9999 -9999 -9999 -9999 -9999 -9999 1143 3986 3226 1011 891 967 759 617 412 407 357 523 502 473 555 577 638 540 465 649 595 675 765 618 825 687 825 549 707 741 671 668 1004 921 1137 2144 2642 3136 916 736 573 989 1537 1157 837 1093
-9999 -9999 -9999 -9999 -9999 -9999 -9999 -9999 -9999 -9999 -9999 -9999 -9999 -9999 -9999 -9999 -9999 -9999 -9999 -9999 -9999 -9999 -9999 -9999 -9999 -9999 -9999 -9999 -9999 -9999 -9999 -9999 -9999 -9999 -9999 -9999 -9999 -9999 -9999 -9999 -9999 -9999 -9999 -9999 -9999 -9999 -9999 2392 4472 3512 1241 1756 1330 981 695 454 412 405 466 655 559 466 511 417 405 571 584 610 622 678 1986 1533 1560 1125 760 571 552 617 710 811 1116 1113 1186 723 709 525 488 426 671 678 1375 867 1420
-9999 -9999 -9999 -9999 -9999 -9999 -9999 -9999 -9999 -9999 -9999 -9999 -9999 -9999 -9999 -9999 -9999 -9999 -9999 -9999 -9999 -9999 -9999 -9999 -9999 -9999 -9999 -9999 -9999 -9999 -9999 -9999 -9999 -9999 -9999 -9999 -9999 -9999 -9999 -9999 -9999 -9999 -9999 -9999 -9999 -9999 20632 8814 2917 1954 1329 3653 2538 1545 890 797 440 674 783 821 615 515 560 437 561 658 748 618 781 653 1632 3510 6375 2676 924 741 780 994 618 1660 854 668 533 516 317 402 378 417 458 455 999 907 996
-9999 -9999 -9999 -9999 -9999 -9999 -9999 -9999 -9999 -9999 -9999 -9999 -9999 -9999 -9999 -9999 -9999 -9999 -9999 -9999 -9999 -9999 -9999 -9999 -9999 -9999 -9999 -9999 -9999 -9999 -9999 -9999 -9999 -9999 -9999 -9999 -9999 -9999 -9999 -9999 -9999 -9999 -9999 -9999 -9999 26755 89324 26641 7278 1780 561 885 749 791 878 706 624 678 837 871 655 745 537 573 751 712 797 503 664 662 1057 1579 4024 1371 514 448 526 532 388 446 477 571 535 394 349 305 398 741 640 493 667 1006 2447
-9999 -9999 -9999 -9999 -9999 -9999 -9999 -9999 -9999 -9999 -9999 -9999 -9999 -9999 -9999 -9999 -9999 -9999 -9999 -9999 -9999 -9999 -9999 -9999 -9999 -9999 -9999 -9999 -9999 -9999 -9999 -9999 -9999 -9999 -9999 -9999 -9999 -9999 -9999 -9999 -9999 -9999 -9999 -9999 4187 24849 22712 14729 1248 556 878 339 336 947 776 620 687 942 1170 1079 626 557 662 906 1034 532 422 419 435 580 845 918 1446 789 548 627 769 600 540 435 562 517 545 539 316 380 522 869 1004 571 870 1307 4474
-9999 -9999 -9999 -9999 -9999 -9999 -9999 -9999 -9999 -9999 -9999 -9999 -9999 -9999 -9999 -9999 -9999 -9999 -9999 -9999 -9999 -9999 -9999 -9999 -9999 -9999 -9999 -9999 -9999 -9999 -9999 -9999 -9999 -9999 -9999 -9999 -9999 -9999 -9999 -9999 -9999 -9999 -9999 -9999 8147 21353 6497 2062 729 2361 1103 313 698 819 736 781 1167 1479 3634 1891 1170 1063 1053 743 492 469 727 616 577 631 633 510 879 832 868 901 780 660 471 502 480 451 587 575 419 433 614 749 862 744 1263 1431 2231
-9999 -9999 -9999 -9999 -9999 -9999 -9999 -9999 -9999 -9999 -9999 -9999 -9999 -9999 -9999 -9999 -9999 -9999 -9999 -9999 -9999 -9999 -9999 -9999 -9999 -9999 -9999 -9999 -9999 -9999 -9999 -9999 -9999 -9999 -9999 -9999 -9999 -9999 -9999 -9999 -9999 -9999 -9999 -9999 16688 9233 1463 444 364 1361 625 525 784 712 647 678 825 1076 1378 1263 1121 899 463 520 509 424 339 646 776 617 817 845 898 504 416 484 455 460 290 374 368 392 521 475 485 482 554 933 1039 907 1087 1184 1792
-9999 -9999 -9999 -9999 -9999 -9999 -9999 -9999 -9999 -9999 -9999 -9999 -9999 -9999 -9999 -9999 -9999 -9999 -9999 -9999 -9999 -9999 -9999 -9999 -9999 -9999 -9999 -9999 -9999 -9999 -9999 -9999 -9999 -9999 -9999 -9999 -9999 -9999 -9999 -9999 -9999 -9999 -9999 34237 29086 2916 629 264 224 295 392 704 552 597 776 637 669 722 628 600 560 463 392 379 396 203 226 458 772 702 685 659 542 523 510 382 272 188 157 295 300 436 533 427 545 528 580 1182 1306 1006 935 1896 2283
-9999 -9999 -9999 -9999 -9999 -9999 -9999 -9999 -9999 -9999 -9999 -9999 -9999 -9999 -9999 -9999 -9999 -9999 -9999 -9999 -9999 -9999 -9999 -9999 -9999 -9999 -9999 -9999 -9999 -9999 -9999 -9999 -9999 -9999 -9999 -9999 -9999 -9999 -9999 -9999 -9999 -9999 72781 51666 9605 2094 604 306 257 144 261 295 368 492 736 544 523 370 333 515 367 447 434 347 225 164 246 339 639 841 896 678 645 819 741 440 347 164 159 255 277 413 485 351 439 507 793 1821 1664 1583 1158 2535 1534
-9999 -9999 -9999 -9999 -9999 -9999 -9999 -9999 -9999 -9999 -9999 -9999 -9999 -9999 -9999 -9999 -9999 -9999 -9999 -9999 -9999 -9999 -9999 -9999 -9999 -9999 -9999 -9999 -9999 -9999 -9999 -9999 -9999 -9999 -9999 -9999 -9999 -9999 10957 5642 11879 63063 70001 41353 16975 2112 512 343 324 202 174 217 243 411 334 348 304 316 286 407 358 392 287 329 272 236 421 649 745 997 890 939 672 871 558 452 371 223 209 266 391 424 392 321 347 438 643 2371 5098 3908 2473 2725 2150
-9999 -9999 -9999 -9999 -9999 -9999 -9999 -9999 -9999 -9999 -9999 -9999 -9999 -9999 -9999 -9999 -9999 -9999 -9999 -9999 -9999 -9999 -9999 -9999 -9999 -9999 -9999 -9999 -9999 -9999 -9999 -9999 -9999 -9999 -9999 -9999 -9999 1435 3791 2093 2104 18862 10967 8866 5660 1026 475 381 282 184 140 165 207 222 277 345 339 390 417 458 528 545 495 378 545 420 504 876 924 749 1820 1348 886 691 428 369 281 227 237 291 378 387 296 347 424 464 570 1335 2906 3028 7142 7336 9576
-9999 -9999 -9999 -9999 -9999 -9999 -9999 -9999 -9999 -9999 -9999 -9999 -9999 -9999 -9999 -9999 -9999 -9999 -9999 -9999 -9999 -9999 -9999 -9999 -9999 -9999 -9999 -9999 -9999 -9999 -9999 -9999 -9999 -9999 -9999 -9999 1027 718 1392 983 819 4236 1411 1297 1071 539 389 360 232 141 134 162 170 167 295 511 517 720 976 866 774 555 512 832 1155 836 561 576 828 894 826 1151 1209 694 413 613 481 316 369 387 372 316 311 354 370 434 639 1450 1754 1411 3037 9660 30455
-9999 -9999 -9999 -9999 -9999 -9999 -9999 -9999 -9999 -9999 -9999 -9999 -9999 -9999 -9999 -9999 -9999 -9999 -9999 -9999 -9999 -9999 -9999 -9999 -9999 -9999 -9999 -9999 -9999 -9999 -9999 -9999 -9999 -9999 -9999 732 698 615 616 538 455 638 806 549 385 332 301 235 180 120 124 129 157 181 474 653 788 821 779 796 631 697 542 799 854 1570 733 638 856 1567 1162 821 871 694 587 1645 1396 722 702 818 486 332 401 405 433 721 1705 2120 2571 3357 4254 9524 16711
-9999 -9999 -9999 -9999 -9999 -9999 -9999 -9999 -9999 -9999 -9999 -9999 -9999 -9999 -9999 -9999 -9999 -9999 -9999 -9999 -9999 -9999 -9999 -9999 -9999 -9999 -9999 -9999 -9999 -9999 -9999 -9999 -9999 228 776 658 368 261 186 250 151 227 386 350 332 298 276 155 138 125 134 149 192 184 295 339 717 763 1197 907 866 707 772 1021 881 1243 1090 962 802 1587 1158 726 870 1295 1187 2347 2602 706 1710 2194 1458 532 876 767 641 1224 3385 4637 6891 12454 9847 1688 3335
-9999 -9999 -9999 -9999 -9999 -9999 -9999 -9999 -9999 -9999 -9999 -9999 -9999 -9999 -9999 -9999 -9999 -9999 -9999 -9999 -9999 -9999 -9999 -9999 -9999 -9999 -9999 -9999 -9999 -9999 -9999 -9999 108 483 952 1116 404 158 272 159 171 104 255 378 524 349 248 210 225 148 169 233 361 321 242 328 593 397 1406 1210 1139 1292 891 1190 1286 1220 1081 1234 1221 1336 1021 740 1178 2319 1312 590 444 551 1353 1563 1141 1126 2925 3446 1262 2758 3564 1803 2641 3733 4243 2253 1360
-9999 -9999 -9999 -9999 -9999 -9999 -9999 -9999 -9999 -9999 -9999 -9999 -9999 -9999 -9999 -9999 -9999 -9999 -9999 -9999 -9999 -9999 -9999 -9999 -9999 -9999 -9999 -9999 -9999 -9999 -9999 -9999 389 1129 1701 2490 1634 599 196 172 77 65 88 181 452 480 276 245 275 219 277 320 356 372 501 395 347 340 492 1721 2953 1902 1715 1227 1763 1335 797 1137 1273 2337 1567 1145 2941 1846 982 465 412 592 502 539 559 757 2133 2996 1673 2169 1114 876 980 1684 3585 2470 2065
-9999 -9999 -9999 -9999 -9999 -9999 -9999 -9999 -9999 -9999 -9999 -9999 -9999 -9999 -9999 -9999 -9999 -9999 -9999 -9999 -9999 -9999 -9999 -9999 -9999 -9999 -9999 -9999 -9999 -9999 -9999 -9999 -9999 1353 1651 2152 2874 640 168 69 47 49 71 86 105 465 320 300 329 294 326 285 314 312 680 808 807 474 561 1061 2711 2560 2395 2227 2108 2098 1308 1530 1451 3066 3683 1974 2844 1490 881 516 340 314 331 461 401 693 1409 1014 1200 2149 1313 1188 1058 2169 1853 3142 1927
-9999 -9999 -9999 -9999 -9999 -9999 -9999 -9999 -9999 -9999 -9999 -9999 -9999 -9999 -9999 -9999 -9999 -9999 -9999 -9999 -9999 -9999 -9999 -9999 -9999 -9999 -9999 -9999 -9999 -9999 -9999 -9999 -9999 1051 839 1571 2437 438 152 59 39 39 52 77 100 223 303 356 419 526 519 424 401 422 726 2262 1666 951 852 1110 5031 6757 5658 3435 2689 2138 2319 2100 2484 8135 3860 1567 1093 876 787 503 201 248 268 330 469 449 890 689 640 886 805 1074 1239 2400 2502 3110 1208
-9999 -9999 -9999 -9999 -9999 -9999 -9999 -9999 -9999 -9999 -9999 -9999 -9999 -9999 -9999 -9999 -9999 -9999 -9999 -9999 -9999 -9999 -9999 -9999 -9999 -9999 -9999 -9999 -9999 -9999 -9999 -9999 -9999 641 931 692 719 373 140 100 61 45 39 49 88 126 176 279 374 693 1046 396 320 463 845 3037 2662 1060 1847 1604 8091 17973 4321 2757 1998 1722 1611 1476 1940 3418 2499 1033 701 695 755 687 244 232 301 368 315 351 535 494 394 516 791 499 672 1635 1949 2765 889
-9999 -9999 -9999 -9999 -9999 -9999 -9999 -9999 -9999 -9999 -9999 -9999 -9999 -9999 -9999 -9999 -9999 -9999 -9999 -9999 -9999 -9999 -9999 -9999 -9999 -9999 -9999 -9999 -9999 -9999 -9999 -9999 225 511 487 268 125 115 80 69 120 48 39 31 37 57 76 102 344 441 613 405 299 368 556 938 782 669 991 1445 2842 3907 2736 2130 1891 1519 1616 1739 1743 1392 1206 948 589 701 592 566 302 230 338 353 348 509 375 318 382 532 471 411 513 744 1651 2112 1340
-9999 -9999 -9999 -9999 -9999 -9999 -9999 -9999 -9999 -9999 -9999 -9999 -9999 -9999 -9999 -9999 -9999 -9999 -9999 -9999 -9999 -9999 -9999 -9999 -9999 -9999 -9999 -9999 -9999 -9999 -9999 201 268 167 428 182 81 66 40 38 55 167 54 39 32 40 53 57 239 282 396 372 288 292 380 475 489 458 436 493 2136 2279 2129 1839 2009 1576 1400 1480 1488 1555 1142 853 774 742 543 502 303 237 283 300 312 328 377 397 359 435 385 523 485 473 639 1024 1635
-9999 -9999 -9999 -9999 -9999 -9999 -9999 -9999 -9999 -9999 -9999 -9999 -9999 -9999 -9999 -9999 -9999 -9999 -9999 -9999 -9999 -9999 -9999 -9999 -9999 -9999 -9999 -9999 -9999 -9999 -9999 275 237 117 254 138 65 39 28 32 42 78 182 52 48 47 47 53 236 321 420 398 317 265 242 237 248 361 378 571 1519 1535 1674 1693 1603 1823 1654 1402 1210 1035 1038 907 969 877 567 507 282 214 248 275 303 291 310 351 338 258 280 419 460 497 606 1315 1438
-9999 -9999 -9999 -9999 -9999 -9999 -9999 -9999 -9999 -9999 -9999 -9999 -9999 -9999 -9999 -9999 -9999 -9999 -9999 -9999 -9999 -9999 -9999 -9999 -9999 -9999 -9999 -9999 -9999 -9999 209 220 314 117 88 64 48 29 26 28 48 30 175 198 236 77 107 135 288 366 515 547 391 300 215 184 227 358 309 395 979 1290 1363 1483 1509 2112 1687 1461 1113 820 968 930 851 720 573 513 370 245 246 248 342 309 314 339 298 242 282 501 441 685 1177 2734 1813
-9999 -9999 -9999 -9999 -9999 -9999 -9999 -9999 -9999 -9999 -9999 -9999 -9999 -9999 -9999 -9999 -9999 -9999 -9999 -9999 -9999 -9999 -9999 -9999 -9999 -9999 -9999 -9999 177 254 379 320 189 105 70 51 36 26 26 27 24 23 110 201 377 436 357 146 300 383 576 804 485 330 255 206 206 236 235 220 733 1007 1129 1237 1373 1581 1496 1210 1111 916 880 968 724 666 575 601 417 297 272 269 262 274 300 399 323 280 349 350 402 612 973 1277 1509
-9999 -9999 -9999 -9999 -9999 -9999 -9999 -9999 -9999 -9999 -9999 -9999 -9999 -9999 -9999 -9999 -9999 -9999 -9999 -9999 -9999 -9999 -9999 -9999 -9999 -9999 75 256 320 262 422 333 182 129 69 46 30 29 30 33 23 25 35 146 275 620 251 158 201 441 525 643 585 376 262 254 197 178 176 297 1000 830 809 1072 1123 1352 1383 1237 1103 977 760 1103 902 1029 703 607 597 480 384 331 349 311 412 584 609 383 477 487 523 849 1406 647 920
-9999 -9999 -9999 -9999 -9999 -9999 -9999 -9999 -9999 -9999 -9999 -9999 -9999 -9999 -9999 -9999 -9999 -9999 -9999 -9999 -9999 -9999 -9999 -9999 -9999 -9999 228 223 180 378 295 302 459 117 63 39 27 35 41 24 20 27 50 130 194 263 196 151 208 384 591 792 803 480 276 239 241 184 536 819 864 752 1064 752 1070 1449 1358 1574 1074 1025 825 870 871 938 814 668 710 591 467 360 370 506 631 684 943 639 1103 1090 701 592 581 513 629
-9999 -9999 -9999 -9999 -9999 -9999 -9999 -9999 -9999 -9999 -9999 -9999 -9999 -9999 -9999 -9999 -9999 -9999 -9999 -9999 -9999 -9999 -9999 -9999 -9999 21 342 332 248 149 329 281 305 98 60 37 31 38 22 20 21 30 89 146 170 146 132 152 229 268 354 496 670 865 651 353 352 339 656 868 811 833 820 764 911 1233 1068 1086 1165 872 878 890 684 775 1074 1085 713 628 402 484 701 757 835 1000 1567 1877 866 993 727 434 434 445 530
-9999 -9999 -9999 -9999 -9999 -9999 -9999 -9999 -9999 -9999 -9999 -9999 -9999 -9999 -9999 -9999 -9999 -9999 -9999 -9999 -9999 -9999 -9999 -9999 111 177 370 376 252 105 92 89 81 68 49 32 33 34 25 26 18 73 146 112 165 171 139 136 202 214 218 357 639 1104 705 614 373 267 458 533 532 567 774 719 932 954 977 1020 1050 724 604 631 625 730 886 910 772 688 499 734 907 853 918 1152 1161 1165 598 942 610 468 510 443 439
-9999 -9999 -9999 -9999 -9999 -9999 -9999 -9999 -9999 -9999 -9999 -9999 -9999 -9999 -9999 -9999 -9999 -9999 -9999 -9999 -9999 -9999 -9999 -9999 123 233 337 278 98 163 68 59 59 48 39 35 33 31 30 22 18 49 123 129 155 340 150 138 163 164 184 307 477 639 650 464 453 347 366 279 283 345 527 580 682 943 855 842 709 538 707 1055 832 934 877 782 754 708 607 799 852 1091 1122 875 1094 882 705 691 446 448 484 469 497
