data/ago/ago_traveltime.asc
ncols         277
nrows         308
xllcorner     -540299.14387948
yllcorner     7980296.7276279
cellsize      5000
NODATA_value  -9999
[rows 123 to 163 of 308, columns 91 to 181 of 277]
307 293 284 290 333 351 347 299 316 272 185 143 93 31 47 118 127 124 62 73 119 221 262 285 310 304 272 252 216 173 192 198 193 191 183 90 93 245 354 386 335 309 306 333 327 386 437 488 543 584 664 726 750 760 804 822 801 782 762 723 708 700 668 632 601 541 527 561 551 521 470 431 381 280 234 172 151 106 124 143 167 165 184 137 168 166 112 88 100 89 116
407 396 387 395 426 447 437 349 301 252 152 114 75 49 60 152 177 162 98 73 105 191 214 238 302 325 322 287 252 177 159 150 142 139 150 103 96 229 326 382 277 248 243 271 271 310 363 394 452 525 573 676 693 719 795 809 849 861 855 823 808 797 720 672 623 535 505 495 484 459 428 425 417 345 314 232 180 120 119 114 112 138 124 128 144 122 98 77 103 67 66
457 449 440 447 477 474 427 325 275 228 128 79 45 79 87 173 217 201 131 92 89 143 167 198 211 236 291 328 317 251 233 216 171 165 130 91 85 125 149 202 207 158 147 162 185 232 318 334 398 469 559 617 637 662 737 755 799 813 826 862 842 800 700 651 602 504 476 448 438 410 377 374 380 328 306 249 201 139 97 99 114 150 106 126 113 78 82 65 64 45 43
508 505 493 499 507 442 389 286 234 182 80 46 67 150 156 174 225 263 202 171 150 134 123 130 167 189 262 311 346 301 284 265 224 204 171 130 92 92 113 148 168 137 129 153 196 236 259 276 362 475 554 560 584 630 683 703 748 759 779 828 809 780 691 642 593 493 456 422 410 364 330 325 343 276 200 180 144 144 128 90 87 98 87 92 61 65 74 80 76 126 100
486 474 501 545 541 436 383 278 224 169 66 52 85 149 164 162 226 264 242 220 201 183 169 162 153 158 240 291 341 352 334 312 268 238 214 138 95 115 96 104 123 110 106 135 147 155 178 202 284 326 369 466 508 557 578 609 642 651 673 725 722 692 642 618 583 513 499 419 405 352 285 301 285 192 157 139 111 102 111 82 96 75 66 64 84 93 124 122 97 165 127
440 423 470 521 536 433 381 277 221 162 58 57 69 100 122 147 194 244 291 271 302 283 270 263 228 186 185 284 333 328 305 270 215 183 143 116 101 144 134 114 120 131 116 175 192 194 212 197 234 281 337 426 484 511 534 571 601 599 620 679 672 647 589 567 547 527 495 436 426 383 294 270 266 168 162 176 151 125 80 75 76 70 90 101 116 122 175 161 122 190 171
399 389 453 456 448 405 353 243 186 131 56 98 145 159 147 126 183 234 336 368 352 334 320 313 255 215 187 272 305 278 258 233 170 148 133 143 112 96 118 146 166 169 149 159 208 250 264 247 226 268 333 399 422 429 494 544 551 547 568 652 632 596 542 519 517 479 480 513 500 445 330 273 246 246 229 224 163 119 99 103 94 142 164 195 195 164 249 210 169 235 271
354 370 424 404 395 409 356 242 188 134 60 106 158 191 148 149 211 254 354 402 403 384 371 353 267 242 202 266 270 227 212 189 156 160 171 178 131 108 124 174 257 252 234 163 179 228 342 370 292 270 262 291 303 344 455 471 448 453 505 605 578 530 460 466 453 529 542 538 502 452 341 283 235 226 184 172 129 114 145 154 127 147 196 237 209 193 271 241 203 250 300
372 401 372 353 342 377 338 282 175 121 72 121 174 201 157 173 248 299 389 403 429 446 440 403 334 286 241 223 222 240 215 190 244 262 263 172 134 126 113 159 231 207 210 192 177 222 315 363 348 323 290 313 311 348 449 435 400 439 491 568 555 502 434 433 452 550 570 494 476 433 334 292 245 197 171 156 127 148 198 204 170 144 196 248 231 218 297 266 221 271 322
409 361 269 247 237 274 301 263 154 101 100 153 206 247 199 181 232 278 324 374 378 400 407 392 326 288 260 283 265 233 252 235 257 283 283 190 167 166 114 158 208 176 173 208 185 208 290 332 359 388 340 355 326 335 395 393 386 454 484 519 489 482 441 404 415 508 472 445 366 334 253 234 226 202 219 215 217 250 291 248 194 155 205 259 268 267 325 292 292 340 377
401 347 231 195 184 232 272 258 147 93 109 163 215 269 223 198 223 261 281 325 340 427 392 363 318 316 327 339 303 275 263 250 225 236 227 223 200 179 112 117 137 150 160 228 251 221 231 243 275 380 438 445 409 380 390 396 410 419 431 444 444 438 440 395 395 448 411 392 342 288 252 273 274 225 228 265 267 300 307 249 195 186 227 285 287 313 363 344 344 387 414
368 343 220 168 146 197 245 249 144 92 123 176 229 296 315 290 232 238 286 378 409 474 498 488 444 446 457 383 352 305 268 267 220 202 189 175 156 141 125 127 155 199 166 204 241 228 267 247 272 373 415 478 453 430 444 453 461 470 483 474 456 425 430 385 373 384 353 336 301 276 290 319 334 238 235 288 327 347 317 261 206 205 255 305 321 357 391 397 397 438 461
260 304 288 230 174 142 180 205 130 95 121 163 199 294 341 331 272 253 275 365 420 504 539 521 494 497 498 420 377 342 305 277 210 200 210 176 160 142 146 121 186 240 175 193 220 227 268 270 270 340 376 478 502 482 492 458 487 555 587 558 505 453 390 378 372 363 345 371 357 364 401 410 368 261 262 318 419 449 354 299 248 210 262 314 402 449 478 503 502 531 493
239 293 311 249 190 112 134 160 95 77 84 124 166 273 326 366 316 301 300 351 404 507 555 560 545 548 526 448 413 392 370 339 288 271 256 209 178 177 149 142 122 213 283 256 262 250 218 232 261 294 347 453 508 544 424 414 446 526 581 576 525 482 410 391 400 417 408 422 425 430 450 416 362 272 271 308 421 466 377 325 272 214 266 318 420 472 520 555 556 542 491
224 281 322 271 215 125 100 110 82 108 134 171 192 290 342 395 419 406 399 354 379 424 528 579 622 607 584 533 514 483 411 381 311 276 269 230 209 195 169 137 124 190 220 278 321 280 232 243 252 303 356 459 504 492 400 368 396 505 558 606 556 517 455 417 409 456 474 476 484 489 465 413 353 276 279 321 429 472 381 330 276 228 278 331 435 490 541 643 645 546 493
222 231 240 208 168 119 89 105 99 150 207 228 246 319 365 416 472 459 448 396 386 413 510 560 575 558 546 515 525 511 452 416 343 299 263 267 256 238 177 153 134 146 177 224 260 252 253 277 258 289 321 412 457 424 334 317 366 506 564 622 639 605 523 486 454 425 468 525 600 599 499 447 419 339 303 322 428 466 371 310 254 299 330 376 462 511 562 654 643 548 504
169 171 178 172 128 93 103 139 94 142 190 265 297 357 395 439 521 511 494 444 412 415 492 541 524 506 495 414 426 442 431 419 397 348 301 225 215 200 175 157 151 142 151 150 168 175 223 290 310 250 285 387 434 402 305 324 380 496 548 627 677 683 560 529 501 455 464 524 672 631 525 508 483 371 328 322 431 476 380 319 263 327 372 401 481 531 582 612 599 544 532
163 147 134 127 108 104 142 171 99 97 112 213 273 332 450 497 588 608 577 483 466 471 518 507 424 405 394 363 378 392 380 368 385 368 334 242 211 198 176 169 172 152 160 142 149 167 221 270 312 239 263 312 407 378 290 311 365 472 520 565 649 748 613 577 555 480 498 544 708 655 569 563 511 391 341 333 426 459 410 295 282 374 425 457 538 580 578 517 527 591 607
265 238 215 188 182 188 209 241 165 116 94 196 257 318 431 486 591 600 550 494 511 516 486 474 389 360 352 333 336 343 336 318 338 336 313 237 211 198 206 195 205 166 180 149 148 148 223 269 271 229 221 265 366 331 286 331 376 396 423 461 593 647 720 655 595 559 575 611 753 736 680 643 568 434 387 338 407 453 428 332 297 383 433 473 565 558 532 489 532 630 656
315 291 272 245 237 245 262 272 175 119 90 188 244 302 421 476 582 599 550 540 557 536 494 453 407 383 350 309 300 287 285 279 271 257 245 246 258 265 222 243 281 256 242 181 159 150 199 229 219 219 201 247 331 319 269 315 331 347 382 430 528 596 721 699 627 610 629 651 727 734 677 609 550 437 383 330 376 406 418 344 305 398 451 485 533 506 484 481 532 637 686
366 347 331 300 293 302 310 259 148 95 99 207 264 320 446 502 611 597 545 516 560 606 533 481 435 381 363 326 318 298 271 272 285 299 282 297 309 305 251 234 271 297 251 207 163 174 166 181 175 189 188 227 279 299 245 277 288 308 347 398 521 637 730 756 704 636 683 691 688 610 597 580 569 463 412 358 292 324 329 301 338 436 440 469 445 418 405 503 557 627 609
310 343 353 347 368 398 303 247 135 86 107 219 275 330 454 508 599 580 540 483 534 587 556 509 477 431 413 376 364 330 258 256 263 321 333 347 356 353 283 251 249 293 297 250 188 191 183 172 192 211 191 178 187 219 260 294 270 349 371 403 517 574 672 714 720 600 581 589 581 556 544 519 514 465 414 361 291 305 285 330 367 408 432 443 395 374 394 499 552 576 557
303 308 297 292 336 382 291 236 124 83 117 226 277 330 440 494 547 531 508 460 511 543 593 596 580 536 512 430 380 325 232 220 231 276 296 300 306 313 345 344 320 280 295 250 212 221 218 204 189 257 244 227 186 194 245 285 260 356 392 423 493 551 638 674 718 619 567 541 550 503 482 461 450 426 391 349 273 264 278 359 391 406 418 395 348 358 405 507 545 524 504
262 257 247 282 350 386 296 241 129 80 82 166 214 272 387 446 504 454 415 442 490 511 544 564 583 570 518 413 361 309 213 216 223 253 249 237 269 269 315 362 348 265 268 246 233 262 232 238 209 275 297 275 200 208 221 241 245 344 343 361 469 525 502 585 620 651 610 548 474 414 377 347 334 316 313 285 246 239 250 309 323 338 323 292 330 363 384 422 444 417 395
312 279 226 280 317 348 316 260 149 107 73 135 191 250 361 417 478 419 379 445 457 457 491 511 531 577 529 423 370 317 216 201 202 244 217 235 249 262 270 317 333 252 251 256 239 250 263 307 311 341 364 336 282 247 286 310 299 279 312 359 461 456 462 542 595 607 606 534 445 390 363 349 345 305 290 285 268 244 226 260 282 295 262 257 307 314 328 370 392 363 341
335 278 223 238 268 295 324 272 217 134 84 115 166 224 338 395 453 397 330 372 350 346 386 407 436 513 532 497 390 337 229 185 186 213 243 282 320 266 248 295 309 232 263 301 273 278 299 329 359 392 408 384 288 250 309 355 354 285 301 343 439 459 438 544 578 549 538 501 462 428 418 405 401 350 338 340 315 277 229 212 237 251 226 249 255 257 276 317 339 311 289
351 294 263 191 180 204 235 235 181 98 100 82 136 192 307 365 425 373 311 313 290 285 333 360 405 463 499 489 393 341 242 192 179 250 246 251 301 274 230 266 283 228 256 305 321 329 322 355 397 445 455 412 315 279 268 372 398 373 326 327 429 426 426 512 504 455 479 506 549 540 533 516 504 460 430 377 278 252 221 180 173 158 151 152 144 151 176 211 233 209 184
402 343 305 218 177 161 186 212 173 122 128 76 130 187 301 358 413 370 304 263 228 232 284 332 363 423 472 456 372 320 220 174 172 281 285 238 206 236 207 219 215 241 267 293 393 424 379 357 370 466 492 446 368 319 288 379 432 399 349 328 394 417 408 458 448 455 504 551 571 598 592 574 559 476 419 367 244 201 179 169 164 142 128 129 132 118 136 163 180 184 137
472 385 346 257 216 186 145 172 154 152 133 72 126 183 294 297 351 356 311 258 168 150 216 233 266 366 395 396 307 262 166 135 181 295 306 283 201 205 198 195 190 264 285 285 385 429 407 342 361 447 456 422 337 306 310 406 456 438 382 354 366 394 389 413 420 476 527 580 576 615 647 629 585 473 414 356 244 184 147 143 135 135 148 176 177 148 127 117 116 139 115
411 457 419 342 310 261 166 132 113 140 133 58 102 151 217 271 324 303 276 241 156 143 197 215 257 319 355 358 277 229 128 138 194 276 264 274 210 182 183 178 206 289 311 290 385 422 388 341 335 424 415 380 353 388 419 481 536 505 457 427 408 380 388 474 504 549 589 639 629 670 700 612 561 445 393 352 239 189 167 202 223 279 277 279 277 254 231 183 149 107 102
364 468 463 389 341 294 207 177 140 98 104 58 105 109 193 246 275 256 222 203 156 122 190 218 222 275 326 337 234 192 109 163 221 183 150 170 207 191 160 176 188 275 323 324 407 411 367 329 307 344 344 315 392 425 473 527 532 526 501 482 441 389 365 437 479 581 624 674 654 687 672 575 530 418 369 321 221 180 193 257 276 350 338 336 333 301 276 223 185 118 111
326 441 489 422 374 322 258 223 185 92 87 64 58 99 148 142 164 183 147 174 170 117 102 103 100 216 245 257 174 114 85 179 235 189 141 140 150 143 144 165 182 279 325 358 421 391 341 319 310 299 302 303 399 456 503 484 488 485 510 531 442 386 354 402 449 562 600 652 693 687 662 542 502 386 343 300 199 202 279 373 388 422 454 469 354 339 358 290 251 217 198
277 383 433 438 369 347 309 281 239 128 78 64 47 69 92 99 146 160 126 132 132 114 86 68 98 192 190 203 150 87 77 185 232 206 158 121 125 151 159 164 181 278 325 359 430 383 332 254 268 270 312 343 435 422 385 360 348 413 466 520 486 429 374 341 390 494 547 600 702 676 636 529 477 374 319 248 266 298 321 407 443 468 469 428 373 397 410 341 303 249 241
240 346 384 400 316 291 253 231 226 149 102 67 43 49 90 119 151 118 103 102 87 106 75 52 83 138 126 133 131 75 56 150 142 115 127 101 167 217 210 191 214 262 314 356 437 393 345 255 236 252 271 313 398 393 344 309 334 416 468 523 488 434 381 319 368 477 532 588 682 646 606 507 454 406 306 254 307 342 375 434 478 507 439 414 435 450 436 358 303 255 281
207 295 328 360 277 235 198 175 171 131 90 125 114 82 35 51 62 57 104 96 47 59 23 32 33 55 87 124 80 59 36 118 93 74 86 94 184 234 228 239 258 280 330 358 446 415 368 277 246 233 248 298 342 349 319 328 380 461 498 540 468 412 358 313 363 414 522 577 662 615 568 428 374 332 263 280 345 384 408 492 531 526 534 532 475 423 366 290 254 225 188
221 215 258 265 199 196 149 160 145 136 137 166 121 100 67 31 33 41 74 72 21 32 19 14 19 49 91 103 22 16 22 79 55 100 119 131 210 259 265 271 277 314 354 376 459 463 415 323 273 220 225 237 252 260 276 359 412 469 532 485 396 367 332 280 319 377 493 545 622 570 516 407 353 299 252 295 374 406 443 519 564 579 572 582 460 393 349 255 212 178 135
183 195 207 221 181 175 171 200 203 195 199 188 85 63 54 43 34 28 29 23 12 11 7 1 9 21 35 66 13 24 32 77 98 181 223 242 283 291 293 308 294 312 401 395 471 463 412 311 266 216 194 207 250 263 301 374 408 458 503 453 354 316 289 292 337 384 491 547 606 556 501 392 338 284 260 302 351 386 431 539 584 627 613 536 425 371 332 227 178 137 90
194 194 222 206 221 217 193 207 200 192 219 216 112 80 103 112 101 48 81 92 38 48 12 40 19 35 18 20 14 59 88 127 157 181 262 297 308 303 294 274 271 303 394 434 482 446 395 294 255 234 176 189 247 274 300 347 390 443 462 428 325 277 255 331 402 448 510 501 508 515 475 366 313 258 208 202 276 324 398 492 538 548 500 459 398 364 308 201 149 99 57
195 247 240 276 329 292 251 167 158 138 180 209 109 69 88 151 138 99 97 74 53 61 24 65 52 43 27 39 19 58 105 117 158 214 296 343 328 321 277 233 219 261 352 379 422 447 419 327 305 262 192 154 225 277 328 422 429 398 352 338 284 243 249 357 400 424 457 448 449 469 478 387 333 280 211 188 247 305 380 481 490 489 431 401 384 382 327 223 174 142 92
183 235 287 325 323 263 205 152 134 108 147 198 119 76 60 129 161 99 77 81 106 91 30 48 98 142 104 116 59 42 70 119 159 217 303 314 284 256 225 187 209 252 305 330 378 427 437 355 307 256 159 144 233 284 335 421 392 360 296 283 243 228 269 341 349 373 407 386 395 414 431 381 330 292 244 197 218 284 325 434 426 424 390 352 399 405 349 250 216 190 142
179 239 295 358 283 238 163 177 154 85 135 180 114 62 32 87 76 85 152 179 149 93 37 36 84 140 159 168 81 49 60 138 170 212 246 257 245 209 180 205 232 234 257 289 357 386 407 349 298 247 147 130 217 267 319 398 354 317 242 192 212 237 247 283 288 307 321 316 291 302 328 303 281 229 167 148 191 247 298 339 315 305 291 302 406 398 366 259 203 147 67
