data/ago/ago_pfpr210.asc
ncols         277
nrows         308
xllcorner     -540299.14387948
yllcorner     7980296.7276279
cellsize      5000
NODATA_value  -9999
[rows 280 to 307 of 308, columns 186 to 247 of 277]
0.1809012 0.1856886 0.1861201 0.1837506 0.2293585 0.2396419 0.2301788 0.1720461 0.1782633 0.1853364 0.1795086 0.1747883 0.1467143 0.1510573 0.1988135 0.2158749 0.2255117 0.2271427 0.2225847 0.1981781 0.2085017 0.2278972 0.1639966 0.1657432 0.15849 0.1891753 0.1813216 0.1258953 0.1204893 0.1197515 0.1545861 0.1765577 0.1532527 0.1550473 0.1522753 0.1679083 0.1739423 0.1964066 0.1672049 0.163355 0.1459153 0.1613903 0.163636 0.1772771 0.1777299 0.1845881 0.1725841 0.1609599 0.1602359 0.1622454 0.1574386 0.1537606 0.1638582 0.1431112 0.1378938 0.1540333 0.1506599 0.1222475 0.1337088 -9999 -9999 -9999
0.1811405 0.179481 0.1848794 0.1937607 0.2020272 0.2147241 0.2491695 0.2185644 0.1581685 0.1820206 0.1647217 0.1744872 0.1651074 0.1738429 0.1956558 0.1655038 0.165089 0.1826123 0.1835937 0.1696078 0.1852812 0.1922943 0.2035885 0.1934299 0.1995371 0.153578 0.1349423 0.1701012 0.1795074 0.1738436 0.1732083 0.1843671 0.1793697 0.1770456 0.1604826 0.1556282 0.1444322 0.1540922 0.1598321 0.1777412 0.1811224 0.1781582 0.1675491 0.1928609 0.1891767 0.1855077 0.1824857 0.1776288 0.1820007 0.1783787 0.169565 0.169094 0.1703019 0.1720932 0.1612526 0.1522923 0.1403049 0.1233374 0.138867 -9999 -9999 -9999
0.1968544 0.1854171 0.1834048 0.1820092 0.1985857 0.171968 0.1834632 0.1903235 0.1936407 0.196442 0.1918562 0.1737022 0.1600691 0.1662168 0.1726125 0.1920089 0.1766914 0.1863607 0.1705837 0.1838797 0.1933597 0.1691841 0.1713503 0.1552668 0.1613513 0.1683555 0.1790648 0.1750163 0.1856357 0.1789241 0.1702419 0.1721352 0.1535926 0.1384171 0.1591465 0.1512716 0.163909 0.1661469 0.162775 0.1755027 0.18381 0.1833915 0.1662645 0.1881282 0.1995499 0.1881883 0.2001708 0.1899857 0.1895536 0.1840966 0.1816877 0.1626864 0.1629892 0.1618061 0.1514736 0.1395095 0.1392071 0.1420007 0.1230841 0.1172858 0.1416736 -9999
0.2282618 0.1887683 0.1712426 0.1706617 0.1716693 0.17787 0.195457 0.2081335 0.1637248 0.1649317 0.169409 0.169336 0.1756995 0.1897752 0.1966911 0.1901165 0.183305 0.1660834 0.163822 0.1684732 0.1690953 0.1604458 0.1625536 0.1641788 0.1433285 0.1519285 0.1624629 0.1644478 0.1772987 0.1788248 0.180635 0.1547166 0.1458676 0.1440998 0.1778497 0.1709033 0.1580056 0.1506537 0.1599558 0.1599979 0.1611352 0.1639956 0.1806155 0.1585232 0.1919708 0.1949556 0.186994 0.1935003 0.1820692 0.1861686 0.1845896 0.1725357 0.1611483 0.1530893 0.152709 0.152792 0.1412564 0.1372151 0.133901 0.1322119 0.1219014 -9999
0.2187027 0.1995612 0.1710927 0.179678 0.1584022 0.1631645 0.1848049 0.1835043 0.1686131 0.1615779 0.1701635 0.1768664 0.1639324 0.1673149 0.1803871 0.1866889 0.1728309 0.1524697 0.1510588 0.151972 0.1526038 0.1465928 0.1608614 0.1763315 0.1675106 0.1703898 0.1558889 0.1552974 0.1718002 0.1790075 0.1661463 0.1520217 0.1484845 0.1468521 0.1672232 0.1708026 0.1742569 0.1649647 0.1809126 0.1831693 0.2046785 0.1950127 0.1960879 0.169044 0.173213 0.1815742 0.1884519 0.1775388 0.1757418 0.180834 0.1758654 0.1729155 0.1761199 0.1645725 0.1628494 0.1706618 0.166288 0.1541328 0.1293796 0.1296491 0.1220231 0.1190816
0.2163489 0.2122703 0.2063466 0.173611 0.157052 0.1515206 0.1659944 0.1522481 0.1655518 0.1831628 0.1827176 0.1734079 0.1594038 0.1731346 0.1714019 0.1771807 0.1671179 0.1733312 0.1584098 0.1584694 0.1551497 0.1716894 0.1630521 0.1655387 0.1723298 0.169148 0.1685723 0.1577359 0.1545788 0.1591583 0.1472533 0.1507388 0.1456481 0.1398668 0.1405731 0.1553808 0.1900877 0.165437 0.1681509 0.1806361 0.1864886 0.1690965 0.1691408 0.1862333 0.1932036 0.1784233 0.1893991 0.1831908 0.1665644 0.1603068 0.1506428 0.1704279 0.1653951 0.1556333 0.170531 0.1549826 0.1557173 0.1586862 0.1393908 0.1302243 0.1283249 0.1231113
0.2301509 0.2158512 0.2286349 0.1793977 0.1520393 0.1580762 0.1451868 0.1524982 0.1490809 0.1472052 0.170581 0.1709335 0.1841543 0.1762073 0.1793179 0.1859577 0.1765255 0.1693098 0.1615685 0.1795267 0.1836537 0.1931989 0.1621986 0.1673056 0.1582611 0.1574719 0.1594797 0.1562232 0.1628975 0.1520978 0.1583916 0.1521491 0.1547614 0.1624677 0.177396 0.1454283 0.1370763 0.1496121 0.1613164 0.1644254 0.1626682 0.160073 0.1565829 0.1769604 0.1862539 0.2110703 0.219676 0.2136172 0.2076602 0.1889246 0.1549107 0.1566635 0.1493124 0.1458875 0.1462281 0.1460841 0.1489124 0.1456252 0.1450906 0.1512086 0.1433978 0.1243876
0.248014 0.2118944 0.2021592 0.1673882 0.1687024 0.1690206 0.1639633 0.1560687 0.1619298 0.1598622 0.1450977 0.1558424 0.1737291 0.1680896 0.1644168 0.1483618 0.1615448 0.1724329 0.1546516 0.1506463 0.1758599 0.1711155 0.1612723 0.1560683 0.156979 0.1540417 0.1676941 0.156709 0.1629225 0.1595122 0.1677984 0.1746008 0.1605516 0.1611885 0.1649018 0.1565121 0.1649161 0.1532196 0.1403833 0.1646951 0.1715787 0.1688148 0.1837797 0.1715914 0.18762 0.19145 0.2023351 0.1661555 0.1672184 0.1946866 0.1839879 0.1697723 0.1526645 0.1472256 0.1528151 0.1540971 0.1478509 0.15186 0.1535917 0.1456709 0.1563372 0.1509676
0.2303496 0.2163227 0.1986602 0.1848314 0.1869941 0.1692479 0.1726607 0.174026 0.164028 0.1624506 0.1656875 0.1519993 0.1710969 0.1643056 0.1553458 0.1549812 0.1494046 0.1679449 0.1673464 0.164642 0.1772604 0.1739787 0.141103 0.1406256 0.1576229 0.160466 0.13695 0.1455322 0.1542094 0.1521897 0.1559306 0.160751 0.142829 0.1595213 0.185396 0.1790536 0.1528165 0.1529972 0.148675 0.1613011 0.1760874 0.1721581 0.1732522 0.1772485 0.1904459 0.2000563 0.2077445 0.2013415 0.1673007 0.1836572 0.1703624 0.1612985 0.1759835 0.1956907 0.1764957 0.1782416 0.1515832 0.1525637 0.1458469 0.1493474 0.1440609 0.1477115
0.1529527 0.1888074 0.2014479 0.1974213 0.1972967 0.1792834 0.1800756 0.1623723 0.1644683 0.1504901 0.1641547 0.1753766 0.1518534 0.1556341 0.1483346 0.1412557 0.1533437 0.1524736 0.1556108 0.1556041 0.1442104 0.1454917 0.1583946 0.1568823 0.1845632 0.148414 0.1489769 0.163271 0.1711158 0.162542 0.1798461 0.1631737 0.1567662 0.1460418 0.1579781 0.1721178 0.1500355 0.149184 0.1632949 0.1765258 0.175704 0.1853836 0.1789951 0.1925674 0.1929924 0.1779471 0.1843626 0.1849653 0.17777 0.1941145 0.1773572 0.1769122 0.1707827 0.1895753 0.1809324 0.1657957 0.1572927 0.1597317 0.1561011 0.1610579 0.1454756 0.1480009
0.1366447 0.1565468 0.1350153 0.1684669 0.1879168 0.1915835 0.1652018 0.1713884 0.1782117 0.1868548 0.1871203 0.1595947 0.1554703 0.1449939 0.1512237 0.1662975 0.1637212 0.153935 0.1467274 0.1689732 0.1603942 0.1602638 0.1616802 0.168533 0.1753584 0.1715483 0.1759519 0.1673982 0.1770312 0.1880485 0.1906476 0.1558377 0.1595281 0.1645522 0.1580474 0.1713508 0.1599455 0.1560275 0.163504 0.1711082 0.1681398 0.1866139 0.1718477 0.1668732 0.1805386 0.173918 0.183521 0.1718209 0.1700819 0.1899618 0.1683071 0.1662266 0.1593182 0.1680591 0.1672387 0.1604541 0.1616886 0.1576819 0.1658375 0.1561731 0.1449815 0.1528045
0.1537714 0.121112 0.1251962 0.1837081 0.1832493 0.1849848 0.1855948 0.1706897 0.1733887 0.1624947 0.1868798 0.189624 0.1749574 0.1679595 0.1717933 0.1801618 0.190773 0.1774254 0.1609133 0.182816 0.1787495 0.1724903 0.1783529 0.169108 0.1710269 0.1619912 0.1675261 0.1643107 0.1852552 0.1749446 0.1709238 0.174635 0.1718821 0.185544 0.1824928 0.185789 0.1717242 0.1678063 0.1698437 0.1759663 0.1775344 0.1618132 0.1772312 0.1771255 0.1785718 0.1832651 0.190524 0.2011326 0.1760752 0.1641077 0.1622868 0.1805148 0.1860551 0.1933012 0.1525851 0.1473388 0.1597806 0.1560935 0.1461884 0.1537035 0.1426611 0.1421216
0.1795231 0.1652045 0.1463525 0.1245368 0.185815 0.1815863 0.1783713 0.1881839 0.1829331 0.179874 0.1726374 0.1669717 0.1717154 0.195152 0.1897184 0.2035392 0.1862263 0.1804961 0.1693947 0.1818374 0.1661041 0.1856981 0.1753722 0.1741505 0.1841832 0.1698513 0.1720207 0.1799153 0.1855317 0.1897307 0.1806886 0.1787959 0.1837256 0.1881949 0.1847982 0.1645788 0.1543371 0.1728406 0.163201 0.1756852 0.1714793 0.1741959 0.1842362 0.1521487 0.1627159 0.1669642 0.1778857 0.1621024 0.1618508 0.1592086 0.1575038 0.1593137 0.164287 0.1717055 0.1640607 0.1530588 0.1474863 0.1522831 0.1411036 0.1480578 0.1403626 0.1411861
0.1741963 0.1577344 0.1722105 0.1279028 0.1375564 0.1674288 0.1779374 0.1852494 0.1952849 0.1751104 0.1813033 0.1814538 0.1642432 0.1674566 0.1684182 0.1802025 0.1698911 0.1646533 0.1737225 0.1878269 0.176642 0.1726127 0.1632472 0.1611665 0.1692525 0.1777187 0.1851769 0.1829129 0.196767 0.189519 0.1799881 0.1844013 0.1893857 0.1820364 0.1856698 0.1860704 0.1864353 0.1750277 0.1830891 0.1839563 0.1976272 0.1964694 0.1711245 0.1569786 0.1642625 0.1756733 0.1666648 0.1667968 0.1511266 0.150477 0.1627025 0.1524199 0.1565749 0.1737277 0.182736 0.1753977 0.1686314 0.1605026 0.1493108 0.1341465 0.1356047 0.1398541
0.1679063 0.1588489 0.1907226 0.174755 0.1144617 0.1580414 0.1723567 0.1824696 0.1660433 0.1759921 0.1790664 0.1608061 0.1769367 0.1769101 0.169968 0.1633441 0.1926188 0.1817131 0.1682819 0.1706283 0.1776441 0.1772928 0.1644914 0.1766016 0.1858867 0.1695943 0.1810707 0.1588061 0.1754678 0.1821584 0.1751081 0.1920001 0.2017063 0.1751581 0.1834376 0.2033343 0.1861108 0.167946 0.179489 0.182559 0.1787628 0.1693422 0.1665256 0.1685703 0.1729084 0.1610535 0.1717889 0.1691497 0.1627654 0.1609939 0.1583296 0.1692468 0.1685087 0.1510501 0.1447509 0.145037 0.1646074 0.1607668 0.1806267 0.1557271 0.1420019 0.1460938
0.1552917 0.1563446 0.1661735 0.1584067 0.1271972 0.1195159 0.1263884 0.146891 0.148586 0.1737014 0.170037 0.1433362 0.1925113 0.1878532 0.1845581 0.1659322 0.1676971 0.1720452 0.1718917 0.1660725 0.1804258 0.1813247 0.1807138 0.1692593 0.1739803 0.1638498 0.1737326 0.1491253 0.156211 0.160059 0.1752842 0.1953572 0.2037092 0.1988218 0.1941192 0.1905987 0.2001512 0.1751678 0.1899516 0.1897747 0.1767246 0.1885708 0.1845873 0.1929405 0.1825086 0.1693715 0.1620799 0.1617189 0.1691397 0.1641326 0.162319 0.1678838 0.1591147 0.15751 0.1591582 0.1545409 0.1529867 0.1744899 0.1705641 0.1679536 0.1676134 0.1519548
0.1433337 0.1383146 0.1746425 0.1567414 0.1566182 0.1403583 0.1168523 0.1282595 0.1570466 0.1828948 0.1836501 0.1605975 0.1678451 0.1757587 0.1691485 0.1592113 0.1575949 0.1516591 0.1596078 0.1659608 0.1616114 0.1714941 0.1681542 0.1834302 0.1762365 0.1568446 0.1683746 0.1532316 0.1727197 0.1551979 0.1773 0.1696106 0.1842445 0.1695894 0.1737816 0.1830247 0.1762991 0.1650945 0.1731482 0.175974 0.1805573 0.1787612 0.1569473 0.1718865 0.1823742 0.1700005 0.1755849 0.1760105 0.1800037 0.1755958 0.1564514 0.1604694 0.1679736 0.1609743 0.1671291 0.1646553 0.1632528 0.1643042 0.152931 0.1638492 0.1565654 0.1459613
0.1530203 0.1557301 0.1574241 0.1529585 0.1652716 0.1692455 0.1449582 0.1350742 0.1235652 0.1324028 0.1545084 0.1455816 0.1641778 0.1724439 0.1589945 0.1523764 0.1541541 0.1459942 0.1644587 0.1735979 0.148759 0.1691389 0.1781658 0.185933 0.1930958 0.1681014 0.1581322 0.1702209 0.1734497 0.1759834 0.1630919 0.1605336 0.1656579 0.1746305 0.1806664 0.1870503 0.1786153 0.1684615 0.1717021 0.1775205 0.1823347 0.1765254 0.1971246 0.1946951 0.1736654 0.1650823 0.1643117 0.1685586 0.1677459 0.1822048 0.1576322 0.1665349 0.1592499 0.1579223 0.1544435 0.1517752 0.1544329 0.1527974 0.01402366 0.01459077 -9999 -9999
0.175005 0.1622196 0.1415791 0.1492452 0.1630468 0.1565976 0.1517372 0.1551828 0.1488703 0.1354389 0.127674 0.1252373 0.1340723 0.1524628 0.1557571 0.1724605 0.1585937 0.1615889 0.161334 0.1604044 0.1856936 0.1856653 0.1889155 0.1696322 0.1799411 0.1877103 0.1766772 0.1893028 0.1759043 0.1673418 0.172639 0.1804228 0.1821592 0.1769347 0.177537 0.1800671 0.1935155 0.1938366 0.1813131 0.1586466 0.1637565 0.1763523 0.1657766 0.1700357 0.1652583 0.1638836 0.1581093 0.1619375 0.1660331 0.1683179 0.1657691 0.1613768 0.1653793 0.1615355 0.0149247 -9999 -9999 -9999 -9999 -9999 -9999 -9999
0.1276708 0.137209 0.1469487 0.1361462 0.1458065 0.1503744 0.1301771 0.1219477 0.1486319 0.1669739 0.1309321 0.1217449 0.1250598 0.123055 0.1467814 0.1691599 0.1620928 0.1615483 0.1527702 0.1546028 0.1763893 0.1712237 0.1679755 0.1601215 0.1766969 0.1678169 0.1966343 0.1847266 0.1724778 0.1793916 0.1754825 0.1776868 0.1792756 0.178439 0.1735629 0.1939586 0.1756003 0.1685502 0.1530413 0.1610182 0.1634164 0.1476768 0.1687747 0.1667292 0.1700731 0.1658658 0.1582042 0.1705103 0.172961 -9999 -9999 -9999 -9999 -9999 -9999 -9999 -9999 -9999 -9999 -9999 -9999 -9999
-9999 -9999 -9999 0.1117289 -9999 -9999 -9999 -9999 -9999 -9999 0.1254218 0.1492926 0.1293399 0.126907 0.1260915 0.1274921 0.146322 0.1607232 0.1637541 0.168473 0.1590638 0.1588748 0.1596614 0.1564098 0.1505772 0.1550139 0.1748667 0.1835695 0.1866995 0.1789867 0.1848374 0.1845862 0.1871023 0.1818787 0.1738211 0.1771089 0.1619212 0.1655089 0.1445974 0.1600232 0.1642929 0.1676572 0.1709306 0.1607429 -9999 -9999 -9999 -9999 -9999 -9999 -9999 -9999 -9999 -9999 -9999 -9999 -9999 -9999 -9999 -9999 -9999 -9999
-9999 -9999 -9999 -9999 -9999 -9999 -9999 -9999 -9999 -9999 -9999 0.1227264 0.1630744 0.1649882 0.1352421 0.1276093 0.1342487 0.1331341 0.1445728 0.1447704 0.1468489 0.1422127 0.1414419 -9999 -9999 -9999 -9999 0.157678 0.1656072 0.1857312 0.2076855 0.1902409 0.1846607 0.1838848 0.1703137 0.1954881 0.1764519 0.1674796 0.1460186 -9999 -9999 -9999 -9999 -9999 -9999 -9999 -9999 -9999 -9999 -9999 -9999 -9999 -9999 -9999 -9999 -9999 -9999 -9999 -9999 -9999 -9999 -9999
-9999 -9999 -9999 -9999 -9999 -9999 -9999 -9999 -9999 -9999 -9999 -9999 -9999 -9999 -9999 0.1344055 0.1208109 0.1207569 0.1220137 0.1249695 -9999 -9999 -9999 -9999 -9999 -9999 -9999 -9999 -9999 -9999 0.1693363 0.194958 0.2021776 0.1799854 -9999 -9999 -9999 -9999 -9999 -9999 -9999 -9999 -9999 -9999 -9999 -9999 -9999 -9999 -9999 -9999 -9999 -9999 -9999 -9999 -9999 -9999 -9999 -9999 -9999 -9999 -9999 -9999
-9999 -9999 -9999 -9999 -9999 -9999 -9999 -9999 -9999 -9999 -9999 -9999 -9999 -9999 -9999 -9999 -9999 -9999 -9999 -9999 -9999 -9999 -9999 -9999 -9999 -9999 -9999 -9999 -9999 -9999 -9999 -9999 -9999 -9999 -9999 -9999 -9999 -9999 -9999 -9999 -9999 -9999 -9999 -9999 -9999 -9999 -9999 -9999 -9999 -9999 -9999 -9999 -9999 -9999 -9999 -9999 -9999 -9999 -9999 -9999 -9999 -9999
-9999 -9999 -9999 -9999 -9999 -9999 -9999 -9999 -9999 -9999 -9999 -9999 -9999 -9999 -9999 -9999 -9999 -9999 -9999 -9999 -9999 -9999 -9999 -9999 -9999 -9999 -9999 -9999 -9999 -9999 -9999 -9999 -9999 -9999 -9999 -9999 -9999 -9999 -9999 -9999 -9999 -9999 -9999 -9999 -9999 -9999 -9999 -9999 -9999 -9999 -9999 -9999 -9999 -9999 -9999 -9999 -9999 -9999 -9999 -9999 -9999 -9999
-9999 -9999 -9999 -9999 -9999 -9999 -9999 -9999 -9999 -9999 -9999 -9999 -9999 -9999 -9999 -9999 -9999 -9999 -9999 -9999 -9999 -9999 -9999 -9999 -9999 -9999 -9999 -9999 -9999 -9999 -9999 -9999 -9999 -9999 -9999 -9999 -9999 -9999 -9999 -9999 -9999 -9999 -9999 -9999 -9999 -9999 -9999 -9999 -9999 -9999 -9999 -9999 -9999 -9999 -9999 -9999 -9999 -9999 -9999 -9999 -9999 -9999
-9999 -9999 -9999 -9999 -9999 -9999 -9999 -9999 -9999 -9999 -9999 -9999 -9999 -9999 -9999 -9999 -9999 -9999 -9999 -9999 -9999 -9999 -9999 -9999 -9999 -9999 -9999 -9999 -9999 -9999 -9999 -9999 -9999 -9999 -9999 -9999 -9999 -9999 -9999 -9999 -9999 -9999 -9999 -9999 -9999 -9999 -9999 -9999 -9999 -9999 -9999 -9999 -9999 -9999 -9999 -9999 -9999 -9999 -9999 -9999 -9999 -9999
-9999 -9999 -9999 -9999 -9999 -9999 -9999 -9999 -9999 -9999 -9999 -9999 -9999 -9999 -9999 -9999 -9999 -9999 -9999 -9999 -9999 -9999 -9999 -9999 -9999 -9999 -9999 -9999 -9999 -9999 -9999 -9999 -9999 -9999 -9999 -9999 -9999 -9999 -9999 -9999 -9999 -9999 -9999 -9999 -9999 -9999 -9999 -9999 -9999 -9999 -9999 -9999 -9999 -9999 -9999 -9999 -9999 -9999 -9999 -9999 -9999 -9999
