data/ago/ago_traveltime.asc
ncols         277
nrows         308
xllcorner     -540299.14387948
yllcorner     7980296.7276279
cellsize      5000
NODATA_value  -9999
[rows 164 to 204 of 308, columns 91 to 181 of 277]
162 247 300 305 223 170 147 190 133 80 114 130 99 45 26 58 79 95 179 217 165 109 54 44 95 150 144 185 90 65 76 94 132 160 187 200 147 154 173 188 155 139 186 227 259 282 310 354 315 264 162 115 174 228 283 336 293 247 179 189 230 241 266 331 331 315 353 357 288 268 279 256 240 212 189 140 185 232 268 276 260 248 270 317 360 347 318 246 198 144 55
153 188 275 249 195 144 136 183 128 75 62 76 77 29 24 96 119 132 166 215 178 121 64 45 97 137 147 178 88 123 161 118 98 121 135 125 149 173 186 161 114 87 164 192 207 237 281 306 307 263 161 111 163 217 273 307 253 209 188 227 270 294 315 384 385 369 391 403 332 286 264 227 217 205 203 148 145 189 231 220 207 216 272 287 306 296 273 209 176 146 38
140 157 233 177 98 99 105 186 192 155 82 48 13 7 25 132 188 235 187 228 171 114 58 70 120 137 138 169 101 146 195 122 112 159 138 113 119 128 130 146 90 70 145 155 165 213 246 252 263 254 157 106 148 196 253 246 216 169 196 252 360 397 423 484 495 494 494 490 411 390 370 325 317 314 232 176 88 103 123 150 148 144 161 182 181 180 163 103 77 50 14
187 140 148 158 92 90 101 187 177 151 76 25 12 14 45 149 204 248 223 219 178 120 63 66 112 106 123 163 129 155 200 118 144 216 147 110 123 105 66 81 61 51 60 67 95 144 143 148 158 166 164 120 75 152 199 191 178 143 201 256 311 420 464 521 536 548 529 502 454 437 416 374 356 329 238 183 85 74 103 100 91 86 98 132 120 129 105 57 29 18 48
224 172 107 121 82 92 121 149 123 95 39 11 58 36 37 139 122 158 239 272 228 136 79 56 82 103 137 125 117 189 189 126 170 226 149 102 101 115 64 70 43 52 54 80 88 106 91 94 104 112 116 116 72 139 155 137 130 128 195 249 314 414 431 470 493 511 479 453 432 398 396 346 314 285 205 166 95 64 85 53 66 58 53 44 37 32 27 37 64 101 84
256 187 112 85 103 70 47 44 45 19 21 58 103 85 57 67 81 122 210 264 255 159 105 47 97 144 160 119 109 190 179 128 182 225 158 104 96 115 59 35 25 33 81 71 49 64 41 41 53 59 37 42 43 85 71 124 147 165 221 267 316 330 319 358 379 402 377 348 324 284 282 241 214 186 128 100 74 74 64 100 119 111 69 72 56 54 47 66 110 141 125
144 123 111 72 117 116 86 24 23 41 32 71 127 128 113 114 97 93 190 248 257 185 129 41 80 127 143 113 98 173 167 103 141 158 82 74 68 118 86 7 2 5 15 17 30 28 57 88 83 83 73 76 67 56 81 143 192 222 258 272 282 264 264 305 326 350 329 298 270 228 225 192 161 136 83 78 66 85 75 151 175 156 112 112 108 108 65 92 140 185 178
90 75 84 63 106 112 72 23 54 81 46 86 142 240 228 170 126 136 192 240 276 185 130 34 70 115 115 77 103 123 123 80 87 105 69 52 59 64 38 9 13 32 61 43 52 48 42 78 98 126 127 127 88 75 98 141 192 220 234 221 218 202 208 249 269 291 279 250 219 173 168 148 117 75 97 106 126 118 121 147 202 248 248 245 174 119 79 162 213 248 286
99 132 56 43 78 50 15 84 130 111 102 150 194 287 270 179 140 175 229 260 285 176 121 35 82 135 93 68 85 90 81 97 76 62 72 44 33 22 12 40 26 60 96 69 88 57 105 117 100 96 102 92 73 54 68 103 97 113 131 106 102 96 98 142 160 201 204 165 123 87 85 79 86 100 155 164 177 156 165 193 230 278 308 280 230 127 95 190 244 291 344
58 100 76 35 43 14 9 86 139 128 114 165 219 284 246 174 152 189 276 289 287 172 112 32 72 102 74 68 116 60 108 182 147 109 37 21 19 56 99 91 55 59 116 127 148 80 105 158 150 141 115 95 77 53 53 73 82 76 83 76 76 82 91 94 123 156 166 125 96 116 125 120 131 157 205 221 232 214 219 248 270 308 320 266 210 110 107 210 264 316 397
32 61 69 47 20 6 19 33 127 133 101 133 188 182 162 140 216 247 306 351 317 208 152 103 26 53 37 78 124 48 82 125 125 99 40 25 49 54 109 154 101 73 102 134 169 103 98 107 195 195 166 133 96 85 78 63 67 69 85 90 103 109 136 95 94 112 123 105 111 207 236 234 241 262 312 333 344 331 332 362 376 385 288 235 179 150 194 258 310 363 468
28 30 24 19 5 4 14 28 46 63 81 122 177 129 119 132 207 235 337 340 294 198 146 89 24 22 50 87 111 46 49 102 79 48 27 57 90 61 115 169 107 78 117 102 120 204 175 133 201 254 250 222 200 189 169 145 164 174 203 200 211 212 181 148 165 133 137 147 119 212 266 292 298 317 362 386 401 393 391 432 433 392 279 222 166 187 231 307 332 380 493
47 60 39 18 9 17 8 11 55 88 102 118 149 101 119 159 227 266 308 300 259 161 113 62 53 34 46 30 28 24 13 16 17 44 73 111 142 73 112 164 102 127 164 141 119 197 161 141 217 269 301 277 257 246 225 207 219 229 261 264 267 234 180 164 204 186 189 183 138 205 260 341 354 373 416 441 459 456 449 520 467 397 279 229 177 217 264 354 385 410 511
49 76 34 12 31 35 40 32 25 33 67 72 64 115 161 182 194 189 191 212 197 92 68 79 43 28 13 13 8 9 11 15 29 52 126 151 168 84 114 166 113 117 177 146 129 204 190 185 243 292 353 334 313 302 285 268 275 285 312 316 319 238 183 170 274 297 290 251 205 162 204 317 375 432 531 553 572 573 566 536 486 434 333 304 284 302 320 338 362 385 440
51 47 18 39 91 46 72 119 44 22 90 61 59 154 166 142 157 132 133 165 184 82 101 121 68 55 26 29 9 30 47 39 62 47 145 192 192 119 106 145 187 140 164 156 173 266 295 295 332 356 441 444 424 410 396 377 385 396 394 357 310 229 180 188 297 343 334 290 249 171 197 316 374 430 544 619 647 632 624 568 515 465 392 360 333 348 372 353 388 414 440
41 49 29 30 75 61 79 135 73 27 47 38 75 148 116 118 138 81 72 130 158 118 141 104 46 29 32 13 4 15 33 50 70 80 158 212 249 173 132 146 209 168 176 194 204 298 336 349 386 411 472 497 478 465 450 432 440 449 368 318 278 202 187 217 316 370 367 318 275 189 206 322 378 434 549 616 692 692 711 598 547 515 447 402 355 399 425 396 422 462 487
30 46 24 46 66 75 82 152 113 71 42 53 101 49 62 102 91 53 65 99 110 158 141 86 37 19 16 6 11 29 33 43 91 108 148 198 211 161 141 171 243 198 180 227 229 332 372 402 441 462 510 542 533 522 506 488 489 459 352 296 252 226 258 303 377 416 352 296 239 250 275 306 413 468 578 642 714 827 798 693 642 594 476 427 405 489 536 532 555 563 595
81 37 24 91 112 85 129 175 147 97 47 23 55 35 63 82 58 38 66 100 121 116 116 82 29 18 12 24 50 27 39 50 70 86 116 143 140 158 169 180 242 242 191 230 282 373 422 475 549 571 616 637 643 634 619 601 536 481 375 331 307 282 300 327 378 378 344 304 254 278 325 353 437 491 603 657 717 820 818 675 621 571 466 436 441 523 570 586 603 618 668
50 53 27 60 62 77 124 178 127 78 31 15 13 23 32 54 24 29 63 32 30 25 29 29 26 30 65 70 62 51 75 74 94 113 115 163 161 200 215 224 223 236 190 240 280 384 438 492 586 611 668 695 699 689 672 655 559 505 410 384 365 340 342 355 380 343 296 274 248 295 346 394 460 509 608 662 711 762 764 656 603 548 522 540 550 606 639 703 719 731 775
46 34 21 32 43 80 132 171 76 33 57 12 8 7 12 9 19 35 34 21 35 66 77 80 38 28 43 65 97 51 59 88 89 102 118 174 177 249 268 261 214 231 192 260 298 398 450 493 549 581 614 689 708 793 767 716 618 571 519 494 474 400 420 461 447 418 373 336 308 314 318 343 402 453 561 595 604 641 663 606 557 543 573 597 606 656 685 756 776 809 832
75 54 26 26 28 40 101 130 52 22 19 29 44 20 23 38 50 89 80 66 80 124 136 134 41 38 71 96 131 67 66 75 119 159 193 247 235 295 343 336 267 228 208 266 264 338 362 395 446 494 531 632 683 776 758 730 651 619 573 538 484 438 460 501 498 472 416 385 363 370 368 388 394 430 520 538 544 579 592 606 577 621 628 653 666 713 736 798 830 855 887
65 58 31 12 35 62 72 84 26 20 43 69 42 39 37 65 58 82 127 107 157 156 131 111 39 39 62 149 196 187 137 91 156 186 217 295 289 328 359 331 257 226 230 233 244 287 310 337 417 454 503 608 662 730 705 685 690 676 644 542 515 496 514 540 541 494 465 439 427 428 424 441 435 428 473 523 570 630 655 685 702 712 740 761 777 817 844 896 922 952 1001
23 32 23 6 13 23 31 27 22 46 60 118 71 70 83 61 67 95 141 124 146 107 93 81 41 41 60 142 200 233 157 110 124 148 188 295 335 374 343 295 240 249 270 260 251 264 273 295 354 406 464 567 618 671 616 572 629 679 694 619 619 613 629 641 544 513 551 555 551 541 542 564 550 540 557 577 613 681 718 732 779 768 798 816 834 873 895 944 974 1000 1058
7 2 1 0 10 26 22 24 35 59 61 135 88 73 80 74 72 87 107 136 131 120 75 65 36 45 60 147 200 212 133 119 163 176 201 267 307 357 320 277 337 355 378 366 313 358 346 329 340 388 439 542 595 651 599 546 599 651 693 654 676 670 687 677 590 570 603 614 610 599 602 639 608 595 612 633 653 727 759 788 822 827 854 874 896 932 951 1003 1023 1056 1107
18 2 0 4 12 11 23 57 54 63 74 143 95 85 119 99 101 98 127 187 216 194 147 118 42 68 102 134 188 215 145 125 140 150 168 232 284 335 318 290 373 410 429 362 331 388 399 380 329 363 413 521 573 628 598 544 575 631 672 698 729 728 741 708 644 627 664 671 666 716 715 731 720 708 719 743 769 816 854 887 927 924 939 958 975 1015 1039 1083 1107 1129 1071
4 21 9 17 45 58 19 25 67 130 130 96 113 112 162 129 136 123 124 209 231 208 149 92 48 58 111 166 208 196 154 159 184 179 167 209 261 311 309 315 404 450 455 360 371 448 495 465 376 353 390 455 477 540 572 529 551 610 647 751 764 754 740 754 755 742 754 785 780 772 773 792 777 764 777 799 824 868 880 893 891 883 879 895 916 963 984 1034 1057 1082 1032
15 45 21 14 13 44 34 22 56 160 144 95 135 146 189 180 185 130 148 226 248 217 165 118 73 61 121 181 149 149 244 269 294 285 254 188 211 258 286 333 444 490 447 443 474 499 537 502 406 380 370 405 424 508 541 508 549 604 643 707 705 698 683 698 766 794 811 843 837 830 832 867 836 818 835 853 863 848 834 837 832 826 820 836 854 906 934 955 1006 1029 982
10 28 14 32 19 39 66 28 45 116 126 68 88 105 135 167 209 148 169 269 270 222 192 136 82 74 130 135 131 169 257 282 311 318 290 220 202 236 272 320 430 479 448 491 537 555 576 526 459 426 402 420 413 473 491 475 530 566 603 659 653 649 626 621 706 755 799 881 928 946 945 960 949 921 825 783 758 731 717 720 714 706 702 720 747 808 821 845 891 917 900
26 19 34 37 25 48 114 71 35 34 39 45 57 67 93 131 165 163 194 288 282 246 184 128 74 94 109 118 154 198 214 229 242 281 309 258 224 229 264 313 425 436 485 571 589 615 638 614 556 534 521 515 485 475 475 505 523 509 521 601 606 584 621 644 676 716 758 844 886 968 988 1009 983 917 801 746 701 672 658 661 655 649 646 665 694 753 767 793 840 869 868
37 26 46 68 45 48 138 107 84 70 40 40 59 100 106 105 119 176 178 275 260 220 191 138 92 68 81 94 109 128 132 145 151 220 274 333 289 246 315 364 402 429 484 542 541 564 622 651 610 589 577 564 538 506 484 540 578 548 538 559 563 596 630 677 655 678 718 806 850 921 949 977 979 922 864 750 705 643 617 604 596 593 588 613 652 694 714 736 793 828 847
42 44 73 116 44 54 129 140 105 52 83 55 95 146 213 196 171 151 157 243 221 167 143 116 84 70 83 119 127 124 144 177 185 208 262 330 310 267 318 373 377 446 484 486 486 510 588 645 666 646 633 617 584 534 486 541 629 603 584 618 641 679 653 698 742 730 697 727 762 814 847 885 966 935 879 771 767 719 677 639 561 524 497 538 548 582 601 632 697 723 767
42 60 116 135 64 88 74 89 80 137 122 69 89 142 247 248 227 180 166 183 209 154 102 89 86 92 98 110 160 179 155 165 204 216 251 277 281 271 323 338 326 363 389 380 389 430 530 583 693 740 742 645 589 532 534 575 686 721 695 677 697 721 675 722 798 773 742 693 708 765 806 846 936 929 874 762 728 755 717 678 602 552 475 486 490 526 550 589 643 670 721
35 48 106 100 81 76 111 120 94 181 143 87 70 124 235 284 283 230 197 185 213 160 181 168 117 103 160 191 218 248 197 183 182 206 243 292 304 294 290 305 315 344 352 388 393 406 507 562 673 728 741 631 573 521 567 616 711 759 751 736 753 752 715 750 842 821 796 711 675 727 768 808 900 926 880 765 711 749 752 707 621 579 483 464 450 434 461 488 534 562 613
40 56 97 84 89 84 103 110 131 182 152 95 73 123 234 289 344 280 225 204 274 255 217 163 108 108 165 219 273 291 223 189 201 245 276 346 360 348 330 343 336 394 390 438 429 408 495 557 613 716 702 637 582 531 583 575 676 729 782 856 850 799 766 820 908 919 871 768 717 651 691 737 822 869 877 767 711 650 681 672 561 509 475 472 476 418 413 431 483 510 557
33 46 57 66 90 109 109 117 133 126 123 82 94 147 253 308 363 296 245 218 309 310 221 164 108 115 169 225 325 326 221 207 244 298 321 432 468 462 441 434 398 450 496 524 482 437 476 531 588 671 627 545 525 499 507 541 649 703 759 856 868 836 782 834 942 936 887 793 735 636 659 694 790 840 840 777 722 624 646 671 577 538 521 508 497 446 407 390 434 456 502
34 34 49 89 98 103 123 117 108 84 76 59 105 163 217 326 366 285 239 232 320 295 186 132 86 144 198 253 320 278 220 240 286 393 429 448 509 511 436 393 377 439 497 561 519 484 472 517 561 640 606 497 474 479 526 523 627 684 740 799 832 863 798 843 935 891 853 770 738 639 621 661 763 795 783 761 712 600 572 619 667 649 616 589 558 521 485 430 362 352 418
57 37 60 126 120 118 180 182 161 141 105 64 139 183 197 257 309 294 270 257 312 275 165 111 81 157 213 269 299 247 245 281 318 407 433 452 498 483 403 360 341 436 492 589 566 519 451 482 527 589 594 480 445 480 578 548 605 630 644 729 783 840 853 867 849 815 776 691 646 631 611 604 670 679 668 656 665 584 549 584 661 665 677 618 563 506 508 464 397 350 380
120 118 45 100 183 149 182 172 184 134 124 79 132 137 142 232 285 340 299 269 322 275 220 107 82 161 213 263 300 268 297 321 310 304 322 350 391 379 345 300 314 423 476 586 613 565 458 425 443 488 489 439 433 466 582 575 558 579 601 712 768 824 879 879 823 771 738 650 622 613 587 581 612 617 610 598 606 573 525 540 616 611 633 617 562 469 504 511 424 374 339
155 132 43 78 147 187 170 160 128 135 119 76 112 118 150 238 292 370 322 292 355 309 256 153 97 114 149 183 215 194 234 248 254 247 272 322 339 316 289 271 292 405 460 519 617 573 462 419 402 445 430 418 455 499 606 620 605 597 625 725 782 838 919 893 800 746 692 643 632 659 601 608 568 548 529 505 497 500 493 476 501 500 523 521 515 427 444 501 479 426 317
174 142 50 49 77 102 109 108 136 105 81 73 127 176 229 307 341 365 312 293 349 320 264 154 100 101 127 129 187 147 165 192 198 197 247 303 296 263 235 246 289 408 462 519 626 595 493 466 417 369 389 478 512 563 662 709 704 691 715 785 828 882 969 926 831 778 738 706 681 651 611 646 621 598 552 540 502 466 457 446 442 444 468 466 460 405 420 466 474 421 309
104 84 60 60 90 135 164 122 118 103 86 112 168 205 253 349 385 413 330 288 341 329 274 167 119 103 117 130 188 143 121 188 213 240 281 324 242 199 229 282 337 450 504 559 601 613 543 491 443 358 401 508 547 590 693 744 756 748 771 835 864 907 985 940 844 802 743 664 643 626 661 695 672 626 572 577 548 506 478 454 422 406 412 411 400 376 397 413 432 416 310
