data/ago/ago_beta.asc
ncols	277
nrows	308
xllcorner	-540299.14387948
yllcorner	7980296.7276279
cellsize	5000.0
NODATA_value	-9999
[rows 200 to 219 of 308, columns 180 to 224 of 277]
0.0 0.0 0.0 0.34245472199013505 0.3394436632369083 0.37814489518625194 0.12925974905304297 0.12418690087708589 0.32488835701872715 0.17343546905108795 0.3147988384561829 0.0 0.0 0.3361871555450316 0.321035229717443 0.3129070524369818 0.3067089541899427 0.3101473283579748 0.32080346323282066 0.2964978432251973 0.07569537579236775 0.10025233912777011 0.09755473277361722 0.0633934903972415 0.07674000228029089 0.07454024078502973 0.07500622924787378 0.07570552375614606 0.0604235596172715 0.06023989673687081 0.06959781385349434 0.06756898359750986 0.07254946817393089 0.07815984753624887 0.0739137696864681 0.0728780477776293 0.0639867685812362 0.07201064354677496 0.09382613237418268 0.11737737320891557 0.1600228192459398 0.11358354831805195 0.1177270896642648 0.12920549916789692 0.10896136926940628
0.0 0.0 0.29044397316200393 0.3264431156031905 0.3320260283822762 0.34485031036010755 0.31370304065722254 0.2808209862619419 0.28945436422811605 0.285997528584852 0.3200474003657842 0.3330728231641749 0.0 0.0 0.0 0.0 0.33535802151315836 0.3457701807644554 0.0 0.11936860319224436 0.09782105488507564 0.0872699504515251 0.11280067024095877 0.08414937834254282 0.08868532245570766 0.08613959755035575 0.07247695113456698 0.07386684118890191 0.07822961393907374 0.06345180054338237 0.08248506928162411 0.07836957087894607 0.07862800718480886 0.07403671687588273 0.07185218756221079 0.06851289667351552 0.05975837032779601 0.06327338430013862 0.07782603389515313 0.12490902908878619 0.11734854334585222 0.09116314275095797 0.11648891792502793 0.13137076263087072 0.12951027592888348
0.38397088938693896 0.3047619879695471 0.1324155090117797 0.15060095978095242 0.1628229647792057 0.16051665069458654 0.15520179579018747 0.3014688559846711 0.2894090039275022 0.0 0.0 0.0 0.0 0.0 0.0 0.0 0.0 0.0 0.0 0.10490565434666799 0.1059524730932961 0.10272790935700186 0.09960735564075193 0.07219743975647597 0.10090865844307842 0.10523112080088592 0.1035349979946377 0.06934591624238003 0.06804442327161872 0.060895462354045776 0.06591238872785495 0.06287105987657017 0.06210180455364942 0.06780699542740323 0.06663167940912364 0.06385217092726748 0.0597926395466056 0.06665111552064257 0.08110147515670377 0.09506541521792311 0.16562695439184372 0.1639512599818241 0.12378794456008195 0.1624537456192998 0.11943803424193236
0.298117847147557 0.3580736031416145 0.14051308921768096 0.14811748236268188 0.16489461804075825 0.13333068339240337 0.2810857406308495 0.3330994674665486 0.34131232483361684 0.3162108349572199 0.0 0.3258825511079774 0.2906844233153823 0.0 0.2775517485583145 0.0 0.0 0.0 0.0 0.08293696139871642 0.1105070156111302 0.10351826599163558 0.10385132966246265 0.10783641917870279 0.11271443873705919 0.10411013309866006 0.10891978332295191 0.11616162187417378 0.08858368951377148 0.08186444090299087 0.08983513207061192 0.08355477001867752 0.08178528959057 0.06839914812334105 0.07275225588895318 0.07079461917529284 0.06473123035807236 0.06769225411467036 0.08254181443907675 0.11929892316517784 0.1694514724821075 0.1539184450943315 0.15450872716074374 0.15522878161573608 0.16142649635859732
0.30269999184525986 0.35002201788808684 0.15397913346050396 0.10271156412751918 0.16285067116285748 0.11056451954988895 0.13307467923841856 0.3135087941208531 0.3453978867330671 0.31693176620260344 0.30417698971129936 0.33950828587860665 0.3385665347966234 0.3655189760100035 0.31548186671562667 0.07595603477484184 0.07640168061061764 0.07932096722080208 0.1538070626803013 0.09885298458256683 0.09844773166456099 0.1550487658420514 0.10816810198203199 0.10968013418476263 0.10328861038872719 0.11122399743915283 0.1030337202632541 0.08061987407472591 0.10847197564188707 0.07478216785354573 0.08260762715423355 0.06878154943539147 0.06887271425281899 0.07330795191365187 0.07140271361753205 0.062300138654175184 0.05706392290368711 0.0675271994715869 0.07060265405894081 0.08644943611616161 0.11886279908814594 0.16587897329256807 0.3370991195951675 0.3624642351172002 0.16795819894586853
0.3072626715096595 0.3300822921484423 0.1166154240105864 0.10003420239456931 0.10779748786238288 0.12246997490353402 0.13103285514651974 0.31006843614292523 0.3075003921468088 0.13594181732916974 0.2992924338823608 0.31002030832148647 0.31867485026401776 0.325188234433852 0.10616861444055843 0.06574850852471349 0.0685769941222443 0.0757013541407161 0.07839435991546159 0.14983917788742995 0.16081849172590976 0.15756855585377114 0.1515216264859736 0.10612700161068893 0.1095196114073318 0.107167454405535 0.11001232152946465 0.0816682860942883 0.09220991734010882 0.1274166936269538 0.12450613531391136 0.10386659577109991 0.09990631569145357 0.09839723231048793 0.07149237645694365 0.07187657891655687 0.0651502481761205 0.06630268581025206 0.08158554075282835 0.08708815781040787 0.12845810959973045 0.17241736283151757 0.1635989884551589 0.16843239152559822 0.1693475246902936
0.15331111316139148 0.15233566764818854 0.11941336716828134 0.05505883432389961 0.07375221112091554 0.10965582897083204 0.09757381386470061 0.09654937076095259 0.14887527868922465 0.09803839828129556 0.13600505777423935 0.14525065607946697 0.14243771498135627 0.0653506155670788 0.06785067699276054 0.08299487535418607 0.07962493816113171 0.07746299979105632 0.07745359512392465 0.14743565620708712 0.10145340270602621 0.10375452686467877 0.10572861538482951 0.1615419304294816 0.11528090893286215 0.11815458207462662 0.10770336906435077 0.08439597326349346 0.07768747574890161 0.0885484860289329 0.11189899506383041 0.1136207786752938 0.10971345292295712 0.12015923381891287 0.10124311086171885 0.08908829594438544 0.06692367707567973 0.06397562903819189 0.08152958025798866 0.07804517929906916 0.1199270245760045 0.16265595482167627 0.15753561934120452 0.15967081965687485 0.16037980396355345
0.15791465158436332 0.1560859154948536 0.11079740800967211 0.04855268407618404 0.07788522226856515 0.10569498890096633 0.11040448951821107 0.09109078499224442 0.14267353579849593 0.149496626925359 0.14167558943780278 0.13854509524592748 0.14308806935419524 0.05223981328978274 0.04827297156766349 0.04997109046072483 0.07778959044541009 0.08975162735455997 0.07573602391038614 0.08945535414776279 0.12712953763809104 0.1595184497277694 0.10694749527384699 0.1061518707339494 0.08359834648145548 0.08443298245331851 0.10532679643190417 0.08950334444386045 0.07829164835403594 0.08564814312602112 0.08627436335942601 0.07684786109962082 0.08818830125461113 0.08888642947118194 0.10577802439689922 0.09170102375478024 0.09708214022986568 0.07747410355922262 0.08373412054408463 0.07696277071035365 0.08437892162787787 0.09512545641829923 0.17809650026803964 0.15785377348258273 0.15695984382223085
0.3014634622192626 0.15439329125914242 0.1608878139858645 0.10182074625260713 0.07810258112569395 0.11545066535534394 0.13326555135857457 0.13189754091150782 0.13219687534997543 0.14507908734434175 0.318566180288656 0.2815627428946363 0.13699049676354402 0.08440668094346324 0.055757492519273935 0.0471422422556847 0.04456630955905097 0.047228918479867515 0.06535940765980801 0.08275684596262448 0.08705389469318321 0.09951198582903219 0.12857068311669664 0.12582336907286998 0.12049439889808701 0.0995591579212942 0.08374287220306169 0.08047194086274996 0.059963175587383545 0.05814536700806592 0.09381195732206198 0.09431290946150953 0.09395099266895686 0.08967471911450009 0.07761258828848587 0.06498195559718678 0.06999963924800298 0.06589097205261664 0.06515792719427868 0.06286357303747876 0.0613335896453505 0.07898997900411625 0.11664667074130261 0.17021024583033947 0.15952072800379716
0.29619441998975116 0.1456417082353875 0.14104840951829875 0.1539891278821966 0.10736127037271062 0.15147875355485424 0.14163270087322044 0.3174424472503008 0.2713836224808451 0.2886064237765578 0.0 0.2925083414760045 0.3017032201414625 0.27464706809560274 0.0702226844243776 0.07035607310447795 0.04751897377109561 0.04664829870045814 0.05156250459850251 0.05203718765882396 0.06507249760422697 0.07073260548598767 0.08137300453379506 0.08154221533996277 0.08500563512084172 0.0820871679914379 0.0824488290044673 0.07830037707314053 0.0619372655506866 0.06613477436864221 0.06193395206842799 0.08320257626515205 0.08382408459272918 0.0738013847811028 0.08582770374242304 0.10427029262069842 0.06356873198489904 0.057565391669858856 0.055806904416669724 0.0654211597015047 0.06856454721957164 0.0819956983744042 0.09164432774911416 0.15699622044175313 0.10904272441045051
0.31549647881142373 0.3178141167238358 0.29278926498600205 0.1581061225851157 0.14819629378331287 0.1472673134202209 0.3466717812334545 0.31048004501442233 0.0 0.0 0.0 0.0 0.0 0.3025772071374229 0.12868445404359627 0.06550612677895873 0.06991510262606734 0.05509562091076092 0.06667419514321486 0.0585223590136223 0.050499633686983174 0.049608342701125345 0.052210268689578204 0.06762220765048033 0.0752860872668351 0.06685552727742754 0.06519708776636135 0.06887740542810733 0.10909887111048726 0.10002559262645659 0.08341673844447973 0.06567798874612045 0.0642127351326587 0.06970056811411782 0.07435764596037857 0.06478318820679921 0.06614481509118869 0.08005427436419606 0.07043563370974061 0.074840971751868 0.06557360112498634 0.0842510392365218 0.10104212014756384 0.13251141343308814 0.17234636432842979
0.0 0.30612579295382697 0.30034142418963733 0.2989027024547659 0.3449944965732008 0.3158938423748372 0.32377645824632006 0.29807321141327886 0.0 0.0 0.0 0.0 0.31978053671967893 0.0 0.2971986588138495 0.13078116809835175 0.07157327209959356 0.05201620523908882 0.054440814255202176 0.0586050962734075 0.0581872751685122 0.04970270149094139 0.06077153050374394 0.05950533188377927 0.0548751554899273 0.06400988839619083 0.06155258544982952 0.058999447842731687 0.06047039157192244 0.06191075942824939 0.07607587449542456 0.0780851242128668 0.06677132664084026 0.06736686735415635 0.06009093639959203 0.07891017278417571 0.07997234884985001 0.08205968078501477 0.09369426806842635 0.0817433594419643 0.07426901037932891 0.10540068402857017 0.14072364090868333 0.1614070376363465 0.12753714782995998
0.0 0.2831588362514654 0.30501917659308614 0.2907955297843195 0.3296874401973192 0.30432065617791837 0.3017325269848256 0.2703418909734641 0.31251375255475483 0.2735343394382901 0.2991034842547198 0.0 0.31318240289099947 0.0 0.3167007249781219 0.30590953675423016 0.08069963039668734 0.0754780226807263 0.053910282334395765 0.06255288125146065 0.06365619594470949 0.05256643972035092 0.06786136870012575 0.07818818940004758 0.08714176906599883 0.0782858401711298 0.08124828621740275 0.08938814290078477 0.08172700685006525 0.08240585834762784 0.08913946035555842 0.08414495961394383 0.06417831711709761 0.06738479623384114 0.08246636538663361 0.06825141145423512 0.08973899514560352 0.08234841942774666 0.06870879106923249 0.07970349662665054 0.0929133057065606 0.12489822948616411 0.14196266334007837 0.11495681067242464 0.11147830806617529
0.0 0.0 0.0 0.0 0.2860656792290769 0.3124964976979519 0.2930317283208478 0.2734353065403515 0.3236280676577677 0.2595182340194825 0.2646551705823234 0.0 0.0 0.0 0.29174433223521595 0.29079419982592714 0.2772889249783607 0.0816283495132651 0.0857174571489302 0.07486500988016209 0.06822855301842781 0.08608412340318874 0.07218923478391888 0.07906447854003706 0.09424321860164421 0.0666015120629192 0.0664744186384346 0.08399630334134547 0.07043685724306264 0.07393157130788777 0.11779757541475733 0.11952801242769222 0.08240536409593761 0.06358168827131756 0.07649899488982982 0.06319673322611782 0.06575669296925907 0.06772894195749393 0.07107889490222552 0.07533936552497063 0.07407518542178036 0.10326062159598211 0.1370144243997014 0.1469191776259399 0.24959783510298084
0.0 0.0 0.0 0.0 0.30010673557350936 0.30315721117831174 0.2847897394939134 0.2646097425236247 0.29338029418724937 0.27912462854971126 0.25742260131579187 0.0 0.0 0.0 0.0 0.0 0.0 0.2998794587747082 0.07615887480294796 0.14902830602867584 0.15164591209296235 0.11094547733296112 0.1004365741791439 0.08476178326196453 0.09043333428850846 0.09297756039988583 0.10831760994224757 0.11725677520539438 0.09220893054233932 0.09461230020463618 0.08983134323075237 0.0946000012652456 0.08389822998839593 0.05760382975215876 0.05447708108971718 0.05935987604619251 0.06608799446039372 0.07307794961315107 0.08385554244510916 0.06676621065171573 0.0714611395141983 0.09587790181219645 0.11630679841029519 0.13579576276349836 0.1241203692118801
0.0 0.0 0.0 0.0 0.0 0.2902949781479775 0.29425182338838823 0.27082439047365137 0.2680510445758849 0.29549356847170755 0.27498417835214767 0.2794652223770017 0.0 0.0 0.0 0.0 0.0 0.0 0.0 0.2992505708577915 0.13583337874249932 0.15046343262787246 0.1558796222304372 0.17918257908732985 0.12242899368733579 0.15554578535769853 0.16494412916903184 0.11802249177987491 0.1218541006203089 0.11941618099838591 0.11048905708915222 0.08659139020223384 0.08729073708205433 0.08719478792981772 0.058033264601054346 0.05578835837559355 0.05709602183576637 0.051837600014142976 0.06665561349910028 0.07115073201595988 0.08798622588500724 0.14725161162701575 0.13011013260377782 0.17397491908739632 0.18928415610775198
0.0 0.0 0.0 0.0 0.0 0.0 0.0 0.30185015829873346 0.2758267541516528 0.2950967176304311 0.0 0.2779232276891431 0.0 0.0 0.0 0.0 0.0 0.0 0.0 0.0 0.3326127843265505 0.16144784794245093 0.15403143759435944 0.14838792256417513 0.1022812760985795 0.15134685651291346 0.16429585500839092 0.15163919250565458 0.15556138863661575 0.11219799607210856 0.10670966050320649 0.11719588112380229 0.0939539236155277 0.07881477160076855 0.06296814016019174 0.06467833943428246 0.05841810639314879 0.05031364267885175 0.05918900985714165 0.08128042891464761 0.07403120817217813 0.09622215749546893 0.14354338504822106 0.1444462200483282 0.21494774048867962
0.0 0.0 0.0 0.0 0.26990446070520085 0.0 0.3000228329211697 0.2854634936432979 0.2792775992856896 0.3080228246510809 0.0 0.2837571653481419 0.2888549458523461 0.3126377834933522 0.0 0.0 0.0 0.0 0.0 0.0 0.14467589846872775 0.14714371792183548 0.10851794005858137 0.17796659171778348 0.11484442724987523 0.14585756724870746 0.17737607333979677 0.1866784684416721 0.1838954243055036 0.18221794569985497 0.12169612750952205 0.0910207446596179 0.07603175081593333 0.07417104701102306 0.059563612998865555 0.0578164181051765 0.065907657613596 0.06065609714363891 0.060434536898063294 0.06483811566743085 0.10079912264199502 0.08652300923837479 0.1262901939480208 0.1734935342970866 0.18423479636002202
0.0 0.0 0.0 0.0 0.2946978461048924 0.2826524252166983 0.34141892740149543 0.33024569005675003 0.2912970509501873 0.29635220565307996 0.29948809059356074 0.3102552576945465 0.2839159036649831 0.0 0.0 0.0 0.0 0.0 0.0 0.0 0.2849146567398114 0.15420461865584473 0.15526848306501573 0.15317285423711965 0.16474219452946404 0.14572610731937502 0.31213444186584277 0.3090461889842905 0.33298170531235294 0.17003107246862853 0.1784763114557014 0.17284619293116021 0.09578285645922487 0.07275527961133454 0.060596290979760124 0.056950917051056045 0.06327966631688374 0.062312872731146704 0.06169819215965813 0.08037165329974075 0.09103014128377887 0.08259235943846906 0.09558711163750745 0.11905496840483513 0.12719391022629437
0.0 0.0 0.0 0.0 0.279219902321093 0.2808190279440155 0.34407325634739017 0.32428518778390375 0.2778032401035569 0.26963822498404466 0.3043691536475906 0.0 0.28417411912385937 0.2848373039748286 0.3156942483455302 0.2895439545497693 0.3121717951671593 0.0 0.0 0.0 0.13674752541710392 0.13867118021625693 0.1641982043091957 0.15386308705555213 0.13893107570109772 0.1500984334922527 0.15831193340826005 0.15882580815162115 0.3213125622942483 0.1615553313435655 0.16170891857589093 0.16701824724348766 0.1163779746569228 0.0698867404784757 0.0728549270595441 0.06608930669049293 0.06165172289996144 0.06668695088778492 0.06721459967912101 0.0751133717287655 0.07646517383281494 0.09455492041746448 0.0931865107297041 0.11191782427043193 0.15642665655182378
