data/ago/ago_pfpr210.asc
ncols         277
nrows         308
xllcorner     -540299.14387948
yllcorner     7980296.7276279
cellsize      5000
NODATA_value  -9999
[rows 224 to 251 of 308, columns 186 to 247 of 277]
0.2235474 0.2080357 0.2232294 0.1747831 0.2024685 0.2099056 0.1625297 0.196828 0.2383353 0.1938953 0.1987096 0.1818454 0.1778554 0.2062247 0.2175782 0.1964765 0.1613554 0.174668 0.1747128 0.1770611 0.1878167 0.1927968 0.1835893 0.1939233 0.1925033 0.1898967 0.1812559 0.1846735 0.1705133 0.2022436 0.2024971 0.217867 0.2066453 0.2059371 0.2022163 0.2471521 0.2269445 0.2940321 0.2394207 0.2309996 0.195422 0.1857708 0.1943306 0.201475 -9999 -9999 -9999 -9999 -9999 -9999 -9999 -9999 -9999 -9999 -9999 -9999 -9999 -9999 -9999 -9999 -9999 -9999
0.1678446 0.2359845 0.2313724 0.2550461 0.1690365 0.1797195 0.1630315 0.1695084 0.2193016 0.2222533 0.1946413 0.193651 0.1817071 0.183125 0.2280993 0.1865721 0.1977823 0.1656709 0.2077617 0.1963762 0.2096444 0.2063672 0.2158893 0.2131662 0.1924339 0.1845023 0.1855956 0.1781441 0.1814833 0.1718205 0.1889027 0.1965777 0.203921 0.2148736 0.2373425 0.2381361 0.2586571 0.2185445 0.227039 0.2188255 0.1972078 0.2221247 0.2412674 0.2317981 -9999 -9999 -9999 -9999 -9999 -9999 -9999 -9999 -9999 -9999 -9999 -9999 -9999 -9999 -9999 -9999 -9999 -9999
0.1776991 0.2055486 0.2473684 0.2373953 0.2272387 0.1930697 0.2106845 0.1627654 0.1957086 0.254048 0.2207037 0.2057977 0.1950887 0.1848499 0.2188585 0.2136534 0.1902984 0.163711 0.1829372 0.1975927 0.2088021 0.2027955 0.2131853 0.2235281 0.2163169 0.1943363 0.2286766 0.2129674 0.1846287 0.1861227 0.222135 0.1902573 0.1860331 0.1864122 0.2036476 0.2174541 0.2188105 0.2294639 0.2078649 0.2027453 0.1968087 0.2032637 0.2116191 0.2128384 -9999 -9999 -9999 -9999 -9999 -9999 -9999 -9999 -9999 -9999 -9999 -9999 -9999 -9999 -9999 -9999 -9999 -9999
0.1814076 0.1920721 0.2730654 0.2440828 0.2626696 0.2310591 0.2121647 0.196902 0.1813889 0.2279043 0.2173367 0.2476574 0.2322444 0.2000465 0.2036722 0.2737828 0.1908128 0.1814208 0.1540544 0.2018602 0.199652 0.2030987 0.2020515 0.1880302 0.1787369 0.1986536 0.172333 0.1762411 0.1690913 0.1802402 0.1932606 0.1832261 0.2038974 0.2278081 0.2414922 0.2427883 0.2017706 0.2465801 0.2101249 0.1993306 0.2176615 0.2019441 0.2170138 0.2036103 -9999 -9999 -9999 -9999 -9999 -9999 -9999 -9999 -9999 -9999 -9999 -9999 -9999 -9999 -9999 -9999 -9999 -9999
0.1655679 0.1774241 0.2558393 0.2695926 0.2482531 0.2266818 0.1917685 0.2428102 0.1919528 0.1853696 0.2159905 0.2156648 0.2391767 0.2042129 0.2325683 0.2436965 0.1885427 0.2163877 0.1874982 0.1911368 0.1911339 0.190821 0.1935429 0.2102288 0.2313154 0.2106622 0.1895619 0.197084 0.1981083 0.1969961 0.2122319 0.2260042 0.1911373 0.1968586 0.223886 0.2863515 0.2411724 0.1929784 0.1944819 0.1898973 0.2096422 0.196587 0.2186198 0.2359316 -9999 -9999 -9999 -9999 -9999 -9999 -9999 -9999 -9999 -9999 -9999 -9999 -9999 -9999 -9999 -9999 -9999 -9999
0.1847048 0.1793486 0.2417598 0.3028533 0.2432778 0.238349 0.1953148 0.2129853 0.2299473 0.185163 0.2528382 0.2113612 0.2337703 0.2297041 0.2438064 0.2279291 0.2184789 0.1842382 0.2163605 0.1968189 0.200636 0.1988784 0.2042437 0.2047321 0.196085 0.2275524 0.2280881 0.2075248 0.2065506 0.2077511 0.1878189 0.1964247 0.2015274 0.1971592 0.1848763 0.2062577 0.2250713 0.1926976 0.2123222 0.1867799 0.1888479 0.19599 0.2139045 0.232865 -9999 -9999 -9999 -9999 -9999 -9999 -9999 -9999 -9999 -9999 -9999 -9999 -9999 -9999 -9999 -9999 -9999 -9999
0.2746299 0.1912841 0.2661169 0.2797503 0.238509 0.2830244 0.2183998 0.2634928 0.2388667 0.2115664 0.2453612 0.2465769 0.2114345 0.2742799 0.2548584 0.2314594 0.2690489 0.2018567 0.2410203 0.2010068 0.2150097 0.2008892 0.2098908 0.2094702 0.1947597 0.2148098 0.2287772 0.2024034 0.2301993 0.2132184 0.2005543 0.224733 0.2378449 0.1936293 0.1863855 0.2236887 0.2382981 0.2161978 0.2052395 0.1985939 0.2028236 0.1807093 0.178186 0.2331551 -9999 -9999 -9999 -9999 -9999 -9999 -9999 -9999 -9999 -9999 -9999 -9999 -9999 -9999 -9999 -9999 -9999 -9999
0.2652451 0.2091148 0.263698 0.2851535 0.2424157 0.2621294 0.2629647 0.242284 0.2610281 0.2540137 0.1990315 0.2809632 0.2220138 0.2293426 0.2899524 0.2777689 0.2518725 0.2071336 0.2541583 0.181077 0.2063603 0.2195426 0.2113597 0.2126082 0.2076266 0.2048147 0.1960904 0.2039999 0.2041779 0.2180518 0.1990199 0.2088995 0.2059371 0.1977957 0.2278044 0.2179209 0.2289739 0.3242618 0.1974039 0.1974185 0.1800733 0.2140034 0.1918688 0.176869 -9999 -9999 -9999 -9999 -9999 -9999 -9999 -9999 -9999 -9999 -9999 -9999 -9999 -9999 -9999 -9999 -9999 -9999
0.2454417 0.2691029 0.2136376 0.2503996 0.284093 0.2784456 0.2314078 0.262168 0.2482453 0.2565879 0.2934189 0.2255742 0.2689869 0.2587942 0.2418044 0.3097754 0.2996327 0.2313339 0.1842418 0.1843248 0.1800141 0.225174 0.2404998 0.2233913 0.2221301 0.2198467 0.2206096 0.2212604 0.2047632 0.2086985 0.2347473 0.219822 0.2193408 0.227465 0.2230688 0.2127346 0.198838 0.2031886 0.2069627 0.2063132 0.2212166 0.1790747 0.1803676 0.202756 -9999 -9999 -9999 -9999 -9999 -9999 -9999 -9999 -9999 -9999 -9999 -9999 -9999 -9999 -9999 -9999 -9999 -9999
0.2681049 0.2857055 0.2344337 0.2508849 0.2600039 0.2788205 0.2529452 0.2556054 0.2894518 0.2719576 0.2685148 0.2610208 0.2433034 0.3267628 0.2362847 0.2238737 0.2432139 0.3179031 0.1898388 0.2032372 0.1986041 0.2319751 0.2544909 0.2521494 0.2031847 0.1979655 0.1901036 0.1985704 0.1960039 0.2167102 0.1989646 0.2062896 0.2462644 0.2603841 0.2637129 0.2029658 0.1887479 0.1881702 0.1856434 0.2033209 0.2078651 0.1701518 0.1927641 0.2194477 -9999 -9999 -9999 -9999 -9999 -9999 -9999 -9999 -9999 -9999 -9999 -9999 -9999 -9999 -9999 -9999 -9999 -9999
0.2510786 0.2215932 0.231161 0.2371437 0.2390531 0.2639211 0.2974122 0.2527333 0.2807006 0.2886983 0.2883715 0.2788207 0.2524079 0.2558246 0.2698409 0.2235534 0.2291373 0.2782734 0.2816021 0.2118764 0.1835491 0.2146614 0.2250852 0.2444033 0.2314716 0.2332989 0.2168749 0.2064201 0.1997935 0.1962289 0.2108848 0.2171574 0.2072678 0.1865138 0.1984561 0.1933973 0.186485 0.2004416 0.187195 0.1724754 0.1860734 0.1689212 0.1863096 0.1987261 -9999 -9999 -9999 -9999 -9999 -9999 -9999 -9999 -9999 -9999 -9999 -9999 -9999 -9999 -9999 -9999 -9999 -9999
0.2114644 0.2152663 0.2282408 0.2585244 0.2683302 0.2339451 0.2176656 0.2093017 0.2221666 0.2526648 0.252779 0.2670381 0.2868073 0.2843097 0.2984574 0.2753473 0.2521108 0.2624182 0.2589122 0.1977379 0.1728264 0.1852484 0.2132481 0.2211108 0.228353 0.2364527 0.2334259 0.2025795 0.217851 0.2036068 0.2077698 0.2523367 0.2336867 0.211312 0.1830322 0.1840051 0.1996608 0.1945954 0.1886333 0.1805064 0.1669495 0.1680356 0.1848751 0.1877721 -9999 -9999 -9999 -9999 -9999 -9999 -9999 -9999 -9999 -9999 -9999 -9999 -9999 -9999 -9999 -9999 -9999 -9999
0.2430064 0.2119179 0.2389102 0.2590174 0.2792749 0.2720002 0.2488017 0.2617907 0.2676025 0.2625784 0.2666627 0.2630643 0.2685291 0.2710961 0.2444329 0.2190192 0.2239503 0.232896 0.2317274 0.2462119 0.2129562 0.1883586 0.1886739 0.2076096 0.2271912 0.2346671 0.2352738 0.215702 0.2169792 0.2244152 0.2137846 0.1996877 0.2297181 0.1989932 0.2032744 0.1831888 0.1684028 0.1745586 0.1777283 0.177613 0.1837991 0.1645352 0.1778094 0.1855075 -9999 -9999 -9999 -9999 -9999 -9999 -9999 -9999 -9999 -9999 -9999 -9999 -9999 -9999 -9999 -9999 -9999 -9999
0.2567337 0.2195086 0.2500382 0.2601838 0.2783554 0.251911 0.2313459 0.2534539 0.2614714 0.2676221 0.2671951 0.2681953 0.2548312 0.246964 0.2613724 0.2757597 0.2597967 0.2577846 0.2390164 0.2578557 0.2354368 0.2286281 0.1896827 0.1974841 0.2277716 0.2146897 0.1978413 0.2223138 0.1833599 0.2066572 0.190806 0.2312212 0.200222 0.1961476 0.2014709 0.2138262 0.180914 0.1857548 0.1833511 0.1780266 0.2003323 0.1937274 0.207239 0.1891993 -9999 -9999 -9999 -9999 -9999 -9999 -9999 -9999 -9999 -9999 -9999 -9999 -9999 -9999 -9999 -9999 -9999 -9999
0.257832 0.245289 0.2088898 0.239205 0.2625642 0.2745014 0.2674655 0.2789748 0.2688433 0.2613319 0.2536136 0.2532938 0.2714575 0.2516393 0.2409153 0.2474353 0.2399462 0.2509207 0.2562194 0.2470528 0.2475962 0.2297516 0.2235002 0.2010486 0.2230206 0.2204292 0.1842115 0.2150242 0.182398 0.1864189 0.1974245 0.1888591 0.2218897 0.1935075 0.2108818 0.209924 0.2095124 0.1738646 0.1715733 0.1810723 0.2005855 0.2172843 0.2088975 0.188266 -9999 -9999 -9999 -9999 -9999 -9999 -9999 -9999 -9999 -9999 -9999 -9999 -9999 -9999 -9999 -9999 -9999 -9999
0.2313298 0.2544309 0.2025179 0.2091305 0.2757129 0.2810193 0.2615404 0.2338753 0.2306907 0.2273971 0.226129 0.2315636 0.212218 0.1998573 0.2118818 0.2320442 0.2370582 0.2355654 0.2360993 0.2368549 0.2562394 0.2517165 0.2301124 0.2591949 0.230321 0.215545 0.1987872 0.2160276 0.1915644 0.1891285 0.1884169 0.1874688 0.1905326 0.2148523 0.2293478 0.1841856 0.1691968 0.1647801 0.1774265 0.191195 0.1969106 0.1943154 0.1931833 0.1838545 -9999 -9999 -9999 -9999 -9999 -9999 -9999 -9999 -9999 -9999 -9999 -9999 -9999 -9999 -9999 -9999 -9999 -9999
0.2205097 0.2538975 0.1914333 0.2086064 0.2539216 0.2220306 0.2548341 0.2384682 0.2327322 0.2407735 0.2262364 0.2482742 0.2368298 0.251416 0.2217968 0.2132264 0.2100913 0.2119544 0.2129015 0.2301143 0.2555386 0.2607126 0.2420698 0.2259707 0.2450591 0.2104807 0.1961638 0.2049694 0.18504 0.1922788 0.192533 0.2073243 0.2002023 0.1989332 0.171743 0.177169 0.1957016 0.2050423 0.1986989 0.1885565 0.1869808 0.1809962 0.1827086 0.188604 -9999 -9999 -9999 -9999 -9999 -9999 -9999 -9999 -9999 -9999 -9999 -9999 -9999 -9999 -9999 -9999 -9999 -9999
0.1883277 0.224109 0.2358978 0.2044464 0.2300351 0.2303215 0.2761223 0.2773806 0.2268405 0.2264107 0.2282365 0.233149 0.2249823 0.2235402 0.2253934 0.2188624 0.2326269 0.2346215 0.2515336 0.2035723 0.1989002 0.2422581 0.2633443 0.2375016 0.2105629 0.2240913 0.1873814 0.1898589 0.2239393 0.2073308 0.1916782 0.2008575 0.1924746 0.1896489 0.1842825 0.2034722 0.1789469 0.1822419 0.1897385 0.1874882 0.1930027 0.1831392 0.1815612 0.1805334 -9999 -9999 -9999 -9999 -9999 -9999 -9999 -9999 -9999 -9999 -9999 -9999 -9999 -9999 -9999 -9999 -9999 -9999
0.1886423 0.2049961 0.238883 0.2239785 0.2087962 0.2594398 0.2508515 0.2196608 0.2531852 0.2469504 0.2254972 0.2233695 0.2263044 0.227991 0.2394491 0.2352888 0.2337171 0.2285109 0.2221721 0.2452182 0.2455022 0.2069481 0.2174179 0.2496077 0.2374836 0.209076 0.2389361 0.2191995 0.2017532 0.1910798 0.1902402 0.1913839 0.1853352 0.1796637 0.1924556 0.1848204 0.1805788 0.1811651 0.2110992 0.1849479 0.1682925 0.1831116 0.1819041 0.186242 -9999 -9999 -9999 -9999 -9999 -9999 -9999 -9999 -9999 -9999 -9999 -9999 -9999 -9999 -9999 -9999 -9999 -9999
0.2151344 0.1867368 0.2209823 0.2300013 0.2138272 0.2150088 0.2683654 0.2068053 0.2363269 0.2795863 0.2739017 0.253479 0.2574507 0.2634882 0.2352595 0.2420042 0.2260143 0.2213796 0.2297201 0.2334757 0.2262741 0.2293765 0.204498 0.223399 0.2585556 0.2417833 0.2243285 0.2536651 0.1837569 0.2166446 0.1980291 0.2194773 0.190161 0.1761207 0.2068697 0.1844484 0.1852889 0.1810161 0.1732381 0.1761393 0.1764509 0.1797364 0.1844791 0.1942143 -9999 -9999 -9999 -9999 -9999 -9999 -9999 -9999 -9999 -9999 -9999 -9999 -9999 -9999 -9999 -9999 -9999 -9999
0.2270613 0.2391347 0.206774 0.2132867 0.2018954 0.2142207 0.2053302 0.2021938 0.2122124 0.2133306 0.2125253 0.209194 0.20894 0.2043923 0.2074723 0.2119281 0.2072238 0.1957787 0.185439 0.2179073 0.2194283 0.2045282 0.1957631 0.1983957 0.1875594 0.2083939 0.2283161 0.2462978 0.2459858 0.2075508 0.189895 0.235269 0.2212169 0.199193 0.1846125 0.2102886 0.2001971 0.1965116 0.1849411 0.1815172 0.19091 0.2165029 0.2183889 0.2267899 -9999 -9999 -9999 -9999 -9999 -9999 -9999 -9999 -9999 -9999 -9999 -9999 -9999 -9999 -9999 -9999 -9999 -9999
0.2284293 0.2379281 0.2019225 0.1966885 0.1984413 0.2218533 0.2332119 0.2330176 0.2348399 0.2275918 0.2404329 0.2488348 0.2494216 0.2595854 0.2571231 0.2533582 0.2836145 0.2821824 0.2796319 0.2743445 0.2834417 0.2630078 0.238548 0.2868249 0.2820812 0.234488 0.2031544 0.2184804 0.2257044 0.2427358 0.1991917 0.2186426 0.2162068 0.2069311 0.1794559 0.1884824 0.2079638 0.2027969 0.1818391 0.1753132 0.2004177 0.2180455 0.2066449 0.2065941 -9999 -9999 -9999 -9999 -9999 -9999 -9999 -9999 -9999 -9999 -9999 -9999 -9999 -9999 -9999 -9999 -9999 -9999
0.2363908 0.2171004 0.1892428 0.1869053 0.1791519 0.1861088 0.1992333 0.1966502 0.2129796 0.2196853 0.2390927 0.2676668 0.2511142 0.2910028 0.2972268 0.2896544 0.2866457 0.2810374 0.2616645 0.2405204 0.2477614 0.2218556 0.2060535 0.2297594 0.2329664 0.2506714 0.2367221 0.2287249 0.1928658 0.1991329 0.2430461 0.1868003 0.2173214 0.2376109 0.2280697 0.2256955 0.2307613 0.2290404 0.2087855 0.1861719 0.171339 0.2186724 0.1727609 0.2115656 -9999 -9999 -9999 -9999 -9999 -9999 -9999 -9999 -9999 -9999 -9999 -9999 -9999 -9999 -9999 -9999 -9999 -9999
0.2325902 0.2560455 0.2359562 0.2379009 0.2600795 0.2681112 0.2583849 0.2316508 0.2646105 0.2748517 0.246784 0.2804074 0.2690114 0.2954244 0.2712988 0.2848566 0.2975596 0.2990134 0.3140375 0.2921246 0.2954224 0.2649392 0.2335873 0.2351148 0.2647806 0.2622989 0.2462829 0.2381674 0.2011796 0.1864182 0.2568849 0.2094958 0.2098569 0.2374908 0.2449734 0.2355691 0.2202587 0.2100946 0.1931226 0.1902094 0.1871261 0.169632 0.1896649 0.2296549 -9999 -9999 -9999 -9999 -9999 -9999 -9999 -9999 -9999 -9999 -9999 -9999 -9999 -9999 -9999 -9999 -9999 -9999
0.2257219 0.2561925 0.2143925 0.2178244 0.251967 0.2287796 0.2199508 0.2184101 0.2233331 0.2344906 0.2340512 0.2455337 0.2527452 0.2849852 0.2794356 0.3113173 0.3172341 0.3116616 0.342225 0.3220904 0.3189964 0.2449199 0.2559183 0.287229 0.2829542 0.2626229 0.2416859 0.2446819 0.2426102 0.226177 0.2296687 0.2657816 0.1947472 0.2314661 0.241726 0.2336984 0.2378765 0.2279699 0.2424692 0.2446461 0.2264126 0.2095681 0.1841306 0.1840206 -9999 -9999 -9999 -9999 -9999 -9999 -9999 -9999 -9999 -9999 -9999 -9999 -9999 -9999 -9999 -9999 -9999 -9999
0.2373672 0.233107 0.2178127 0.2229923 0.2363047 0.244024 0.2638297 0.2438186 0.242594 0.213123 0.2254581 0.2241618 0.2244942 0.26741 0.2605931 0.25342 0.2717649 0.2965242 0.3032264 0.3146709 0.2827219 0.2472544 0.2581268 0.2219822 0.2132871 0.2119057 0.1603785 0.1733768 0.1681682 0.1568188 0.1638448 0.1881597 0.2217333 0.1896476 0.2401821 0.2316115 0.2599029 0.2550119 0.250366 0.23029 0.227137 0.233871 0.2277763 0.2462263 -9999 -9999 -9999 -9999 -9999 -9999 -9999 -9999 -9999 -9999 -9999 -9999 -9999 -9999 -9999 -9999 -9999 -9999
0.1978737 0.1929786 0.1967273 0.2084056 0.2043348 0.2068132 0.2072025 0.2147479 0.2199328 0.1900221 0.1937553 0.2137689 0.2015515 0.1903474 0.2113091 0.2081631 0.210337 0.2172292 0.1646925 0.1713359 0.1614025 0.1606063 0.1523225 0.155229 0.1647519 0.1693166 0.1810586 0.1698587 0.1687023 0.1721291 0.1790492 0.1550323 0.1640007 0.1495293 0.1798962 0.2318823 0.2469313 0.2571951 0.2556822 0.2437376 0.2408049 0.2461943 0.2356314 0.2214409 -9999 -9999 -9999 -9999 -9999 -9999 -9999 -9999 -9999 -9999 -9999 -9999 -9999 -9999 -9999 -9999 -9999 -9999
0.1883405 0.1998768 0.2089114 0.2263535 0.2225371 0.2056659 0.2059143 0.2198347 0.2351197 0.2231363 0.2174319 0.2791857 0.2797489 0.2692919 0.2780103 0.2763574 0.2537891 0.2751956 0.2207215 0.2227462 0.2086633 0.225081 0.2201186 0.2144014 0.1864506 0.1981805 0.2046645 0.1978819 0.2083499 0.2189983 0.2107002 0.1831027 0.1504329 0.1995103 0.2014403 0.1824563 0.2073427 0.2157802 0.2269626 0.2401248 0.2301819 0.243644 0.2396595 0.220913 -9999 -9999 -9999 -9999 -9999 -9999 -9999 -9999 -9999 -9999 -9999 -9999 -9999 -9999 -9999 -9999 -9999 -9999
