data/ago/ago_population_v2.asc
ncols         277
nrows         308
xllcorner     -540299.14387948
yllcorner     7980296.7276279
cellsize      5000
NODATA_value  -9999
[rows 246 to 286 of 308, columns 93 to 185 of 277]
173 171 169 207 178 160 187 133 126 97 71 65 70 74 60 65 73 66 74 53 61 47 66 49 58 60 72 110 101 88 66 51 52 44 47 46 63 89 89 136 171 190 238 242 142 89 56 37 29 24 27 20 26 20 22 10 7 5 5 7 10 10 11 12 19 20 26 22 16 11 7 17 21 29 30 32 30 19 12 10 8 9 6 9 10 8 10 10 8 7 8 10 10
191 119 139 187 217 182 139 110 100 73 69 91 87 79 78 60 68 68 69 46 52 37 61 48 51 63 76 89 78 88 74 76 80 72 74 72 93 117 97 156 167 221 250 215 169 114 72 30 27 36 27 21 30 21 21 11 6 5 6 6 7 10 16 17 26 30 31 30 17 10 8 14 20 21 26 22 20 14 9 8 8 8 5 7 10 8 9 7 7 6 7 10 10
130 114 157 184 222 192 125 104 76 59 85 100 81 78 72 72 68 66 58 45 51 37 36 39 51 50 60 68 60 56 66 59 54 60 75 100 117 133 143 112 165 207 192 181 146 87 68 39 24 30 32 30 24 20 20 20 6 6 6 8 11 15 13 22 32 34 45 39 23 13 12 13 21 23 26 19 17 14 10 10 10 10 5 5 8 7 8 8 7 5 6 8 9
136 174 184 247 274 234 158 110 69 58 92 76 69 71 58 57 55 58 57 55 63 39 49 43 42 38 36 49 51 57 63 59 65 68 75 86 125 184 163 127 189 213 175 152 108 93 60 43 35 39 33 31 22 19 23 26 8 7 9 8 10 16 20 32 39 39 45 25 18 17 13 15 23 24 34 28 24 12 10 10 10 6 4 6 5 8 7 6 4 4 6 7 8
127 168 219 306 318 275 199 152 65 73 83 77 72 75 66 47 49 50 65 67 63 35 50 56 52 50 33 44 57 48 42 55 59 57 75 97 140 206 233 199 254 207 168 135 83 57 41 40 38 37 44 32 18 19 30 29 15 8 10 6 9 15 22 35 47 55 38 22 16 12 10 14 20 23 37 23 22 17 11 10 8 6 6 7 6 6 7 6 6 4 4 5 7
163 187 282 716 428 269 203 126 68 88 81 75 72 73 55 60 41 41 66 61 40 44 63 59 50 43 37 44 47 49 41 54 59 52 68 100 162 223 333 518 270 194 155 105 65 39 41 41 40 37 40 33 32 28 33 34 23 8 9 9 8 11 20 41 112 59 22 16 13 12 9 18 21 24 33 23 22 11 10 8 9 8 7 5 7 6 7 6 5 4 5 7 7
128 213 291 366 257 206 165 99 70 89 78 78 74 68 65 58 53 42 68 54 41 54 55 55 49 40 57 51 50 49 47 49 69 61 75 136 199 221 287 368 252 201 179 118 62 54 43 37 43 39 42 39 31 28 33 35 27 8 5 10 13 11 20 40 57 43 21 12 9 11 10 17 16 19 33 22 17 9 7 7 8 5 6 5 5 4 7 7 7 7 6 8 7
108 156 273 253 210 175 99 72 78 89 84 76 72 66 69 68 60 62 69 72 49 48 41 44 54 44 68 63 76 52 51 44 49 63 70 113 175 181 240 277 266 217 193 140 73 57 43 42 46 40 41 36 30 37 37 40 27 10 6 10 8 12 20 38 45 36 27 11 9 9 6 13 14 23 35 19 13 8 6 8 6 5 5 5 6 4 6 6 7 5 6 6 5
112 151 221 166 142 118 80 90 83 89 83 74 63 72 69 73 64 66 75 69 66 62 39 51 65 76 52 67 101 77 56 56 61 72 107 149 146 153 182 171 219 271 215 159 90 54 31 41 46 39 39 36 33 37 35 35 26 17 8 7 8 15 30 35 36 41 47 15 7 6 6 10 17 25 31 18 14 10 5 7 5 6 7 4 4 4 4 5 4 4 6 6 6
164 146 189 145 118 93 100 59 54 94 75 73 70 70 63 69 65 65 53 73 78 63 73 78 86 93 75 71 81 79 76 68 64 106 143 155 159 161 151 129 166 232 211 152 111 62 34 39 34 27 36 39 38 35 28 25 20 10 10 7 7 14 19 30 39 39 34 24 8 5 5 10 18 20 32 22 15 12 6 6 4 4 6 5 6 6 4 4 4 4 6 4 6
123 175 194 188 121 84 73 60 79 73 58 81 73 64 67 79 97 97 88 90 92 62 85 88 71 70 66 68 84 89 64 97 78 97 156 184 228 184 136 103 107 182 210 153 112 75 46 45 39 34 29 29 39 37 32 20 17 7 7 7 5 6 12 29 37 39 29 25 9 5 5 11 19 22 37 20 15 8 10 6 4 5 4 4 4 4 5 4 4 5 5 4 5
146 170 177 166 166 111 69 88 72 59 68 78 80 72 92 107 105 120 105 99 105 80 107 85 109 87 85 81 89 98 125 146 120 106 129 147 156 151 107 80 79 134 197 173 88 97 68 36 31 30 32 39 30 30 30 23 16 5 4 3 3 3 5 17 28 41 25 14 6 5 7 11 20 29 33 20 13 9 9 6 4 4 4 4 4 4 6 6 4 4 4 4 4
151 182 218 191 173 123 97 85 107 99 97 88 80 80 126 117 122 144 109 100 113 102 112 110 108 126 94 91 119 141 143 158 190 142 113 108 141 126 66 39 63 109 211 172 109 86 66 44 35 39 59 51 34 27 26 12 4 3 4 3 3 3 5 11 21 38 23 7 5 4 5 13 20 20 24 18 17 8 7 6 4 4 4 4 4 6 5 4 4 5 5 6 6
181 187 233 203 197 175 119 104 131 109 138 124 116 117 165 123 121 126 120 112 117 114 113 115 122 126 134 114 131 149 145 199 203 145 129 108 98 98 44 40 60 108 202 266 144 107 64 55 55 50 71 55 55 24 12 6 4 4 4 4 2 2 3 6 7 13 17 8 5 4 4 8 11 10 28 17 16 7 4 5 5 6 5 4 5 4 6 5 4 4 4 4 5
169 192 246 204 163 146 117 121 148 142 143 165 152 143 124 120 136 154 137 136 135 137 112 122 118 173 171 174 127 142 170 142 135 149 123 108 64 68 40 44 78 96 191 252 190 125 70 50 63 59 68 49 26 7 4 4 4 4 5 3 2 2 3 6 9 12 15 8 6 3 2 4 8 10 7 13 10 5 4 4 4 4 3 6 5 4 4 4 4 5 6 4 4
153 148 237 204 205 120 135 129 136 125 117 111 133 162 122 143 196 162 157 145 126 143 121 107 193 216 154 146 139 175 142 154 134 140 103 79 55 66 41 58 85 136 202 247 186 154 82 52 45 59 51 24 6 5 4 4 4 4 3 3 2 2 3 6 7 10 13 8 6 5 3 3 6 10 9 10 7 5 5 5 4 4 4 4 4 6 5 6 7 10 6 4 8
184 210 293 240 198 121 91 103 88 155 163 136 144 156 104 167 161 165 117 145 103 123 145 119 187 163 223 140 125 178 163 112 132 96 79 72 52 59 43 59 68 107 137 304 272 198 98 55 42 41 40 12 4 4 5 4 4 4 4 3 2 2 3 5 6 8 11 11 9 8 6 8 10 10 10 7 5 6 6 3 4 3 2 3 3 4 9 5 6 5 4 4 4
189 219 398 282 198 163 120 133 127 212 185 175 175 154 139 193 251 211 120 129 119 132 227 160 149 150 227 154 135 165 148 83 91 75 70 45 40 54 41 50 47 83 130 288 348 269 123 53 41 47 39 10 5 4 4 4 4 4 3 3 2 3 3 4 7 6 10 11 15 12 11 8 9 13 10 8 5 3 2 2 2 2 2 4 6 4 4 6 4 4 5 6 6
179 227 323 308 221 135 107 117 143 138 147 180 148 150 167 165 174 190 181 188 252 185 279 214 190 226 219 162 157 119 97 60 57 63 65 52 44 41 47 35 40 77 132 424 417 291 114 66 42 39 40 24 5 4 4 4 4 4 4 4 4 3 2 2 3 8 10 11 14 15 12 11 15 14 9 4 4 2 2 2 2 2 3 4 4 6 6 6 5 6 4 4 4
155 202 233 295 233 142 117 104 122 123 101 190 130 159 166 130 142 205 290 246 411 233 271 271 328 227 192 175 127 96 76 52 49 66 53 37 45 45 50 41 39 72 114 188 316 239 169 115 49 44 37 34 15 5 5 4 6 5 5 4 5 3 3 3 3 5 7 9 10 12 17 20 21 18 8 4 3 2 2 2 4 3 4 4 4 4 5 6 5 6 5 4 5
143 175 181 263 245 177 169 111 114 122 160 190 182 178 215 221 197 193 242 253 225 290 329 349 296 223 195 164 106 89 64 68 74 71 54 33 31 51 31 31 39 56 101 154 572 372 257 184 70 48 40 39 37 5 7 7 6 7 5 4 4 4 4 4 4 4 5 8 10 10 13 30 32 14 9 5 3 4 3 5 4 5 6 4 4 4 4 6 4 4 4 5 6
154 225 292 363 333 312 333 204 143 105 159 179 143 213 223 271 313 269 295 222 303 330 285 222 276 223 183 120 98 92 63 76 76 62 43 36 30 34 13 4 10 25 83 138 198 763 572 246 106 45 34 29 29 6 6 7 6 5 5 7 7 6 4 4 5 3 3 4 7 9 14 30 22 13 7 5 4 5 6 5 3 4 4 4 5 6 5 7 4 4 6 6 6
242 329 381 493 434 387 282 229 194 188 201 204 155 219 226 323 321 324 293 289 293 198 198 234 203 156 122 102 83 57 64 73 59 62 37 30 38 47 9 5 5 7 14 99 146 313 417 170 29 10 6 6 5 5 6 5 5 5 5 5 6 5 4 6 7 4 4 5 5 7 10 20 21 13 8 5 4 4 6 4 4 3 3 4 5 5 6 7 5 4 6 6 4
386 399 457 692 413 334 259 233 238 198 239 219 196 300 433 404 400 362 317 295 205 171 157 195 149 112 77 56 70 54 69 51 43 62 37 42 48 24 4 5 6 9 7 46 104 144 250 112 14 10 5 5 4 6 9 5 5 7 7 5 5 4 5 8 8 6 5 4 4 5 9 17 20 13 10 8 4 4 8 4 4 4 4 4 4 4 5 5 4 4 6 4 4
562 458 540 575 408 329 284 285 324 322 301 338 372 368 361 403 363 336 398 249 229 137 114 141 126 102 76 62 62 50 49 41 40 50 32 39 23 3 5 3 4 6 6 10 85 107 174 176 19 12 7 6 5 4 5 6 7 9 8 4 4 4 6 7 7 8 4 3 4 6 11 13 19 15 17 11 6 4 8 5 5 4 5 4 3 3 3 3 4 4 4 4 4
646 511 752 577 387 378 403 397 402 392 397 446 852 538 384 292 323 250 199 143 115 124 115 111 107 88 60 56 59 45 39 39 38 39 29 26 6 3 4 4 3 4 5 7 30 95 164 248 56 16 9 7 6 5 6 7 8 9 7 5 4 4 5 7 6 7 6 4 4 6 10 11 18 16 14 14 7 5 6 6 5 4 4 4 3 4 4 4 5 3 5 7 4
805 477 570 565 416 387 405 880 555 475 465 480 805 426 255 195 177 161 118 84 80 116 123 82 65 49 46 41 43 39 46 36 34 32 31 28 3 3 4 4 4 4 4 4 6 14 21 109 49 20 15 9 6 5 5 7 9 9 7 6 6 5 7 6 5 5 12 5 4 6 7 10 11 19 20 20 12 7 8 8 6 4 4 4 3 3 3 4 6 5 7 8 9
693 455 447 473 450 396 419 649 609 529 383 392 410 293 248 183 142 121 96 86 85 101 110 77 53 52 46 63 59 40 40 37 32 40 33 24 4 4 4 4 3 4 3 4 5 8 11 24 39 24 17 12 7 6 6 9 8 10 7 6 5 5 4 5 5 5 5 4 4 4 6 9 15 21 37 23 21 20 11 10 7 7 7 5 6 4 7 5 5 5 7 6 7
330 387 414 402 455 413 399 455 448 385 301 281 252 175 209 174 133 106 131 126 97 121 84 79 61 52 49 66 64 39 38 35 35 34 31 8 4 4 5 3 3 4 3 4 5 6 10 16 30 24 17 14 10 9 8 9 7 7 6 5 5 5 5 5 5 4 4 4 5 5 8 8 12 21 25 20 44 26 16 12 7 6 5 8 4 4 6 7 7 8 10 8 8
349 381 412 400 425 464 452 431 365 281 229 172 205 161 204 134 156 120 148 107 95 90 81 93 71 52 51 47 53 39 39 35 34 36 25 4 4 3 3 4 3 3 3 3 5 5 11 14 20 23 20 15 12 10 9 8 7 7 6 5 5 5 7 6 5 4 5 9 5 10 12 9 10 12 20 25 30 29 31 18 11 10 7 7 4 4 8 7 6 9 11 10 11
418 458 388 408 424 542 498 397 349 264 216 174 181 154 184 121 120 111 117 99 101 97 79 78 96 56 52 49 52 40 39 34 34 37 27 4 4 4 3 4 3 3 3 3 5 5 6 13 12 21 21 15 14 14 13 10 10 8 6 6 5 6 14 8 5 4 6 7 6 8 16 13 16 15 24 30 43 38 48 27 23 12 8 6 5 5 5 8 12 10 10 13 13
542 378 401 383 477 616 474 358 253 194 221 214 158 133 150 152 205 146 106 97 111 125 79 71 73 64 52 50 46 44 38 35 37 38 24 4 4 5 3 3 3 3 4 4 3 5 4 8 11 15 21 21 18 17 16 13 9 7 5 6 6 5 7 6 5 4 4 6 10 13 12 13 26 21 22 28 31 55 75 39 51 20 11 9 6 7 6 9 12 16 15 12 9
1545 647 481 434 509 499 415 367 320 222 199 208 132 150 179 183 167 133 114 132 291 126 88 73 88 65 50 49 44 41 38 39 38 38 21 4 4 5 4 3 4 4 4 4 3 3 3 4 7 10 14 23 24 22 19 13 8 6 5 7 12 6 9 5 4 5 5 9 12 23 27 19 20 18 17 20 20 36 46 70 42 32 28 26 13 8 8 10 12 13 19 14 12
1320 887 649 538 569 461 387 340 281 269 211 199 175 177 182 173 136 146 127 140 195 137 112 99 78 67 54 53 47 45 40 40 39 40 23 4 4 4 4 4 3 3 3 3 3 3 3 3 3 6 9 15 19 27 21 15 11 8 6 7 7 7 12 8 4 4 5 10 22 30 31 18 14 18 15 15 13 27 29 47 32 47 43 27 27 18 9 8 10 12 19 39 23
4348 1701 863 772 669 479 397 307 256 201 183 168 192 178 180 194 165 155 136 156 150 134 95 124 121 69 59 56 56 51 42 42 43 43 25 4 4 4 4 4 4 5 3 3 3 3 3 3 3 5 8 10 15 28 32 22 17 9 6 6 6 5 6 12 6 5 6 13 30 23 16 12 13 14 9 10 10 15 20 30 34 56 79 42 42 21 19 10 10 15 15 27 35
3927 4797 2041 2116 909 536 407 281 259 267 230 198 186 181 194 194 179 165 160 161 151 120 128 132 113 73 66 66 79 74 65 49 57 49 50 6 5 5 6 5 4 4 3 3 3 3 3 3 4 5 5 9 10 22 46 27 18 11 8 7 6 6 6 7 6 5 6 12 19 19 12 9 8 10 7 9 10 9 20 19 21 25 48 46 36 30 31 17 10 14 17 15 16
3192 16832 28575 13871 1130 582 382 283 340 694 339 256 206 184 222 250 215 196 177 151 126 131 138 137 110 98 86 79 97 90 65 58 58 56 58 16 6 6 6 6 5 4 4 4 4 5 4 3 4 4 5 7 10 13 27 32 20 17 13 9 9 7 6 6 5 5 5 16 31 25 13 8 7 7 8 6 9 11 12 16 20 27 28 37 75 95 45 28 17 15 15 8 12
1674 6503 28915 16200 2012 644 377 288 336 772 535 287 231 256 325 395 437 228 221 221 203 151 156 149 124 151 126 128 88 86 67 59 60 70 68 38 6 6 7 6 6 5 5 4 4 4 5 4 4 4 5 8 10 15 22 37 33 39 38 14 11 10 7 6 5 5 6 14 28 16 12 8 7 8 7 5 5 6 9 8 10 12 16 23 39 194 88 46 20 16 9 8 12
1213 1438 1723 2568 1118 592 439 324 388 419 491 280 357 627 872 584 364 251 235 230 190 164 166 149 136 127 143 131 130 116 105 76 82 86 103 87 9 7 8 6 7 6 5 6 5 5 5 4 5 5 5 8 10 14 17 26 54 104 76 27 12 12 9 7 6 5 5 6 7 9 8 7 5 6 6 9 5 8 10 9 7 8 10 18 21 66 84 49 32 20 16 10 13
774 756 879 1443 2167 649 514 391 396 313 329 340 322 906 1184 506 355 299 229 293 238 180 155 185 176 182 155 142 123 128 126 103 101 114 122 144 34 10 10 8 9 7 7 8 8 7 5 6 7 9 7 8 10 12 15 23 40 134 133 35 17 12 11 9 7 6 7 6 6 10 7 5 4 6 7 10 8 6 8 10 10 9 10 13 13 27 40 87 55 37 28 20 14
626 566 615 716 1008 798 579 473 373 287 312 400 771 1013 1289 1306 682 392 315 315 269 213 185 161 214 217 209 175 158 152 120 135 105 118 107 136 60 10 11 10 10 10 9 7 7 6 8 7 8 7 8 8 7 11 14 19 31 149 327 84 30 24 18 12 8 7 6 5 6 6 6 4 4 7 8 7 6 6 6 8 10 7 10 8 8 14 27 53 85 40 39 27 23
