data/ago/ago_population_v2.asc
ncols         277
nrows         308
xllcorner     -540299.14387948
yllcorner     7980296.7276279
cellsize      5000
NODATA_value  -9999
[rows 82 to 122 of 308, columns 0 to 92 of 277]
-9999 -9999 -9999 -9999 -9999 -9999 -9999 -9999 -9999 -9999 -9999 -9999 -9999 -9999 -9999 -9999 -9999 -9999 -9999 -9999 -9999 -9999 -9999 -9999 -9999 -9999 -9999 -9999 -9999 -9999 -9999 -9999 -9999 -9999 -9999 138 94 95 69 105 89 49 30 21 23 22 22 22 21 21 90 93 93 114 90 100 202 351 229 165 158 223 268 165 106 104 88 86 124 57 51 100 42 80 256 640 121 244 78 68 132 193 309 380 387 315 320 571 297 295 300 368 414
-9999 -9999 -9999 -9999 -9999 -9999 -9999 -9999 -9999 -9999 -9999 -9999 -9999 -9999 -9999 -9999 -9999 -9999 -9999 -9999 -9999 -9999 -9999 -9999 -9999 -9999 -9999 -9999 -9999 -9999 -9999 -9999 -9999 -9999 -9999 -9999 65 63 71 82 78 50 44 28 27 28 22 23 30 39 103 120 114 125 123 143 229 229 388 222 171 262 442 322 197 270 226 141 292 124 58 50 46 63 363 317 92 101 66 78 142 262 273 501 246 225 193 310 394 593 280 124 173
-9999 -9999 -9999 -9999 -9999 -9999 -9999 -9999 -9999 -9999 -9999 -9999 -9999 -9999 -9999 -9999 -9999 -9999 -9999 -9999 -9999 -9999 -9999 -9999 -9999 -9999 -9999 -9999 -9999 -9999 -9999 -9999 -9999 -9999 -9999 -9999 43 75 103 105 106 84 60 34 39 47 44 42 57 64 51 55 88 136 153 239 233 262 198 314 278 230 291 271 569 296 339 241 116 98 124 69 93 154 399 141 71 43 54 97 119 197 260 372 217 234 270 389 348 228 132 155 92
-9999 -9999 -9999 -9999 -9999 -9999 -9999 -9999 -9999 -9999 -9999 -9999 -9999 -9999 -9999 -9999 -9999 -9999 -9999 -9999 -9999 -9999 -9999 -9999 -9999 -9999 -9999 -9999 -9999 -9999 -9999 -9999 -9999 -9999 -9999 -9999 -9999 88 143 173 189 171 72 39 37 43 45 48 47 49 51 72 91 132 171 480 562 339 113 161 310 531 645 336 262 136 109 98 75 132 237 96 121 170 123 93 48 38 42 75 201 272 225 1026 1073 320 468 433 234 118 123 107 87
-9999 -9999 -9999 -9999 -9999 -9999 -9999 -9999 -9999 -9999 -9999 -9999 -9999 -9999 -9999 -9999 -9999 -9999 -9999 -9999 -9999 -9999 -9999 -9999 -9999 -9999 -9999 -9999 -9999 -9999 -9999 -9999 -9999 -9999 -9999 -9999 -9999 177 262 525 415 157 76 39 30 39 43 45 56 73 88 94 108 134 343 386 474 203 121 97 186 251 378 436 311 205 113 101 78 270 165 133 310 216 94 211 117 57 35 47 128 218 264 1726 1247 323 278 180 146 108 108 115 84
-9999 -9999 -9999 -9999 -9999 -9999 -9999 -9999 -9999 -9999 -9999 -9999 -9999 -9999 -9999 -9999 -9999 -9999 -9999 -9999 -9999 -9999 -9999 -9999 -9999 -9999 -9999 -9999 -9999 -9999 -9999 -9999 -9999 -9999 -9999 -9999 -9999 -9999 257 386 312 184 76 56 39 39 51 70 100 137 134 128 245 570 1429 431 269 193 116 138 227 223 265 165 167 381 139 88 56 128 171 421 425 155 57 90 60 42 41 68 135 248 705 782 611 277 226 320 194 150 107 195 101
-9999 -9999 -9999 -9999 -9999 -9999 -9999 -9999 -9999 -9999 -9999 -9999 -9999 -9999 -9999 -9999 -9999 -9999 -9999 -9999 -9999 -9999 -9999 -9999 -9999 -9999 -9999 -9999 -9999 -9999 -9999 -9999 -9999 -9999 -9999 -9999 -9999 -9999 243 217 181 270 205 128 47 42 85 103 195 234 242 251 416 525 379 246 187 146 101 136 221 214 300 209 127 325 354 114 85 141 384 738 204 214 87 75 53 60 61 91 107 388 500 466 310 397 271 370 110 107 169 136 119
-9999 -9999 -9999 -9999 -9999 -9999 -9999 -9999 -9999 -9999 -9999 -9999 -9999 -9999 -9999 -9999 -9999 -9999 -9999 -9999 -9999 -9999 -9999 -9999 -9999 -9999 -9999 -9999 -9999 -9999 -9999 -9999 -9999 -9999 -9999 -9999 -9999 -9999 -9999 453 273 431 279 186 107 64 99 148 372 457 428 183 213 138 72 76 136 111 109 113 155 172 138 145 148 265 235 165 126 348 479 379 211 357 151 152 114 144 119 77 216 354 287 546 313 297 208 192 241 195 137 226 116
-9999 -9999 -9999 -9999 -9999 -9999 -9999 -9999 -9999 -9999 -9999 -9999 -9999 -9999 -9999 -9999 -9999 -9999 -9999 -9999 -9999 -9999 -9999 -9999 -9999 -9999 -9999 -9999 -9999 -9999 -9999 -9999 -9999 -9999 -9999 -9999 -9999 -9999 -9999 -9999 576 991 795 290 155 96 115 231 328 248 112 88 100 78 47 43 56 88 117 112 122 155 138 169 185 219 340 321 213 247 234 172 277 202 139 207 173 149 260 194 167 380 615 536 252 523 311 229 395 188 148 193 235
-9999 -9999 -9999 -9999 -9999 -9999 -9999 -9999 -9999 -9999 -9999 -9999 -9999 -9999 -9999 -9999 -9999 -9999 -9999 -9999 -9999 -9999 -9999 -9999 -9999 -9999 -9999 -9999 -9999 -9999 -9999 -9999 -9999 -9999 -9999 -9999 -9999 -9999 -9999 -9999 1570 1350 871 617 353 146 177 416 246 140 89 55 49 43 37 39 41 108 110 149 143 190 178 193 198 444 755 584 380 378 326 387 246 194 276 182 255 205 284 274 518 466 708 871 402 378 463 365 316 448 341 193 181
-9999 -9999 -9999 -9999 -9999 -9999 -9999 -9999 -9999 -9999 -9999 -9999 -9999 -9999 -9999 -9999 -9999 -9999 -9999 -9999 -9999 -9999 -9999 -9999 -9999 -9999 -9999 -9999 -9999 -9999 -9999 -9999 -9999 -9999 -9999 -9999 -9999 -9999 -9999 -9999 969 513 341 286 310 287 242 375 239 130 99 75 71 79 75 44 40 83 103 161 171 168 196 199 324 653 836 722 416 568 549 605 226 185 581 206 66 101 88 82 236 972 514 304 406 239 343 275 677 467 366 127 191
-9999 -9999 -9999 -9999 -9999 -9999 -9999 -9999 -9999 -9999 -9999 -9999 -9999 -9999 -9999 -9999 -9999 -9999 -9999 -9999 -9999 -9999 -9999 -9999 -9999 -9999 -9999 -9999 -9999 -9999 -9999 -9999 -9999 -9999 -9999 -9999 -9999 -9999 -9999 1471 1220 507 407 277 239 922 2192 1026 285 205 180 167 151 163 136 96 69 63 78 118 180 202 240 368 579 639 1183 738 494 462 546 554 205 258 634 408 84 112 54 35 58 971 1340 482 503 192 144 194 193 160 414 169 85
-9999 -9999 -9999 -9999 -9999 -9999 -9999 -9999 -9999 -9999 -9999 -9999 -9999 -9999 -9999 -9999 -9999 -9999 -9999 -9999 -9999 -9999 -9999 -9999 -9999 -9999 -9999 -9999 -9999 -9999 -9999 -9999 -9999 -9999 -9999 -9999 -9999 -9999 -9999 1219 3379 1170 845 832 889 3327 10626 4446 1404 458 364 484 251 223 138 91 86 73 66 86 235 287 268 329 233 459 426 344 346 285 300 271 183 177 501 251 170 107 51 60 96 650 418 320 232 228 154 114 176 97 146 232 90
-9999 -9999 -9999 -9999 -9999 -9999 -9999 -9999 -9999 -9999 -9999 -9999 -9999 -9999 -9999 -9999 -9999 -9999 -9999 -9999 -9999 -9999 -9999 -9999 -9999 -9999 -9999 -9999 -9999 -9999 -9999 -9999 -9999 -9999 -9999 -9999 -9999 -9999 -9999 -9999 4102 2378 2455 6680 9755 13340 12430 2523 395 326 329 481 499 379 128 142 108 105 142 109 111 230 201 126 158 248 151 195 307 305 281 227 101 142 361 132 151 187 187 97 166 78 49 217 165 253 126 241 130 119 126 354 126
-9999 -9999 -9999 -9999 -9999 -9999 -9999 -9999 -9999 -9999 -9999 -9999 -9999 -9999 -9999 -9999 -9999 -9999 -9999 -9999 -9999 -9999 -9999 -9999 -9999 -9999 -9999 -9999 -9999 -9999 -9999 -9999 -9999 -9999 -9999 -9999 -9999 -9999 -9999 -9999 4050 2996 7400 6168 4690 2882 896 495 343 205 136 201 392 398 277 233 151 196 122 96 49 128 245 159 165 174 151 107 98 278 213 330 273 155 126 62 68 82 286 194 103 59 37 125 334 224 149 206 243 161 86 104 232
-9999 -9999 -9999 -9999 -9999 -9999 -9999 -9999 -9999 -9999 -9999 -9999 -9999 -9999 -9999 -9999 -9999 -9999 -9999 -9999 -9999 -9999 -9999 -9999 -9999 -9999 -9999 -9999 -9999 -9999 -9999 -9999 -9999 -9999 -9999 -9999 -9999 -9999 -9999 -9999 19408 92365 46652 8704 871 346 292 235 195 159 97 91 126 153 127 75 89 108 71 49 40 50 171 307 193 148 163 108 136 223 252 354 339 124 71 51 94 103 276 326 168 116 143 326 383 342 170 140 109 136 101 57 131
-9999 -9999 -9999 -9999 -9999 -9999 -9999 -9999 -9999 -9999 -9999 -9999 -9999 -9999 -9999 -9999 -9999 -9999 -9999 -9999 -9999 -9999 -9999 -9999 -9999 -9999 -9999 -9999 -9999 -9999 -9999 -9999 -9999 -9999 -9999 -9999 -9999 -9999 -9999 -9999 55824 95075 29240 9384 622 236 162 120 97 93 77 65 70 80 70 75 65 50 43 37 34 33 113 198 135 107 125 108 131 143 208 220 138 91 39 59 77 97 243 415 225 117 78 143 956 622 144 95 77 76 68 53 75
-9999 -9999 -9999 -9999 -9999 -9999 -9999 -9999 -9999 -9999 -9999 -9999 -9999 -9999 -9999 -9999 -9999 -9999 -9999 -9999 -9999 -9999 -9999 -9999 -9999 -9999 -9999 -9999 -9999 -9999 -9999 -9999 -9999 -9999 -9999 -9999 -9999 -9999 -9999 -9999 221942 125559 27439 11174 2931 504 224 136 108 73 75 58 55 67 55 56 53 36 31 29 28 56 117 121 149 113 107 93 100 150 112 110 107 59 45 66 94 96 137 96 167 52 57 82 355 359 107 127 87 94 107 61 74
-9999 -9999 -9999 -9999 -9999 -9999 -9999 -9999 -9999 -9999 -9999 -9999 -9999 -9999 -9999 -9999 -9999 -9999 -9999 -9999 -9999 -9999 -9999 -9999 -9999 -9999 -9999 -9999 -9999 -9999 -9999 -9999 -9999 -9999 -9999 -9999 581620 1177176 1053081 241003 176482 76320 78283 31799 13964 1909 589 191 121 82 83 74 56 44 39 46 37 34 32 30 42 99 104 122 163 121 117 101 81 76 60 68 54 50 58 60 103 128 105 78 97 39 63 93 171 119 101 131 59 86 181 84 116
-9999 -9999 -9999 -9999 -9999 -9999 -9999 -9999 -9999 -9999 -9999 -9999 -9999 -9999 -9999 -9999 -9999 -9999 -9999 -9999 -9999 -9999 -9999 -9999 -9999 -9999 -9999 -9999 -9999 -9999 -9999 -9999 -9999 -9999 -9999 21503 899163 1236958 822605 328642 174724 77696 56386 62127 44897 7690 648 237 136 142 103 77 52 48 49 36 35 39 32 30 30 43 100 105 107 68 41 46 46 90 69 43 42 46 43 51 58 133 155 68 49 58 114 105 104 54 83 63 45 117 114 268 269
-9999 -9999 -9999 -9999 -9999 -9999 -9999 -9999 -9999 -9999 -9999 -9999 -9999 -9999 -9999 -9999 -9999 -9999 -9999 -9999 -9999 -9999 -9999 -9999 -9999 -9999 -9999 -9999 -9999 -9999 -9999 -9999 -9999 -9999 34859 282407 757638 551334 293376 436701 326678 150802 130626 18126 4732 2052 3372 452 250 174 161 111 58 49 39 40 30 30 28 26 26 27 39 74 59 59 59 49 64 166 98 62 48 65 94 122 78 90 61 55 37 68 128 261 152 50 75 64 51 69 212 201 191
-9999 -9999 -9999 -9999 -9999 -9999 -9999 -9999 -9999 -9999 -9999 -9999 -9999 -9999 -9999 -9999 -9999 -9999 -9999 -9999 -9999 -9999 -9999 -9999 -9999 -9999 -9999 -9999 -9999 -9999 -9999 -9999 -9999 40687 40073 241506 441270 202197 163785 291438 256023 197961 93523 9992 3365 5165 4903 749 445 434 139 128 18 30 10 37 40 30 30 24 24 26 38 48 50 55 85 78 141 194 114 80 63 59 136 170 153 68 62 57 88 137 219 91 103 88 102 80 92 55 92 128 390
-9999 -9999 -9999 -9999 -9999 -9999 -9999 -9999 -9999 -9999 -9999 -9999 -9999 -9999 -9999 -9999 -9999 -9999 -9999 -9999 -9999 -9999 -9999 -9999 -9999 -9999 -9999 -9999 -9999 -9999 -9999 -9999 14930 40477 148726 192794 132890 119494 105584 176980 195247 123546 61936 5741 2858 3599 4484 1355 493 339 200 163 77 39 79 81 70 33 30 26 26 27 42 53 74 68 85 115 158 336 194 98 126 75 104 158 68 58 53 87 97 154 165 68 77 64 73 81 71 120 129 287 329
-9999 -9999 -9999 -9999 -9999 -9999 -9999 -9999 -9999 -9999 -9999 -9999 -9999 -9999 -9999 -9999 -9999 -9999 -9999 -9999 -9999 -9999 -9999 -9999 -9999 -9999 -9999 -9999 -9999 -9999 -9999 -9999 6140 85243 71987 42525 51603 44295 42781 41344 131419 54640 8260 5252 7477 3036 3370 4196 882 269 199 165 139 116 71 75 74 47 30 28 30 32 51 69 94 90 88 129 162 495 224 239 175 259 122 87 108 59 68 76 93 175 163 65 59 57 94 69 50 97 188 247 395
-9999 -9999 -9999 -9999 -9999 -9999 -9999 -9999 -9999 -9999 -9999 -9999 -9999 -9999 -9999 -9999 -9999 -9999 -9999 -9999 -9999 -9999 -9999 -9999 -9999 -9999 -9999 -9999 -9999 -9999 -9999 12110 44682 31922 22728 19325 14125 12753 20191 31669 88644 56354 3896 2657 4515 5716 5487 4840 529 314 254 230 210 154 119 71 68 55 41 41 52 49 59 104 106 107 89 107 199 435 910 618 396 211 285 173 169 136 76 93 124 159 61 56 53 55 59 68 52 69 177 132 260
-9999 -9999 -9999 -9999 -9999 -9999 -9999 -9999 -9999 -9999 -9999 -9999 -9999 -9999 -9999 -9999 -9999 -9999 -9999 -9999 -9999 -9999 -9999 -9999 -9999 -9999 -9999 -9999 -9999 -9999 -9999 -9999 22612 6242 4586 5564 6598 12880 19380 24478 39615 40224 4606 3673 5059 4364 7010 4555 947 1424 826 468 336 191 146 117 114 112 74 60 87 66 84 113 124 149 168 290 865 390 2206 1834 552 293 691 830 660 415 164 156 159 118 136 115 98 107 142 134 89 214 243 203 326
-9999 -9999 -9999 -9999 -9999 -9999 -9999 -9999 -9999 -9999 -9999 -9999 -9999 -9999 -9999 -9999 -9999 -9999 -9999 -9999 -9999 -9999 -9999 -9999 -9999 -9999 -9999 -9999 -9999 -9999 -9999 -9999 12558 4945 2160 3270 6824 8950 2391 15824 21178 13171 4770 3998 4430 943 2428 896 415 927 1507 399 293 245 180 164 179 278 194 161 148 168 144 168 200 139 527 812 958 377 244 200 394 515 339 1442 1035 982 171 113 222 388 163 159 155 150 117 129 87 141 117 253 371
-9999 -9999 -9999 -9999 -9999 -9999 -9999 -9999 -9999 -9999 -9999 -9999 -9999 -9999 -9999 -9999 -9999 -9999 -9999 -9999 -9999 -9999 -9999 -9999 -9999 -9999 -9999 -9999 -9999 -9999 -9999 -9999 -9999 4558 2945 4432 3280 425 291 245 281 279 267 252 213 223 997 1202 687 393 393 249 181 167 254 300 346 455 416 419 134 129 99 242 228 223 394 425 1360 913 695 1311 1275 2095 1333 1645 2343 930 239 349 535 2660 384 393 266 175 146 95 66 68 136 284 301
-9999 -9999 -9999 -9999 -9999 -9999 -9999 -9999 -9999 -9999 -9999 -9999 -9999 -9999 -9999 -9999 -9999 -9999 -9999 -9999 -9999 -9999 -9999 -9999 -9999 -9999 -9999 -9999 -9999 -9999 -9999 -9999 -9999 -9999 6288 5349 1925 241 169 138 135 151 140 117 90 80 180 610 1615 493 385 218 129 118 162 250 363 314 401 259 208 75 99 213 201 213 280 306 602 412 582 1297 3165 11675 19844 3344 4854 2549 537 523 737 3244 628 321 175 228 116 115 68 57 73 149 218
-9999 -9999 -9999 -9999 -9999 -9999 -9999 -9999 -9999 -9999 -9999 -9999 -9999 -9999 -9999 -9999 -9999 -9999 -9999 -9999 -9999 -9999 -9999 -9999 -9999 -9999 -9999 -9999 -9999 -9999 -9999 -9999 -9999 -9999 -9999 11830 913 251 145 100 80 77 90 92 103 82 135 293 608 280 278 234 96 106 135 164 159 149 230 310 209 79 59 158 161 169 175 200 225 267 544 2055 2071 9228 9891 1783 1051 793 238 184 276 316 280 289 270 269 331 177 121 218 136 97 212
-9999 -9999 -9999 -9999 -9999 -9999 -9999 -9999 -9999 -9999 -9999 -9999 -9999 -9999 -9999 -9999 -9999 -9999 -9999 -9999 -9999 -9999 -9999 -9999 -9999 -9999 -9999 -9999 -9999 -9999 -9999 -9999 -9999 -9999 -9999 8320 769 264 143 78 58 54 60 103 114 73 89 139 163 116 141 200 134 101 101 115 133 107 97 150 137 95 63 220 209 197 173 205 407 410 571 835 904 918 915 529 560 568 439 159 183 165 160 134 123 192 475 369 286 582 460 265 1003
-9999 -9999 -9999 -9999 -9999 -9999 -9999 -9999 -9999 -9999 -9999 -9999 -9999 -9999 -9999 -9999 -9999 -9999 -9999 -9999 -9999 -9999 -9999 -9999 -9999 -9999 -9999 -9999 -9999 -9999 -9999 -9999 -9999 -9999 -9999 -9999 405 170 106 70 49 40 49 90 96 70 71 69 82 88 89 134 191 328 130 78 87 80 74 106 221 131 199 512 277 262 279 328 334 535 1714 835 452 386 486 460 429 417 445 344 121 89 91 67 71 81 105 154 129 391 312 1149 4583
-9999 -9999 -9999 -9999 -9999 -9999 -9999 -9999 -9999 -9999 -9999 -9999 -9999 -9999 -9999 -9999 -9999 -9999 -9999 -9999 -9999 -9999 -9999 -9999 -9999 -9999 -9999 -9999 -9999 -9999 -9999 -9999 -9999 -9999 -9999 -9999 299 157 146 66 36 29 42 47 57 78 66 51 45 50 93 109 283 366 216 129 90 86 83 97 192 268 380 378 126 92 109 124 150 294 370 184 124 88 56 63 138 228 204 262 104 59 57 51 53 69 86 121 82 104 108 233 528
-9999 -9999 -9999 -9999 -9999 -9999 -9999 -9999 -9999 -9999 -9999 -9999 -9999 -9999 -9999 -9999 -9999 -9999 -9999 -9999 -9999 -9999 -9999 -9999 -9999 -9999 -9999 -9999 -9999 -9999 -9999 -9999 -9999 -9999 -9999 -9999 377 187 155 64 50 50 48 87 55 78 91 65 41 44 79 149 246 420 334 233 125 49 124 134 172 558 997 335 137 95 105 113 205 286 116 115 75 61 59 49 51 43 61 85 62 65 59 73 60 117 109 99 69 78 70 102 126
-9999 -9999 -9999 -9999 -9999 -9999 -9999 -9999 -9999 -9999 -9999 -9999 -9999 -9999 -9999 -9999 -9999 -9999 -9999 -9999 -9999 -9999 -9999 -9999 -9999 -9999 -9999 -9999 -9999 -9999 -9999 -9999 -9999 -9999 -9999 -9999 512 403 125 75 64 57 45 66 90 60 90 78 57 62 71 147 248 339 270 187 96 117 109 155 244 482 938 383 140 97 152 158 252 119 96 96 100 108 89 82 64 60 58 65 85 89 76 82 63 83 90 87 80 82 90 286 503
-9999 -9999 -9999 -9999 -9999 -9999 -9999 -9999 -9999 -9999 -9999 -9999 -9999 -9999 -9999 -9999 -9999 -9999 -9999 -9999 -9999 -9999 -9999 -9999 -9999 -9999 -9999 -9999 -9999 -9999 -9999 -9999 -9999 -9999 -9999 -9999 932 439 165 93 69 69 60 81 190 87 88 95 70 55 68 107 135 145 203 211 84 159 132 183 194 274 547 416 224 228 310 204 112 134 115 115 117 132 136 121 117 142 95 70 117 130 130 71 74 93 89 103 166 206 372 417 216
-9999 -9999 -9999 -9999 -9999 -9999 -9999 -9999 -9999 -9999 -9999 -9999 -9999 -9999 -9999 -9999 -9999 -9999 -9999 -9999 -9999 -9999 -9999 -9999 -9999 -9999 -9999 -9999 -9999 -9999 -9999 -9999 -9999 -9999 -9999 -9999 -9999 688 351 160 78 79 64 54 76 74 76 65 67 60 68 71 68 75 117 212 79 113 193 177 220 323 697 3062 1033 544 218 165 131 140 138 162 328 215 182 145 170 174 136 202 212 178 144 109 134 113 120 404 355 289 169 246 166
-9999 -9999 -9999 -9999 -9999 -9999 -9999 -9999 -9999 -9999 -9999 -9999 -9999 -9999 -9999 -9999 -9999 -9999 -9999 -9999 -9999 -9999 -9999 -9999 -9999 -9999 -9999 -9999 -9999 -9999 -9999 -9999 -9999 -9999 -9999 -9999 -9999 2163 647 202 88 68 71 50 57 57 55 41 56 55 54 47 35 37 50 60 55 75 78 100 196 290 2116 8837 6265 1385 381 243 369 474 352 362 281 169 136 180 257 256 653 757 797 438 230 253 319 174 173 313 193 124 92 137 127
-9999 -9999 -9999 -9999 -9999 -9999 -9999 -9999 -9999 -9999 -9999 -9999 -9999 -9999 -9999 -9999 -9999 -9999 -9999 -9999 -9999 -9999 -9999 -9999 -9999 -9999 -9999 -9999 -9999 -9999 -9999 -9999 -9999 -9999 -9999 -9999 816 1035 210 164 88 78 60 49 44 40 34 41 69 55 48 46 40 36 28 33 35 44 49 66 114 174 348 878 2586 2583 296 146 199 278 268 478 577 329 277 191 204 522 1819 2172 423 248 204 190 292 658 996 156 107 103 87 88 103
-9999 -9999 -9999 -9999 -9999 -9999 -9999 -9999 -9999 -9999 -9999 -9999 -9999 -9999 -9999 -9999 -9999 -9999 -9999 -9999 -9999 -9999 -9999 -9999 -9999 -9999 -9999 -9999 -9999 -9999 -9999 -9999 -9999 -9999 -9999 -9999 -9999 283 199 95 102 67 56 41 33 24 26 32 51 39 32 30 24 25 24 24 28 20 29 40 53 79 128 155 1019 1566 397 338 264 371 416 513 417 337 282 266 197 328 372 662 302 149 234 146 152 759 1709 77 111 93 98 82 88
-9999 -9999 -9999 -9999 -9999 -9999 -9999 -9999 -9999 -9999 -9999 -9999 -9999 -9999 -9999 -9999 -9999 -9999 -9999 -9999 -9999 -9999 -9999 -9999 -9999 -9999 -9999 -9999 -9999 -9999 -9999 -9999 -9999 -9999 -9999 -9999 -9999 -9999 310 130 107 69 50 30 19 17 23 24 25 23 19 18 18 20 24 23 22 19 22 33 39 39 56 62 118 200 234 496 347 334 345 438 598 767 258 208 228 195 110 214 194 178 351 246 249 302 347 245 162 132 134 127 113
