data/ago/ago_beta.asc
ncols	277
nrows	308
xllcorner	-540299.14387948
yllcorner	7980296.7276279
cellsize	5000.0
NODATA_value	-9999
[rows 240 to 259 of 308, columns 135 to 179 of 277]
0.07898971569961992 0.06718506018618745 0.06999153638978643 0.06231234663986329 0.07520487144081098 0.0757653358960462 0.12524608981197025 0.1560294367549598 0.15658808206782576 0.15879187180010693 0.32590241913082496 0.0 0.0 0.0 0.0 0.0 0.0 0.33772754602647387 0.0 0.0 0.3470130894610655 0.13727698671138122 0.13439741332976943 0.15005179411592598 0.1074972416922807 0.3928189402060724 0.30355943284904785 0.0 0.3442547371808365 0.3237090810030523 0.14707338321737848 0.1465853879026553 0.11673442735429926 0.06238598347093808 0.056476316095840765 0.06737159610875175 0.08994023972482977 0.11537013223568653 0.14825991692757548 0.3133814351552548 0.15085590375923133 0.18405768841407538 0.1825019282158668 0.364246898519185 0.34227944399042964
0.08125762247609937 0.07739771736286162 0.07428855108982339 0.06661234320086001 0.09360797180400901 0.07810103993573793 0.12274014774509633 0.15112167301986737 0.14124315737622728 0.15010854827170184 0.14201359714941675 0.0 0.0 0.0 0.0 0.0 0.0 0.0 0.0 0.0 0.33635491649086546 0.34172003993461586 0.13537691283541417 0.1438041802348006 0.11203069780667338 0.16298183269942235 0.29504359524462764 0.15865752220061366 0.0 0.0 0.14183920087062452 0.14453186857899744 0.11749476229356137 0.07456225298673062 0.06979564364260414 0.08596333812948483 0.10793414130174823 0.10080871070348531 0.1397201129076843 0.14961187087114663 0.16544957445632485 0.41357552953578786 0.4256782467711957 0.410820428679964 0.14817404100437517
0.07294717208787915 0.0714764539523914 0.07140867681894787 0.06869773744182937 0.07994540340382028 0.07877358548078574 0.11766472009934706 0.15050005403954791 0.1466377873259669 0.14639370443802555 0.1636089487132282 0.3327771217037618 0.0 0.0 0.0 0.0 0.0 0.0 0.0 0.0 0.0 0.3270061788867219 0.14759012826824072 0.1396023662656248 0.15202930751870675 0.1075277044399007 0.1316490871079178 0.3619345857100518 0.30028376172377363 0.3155270401518198 0.15745735359739732 0.15566405537983827 0.09503996479620527 0.09733768546563741 0.08522600015671292 0.11318756640608758 0.11177694238674506 0.10934144739554688 0.14424087881815242 0.16224730789928188 0.17386705999303353 0.0 0.0 0.0 0.0
0.0746678071133158 0.07864170210791645 0.06688818237103748 0.08006871852326206 0.08204439907731684 0.09709231555136766 0.16023020777113192 0.14950443776068978 0.1067264714800459 0.13886885234049284 0.14268928067301442 0.14598767582730351 0.0 0.0 0.0 0.0 0.0 0.0 0.0 0.0 0.0 0.2969455035383858 0.33988686563642323 0.14197070565197392 0.15294836620008967 0.1028524067291436 0.13416276222552392 0.33717658452508054 0.0 0.3183039768171596 0.14062787600643376 0.11182502232881147 0.16089715201545637 0.13282434895972886 0.0922919128190516 0.10800283115894632 0.15503059270374506 0.16134555307723633 0.36592732462159944 0.0 0.0 0.0 0.0 0.0 0.0
0.06898702643080643 0.06315357443805152 0.06248114017157332 0.056610472236564 0.07898258635442677 0.1007932287997957 0.15830626052866684 0.14894945831525078 0.1452594854618667 0.13961649132196602 0.136593410334523 0.15068825739876826 0.3369720818403431 0.0 0.0 0.0 0.0 0.0 0.0 0.33686148745863537 0.3355209815176906 0.0 0.0 0.1469936433339834 0.1379045960273363 0.14361690027351706 0.13350801044037883 0.3298526066777321 0.3160167378117361 0.31490850883206306 0.2943936692335259 0.10698440070770272 0.15555256127606026 0.1718231659541028 0.12257779887679666 0.1497463749688307 0.3439314366012872 0.0 0.0 0.0 0.0 0.0 0.0 0.0 0.0
0.07685673831129149 0.05749392860905391 0.06942293369869809 0.05647261691163505 0.0766278376757805 0.10162387152446946 0.0981524095177535 0.1445234929601361 0.11393220201662774 0.1648387479446747 0.15953088521806033 0.14397962388952015 0.10893715442365551 0.0 0.0 0.0 0.0 0.0 0.3291941308535202 0.0 0.3375860547234854 0.0 0.3317572859654817 0.33279271521797044 0.13596113881583122 0.11881909075045703 0.13266997589549007 0.3449025729012272 0.3305084740574159 0.1334471037523382 0.14059068752375944 0.13298982785997884 0.10357881101834011 0.15233006886312303 0.15046557942644365 0.15164325734712936 0.3119198904928229 0.0 0.0 0.0 0.0 0.0 0.0 0.0 0.0
0.0712895151848453 0.06563221451696252 0.06505542161560027 0.0714232276598238 0.07806619628682618 0.11556924798867546 0.1667346064220351 0.1619007815336407 0.1518130305451705 0.14809576414387915 0.15534255557142393 0.15139691452070647 0.14443762703403204 0.0 0.0 0.0 0.0 0.0 0.0 0.0 0.3207228884210067 0.3125453465701943 0.3305822003582923 0.13906670603851834 0.1363254031928406 0.13287163309815614 0.304478585714679 0.3340572782705564 0.0 0.34625073343375357 0.15343648802622803 0.14028153775192576 0.11162699883640682 0.11244280102104294 0.1160247564056277 0.38116270111290584 0.3725549432178861 0.0 0.0 0.0 0.0 0.0 0.0 0.0 0.0
0.06324019398094849 0.0640214001923147 0.06645577406883536 0.06347803981118055 0.08209245657494312 0.10868507291168703 0.16713154672842348 0.11673120528201321 0.15130973456176286 0.14372775556029807 0.10907587127733642 0.15394857876708798 0.14099575418483812 0.34752744540923813 0.0 0.0 0.0 0.0 0.0 0.0 0.3154696139656782 0.34333938800473884 0.1467084903160132 0.1085251491495467 0.11354522839994358 0.0934519083354011 0.3323725197601998 0.0 0.0 0.31574532067403355 0.14520169158859966 0.13226280068589916 0.15285289536949384 0.1421568491157737 0.1443605518183006 0.3027325388436412 0.0 0.0 0.0 0.0 0.0 0.0 0.0 0.0 0.0
0.06155682500005364 0.06216781709758531 0.06505609787443371 0.0688102882176893 0.07197081115102466 0.10440210623844783 0.15827982164209167 0.11864696204892076 0.11877292307316484 0.12045553342135784 0.13885570073337328 0.1547979669116178 0.1452004290656193 0.13945521217301118 0.0 0.0 0.0 0.0 0.30722340934683523 0.2932468419122163 0.31026194631371146 0.13354129377980162 0.111599681900647 0.11463938842852352 0.08435545167777715 0.09424535319658753 0.1537725655554235 0.32613686103078054 0.3106603017958036 0.3123209792584778 0.1301566912780167 0.12816825167226684 0.15108697466333024 0.3225143658914705 0.2987888346980155 0.31569462824759753 0.0 0.0 0.0 0.0 0.0 0.0 0.0 0.0 0.0
0.06958679612602832 0.07646406441041388 0.09320393621145118 0.08015451837559777 0.09254422835884851 0.08810639270133865 0.11637613985916372 0.10943259342728709 0.11117709296500376 0.12212078350797011 0.13879705722410263 0.34741033417753703 0.15567266406470176 0.14621156730738705 0.0 0.0 0.0 0.0 0.0 0.3011647783238305 0.14226254717320208 0.0991463481328506 0.10810022157226432 0.10469948295854911 0.07653100928470463 0.14447875939225457 0.369475156771236 0.3091775771300798 0.3098738506283591 0.29491670887087207 0.12874469187534685 0.13003288338024022 0.11633192720820508 0.13999398984263184 0.14172588802609354 0.37916465616089307 0.0 0.0 0.0 0.0 0.0 0.0 0.0 0.0 0.0
0.059643347976586505 0.06620354694418383 0.06960128829483268 0.08594235739709946 0.10236518272461391 0.10839442706377585 0.112655041507185 0.12024466035601526 0.08940614386311453 0.12933726362035014 0.3462024070431965 0.3391091575891998 0.11982226010686044 0.14940930411262207 0.3104139552631579 0.0 0.0 0.0 0.0 0.34987383650425263 0.1567271301761818 0.11518024425388984 0.0860059575827035 0.06237846413569858 0.09826367224114589 0.15654773608290207 0.3333824341235857 0.33645828213920553 0.0 0.3100509027635631 0.12959152635133211 0.14979638048244287 0.11237052311558704 0.13798518288614084 0.1377447586738396 0.32777335066156604 0.36321133240319026 0.0 0.0 0.0 0.0 0.0 0.0 0.0 0.0
0.05875063330422185 0.06042736315337591 0.08202430060503942 0.11566823662472792 0.1111798010801349 0.10584707163126628 0.08962579162143103 0.12143038786408428 0.09636812227002865 0.11653600116722179 0.1204545678893777 0.13447283282006436 0.12077487804262035 0.11608403274271865 0.1361217283625304 0.0 0.0 0.0 0.0 0.3400001146926753 0.16008867126038182 0.08928820305287555 0.04885256946827921 0.06492246550495229 0.15843599025478208 0.3815148803849335 0.37953039985418213 0.403152634975137 0.0 0.3468017689005286 0.1430315312503589 0.13378153852522434 0.11350907364012307 0.14024291963452495 0.13847776757534208 0.31827306999836547 0.0 0.0 0.0 0.0 0.0 0.0 0.0 0.0 0.0
0.057235246610065925 0.05966751984544536 0.08603130372035867 0.07239435525263767 0.09733712472066607 0.11972862566557751 0.09202698856473954 0.11859512751061398 0.08872743072508851 0.12581383413410507 0.10473499455079306 0.13031980400390303 0.1047384935020419 0.12125464844148919 0.13568726471523893 0.0 0.0 0.0 0.3004005427566322 0.3207589377344541 0.16077770525613957 0.0913754396329216 0.0662920209937143 0.08340378287983753 0.16446523400026383 0.37065498906310834 0.0 0.3868554662343722 0.0 0.36367802770567514 0.3442151349850265 0.3148518449947449 0.11043433709865606 0.13989747028714533 0.3118035798703624 0.0 0.0 0.0 0.0 0.0 0.0 0.0 0.0 0.0 0.0
0.061155321832657816 0.05573672057623834 0.07660125256207043 0.07553586934982348 0.09823407237053143 0.10398914830604761 0.09853289844167061 0.08632598887562176 0.08905288165409787 0.10904503819516455 0.1132777499171893 0.113675711444916 0.10775898617645714 0.0901432442279771 0.13040438082977426 0.0 0.0 0.0 0.0 0.305886015274588 0.15250460076814773 0.1204405677778499 0.08128827196229672 0.10439521671644052 0.15201426872408377 0.3454473165211203 0.0 0.0 0.0 0.36696388905992 0.36537417990519255 0.15196673076223788 0.11456677543170501 0.30258545988828517 0.3224852792248488 0.0 0.0 0.0 0.0 0.0 0.0 0.0 0.0 0.0 0.0
0.06814709982712637 0.05413641646057542 0.06545984202270895 0.07591181517702597 0.12101488170022823 0.08861404037631337 0.09637718138648489 0.11410546812130755 0.11230216738115148 0.10960190423583126 0.11916256325149693 0.10724077859436652 0.1147722926751012 0.10875887471380499 0.1279938587558148 0.35188177620586625 0.0 0.0 0.0 0.33775671418105396 0.09956657459547079 0.10761081408801416 0.09998462825235692 0.07583451783409133 0.07618075075525041 0.3264921553403987 0.0 0.0 0.0 0.0 0.3528420796362064 0.15708499705769158 0.12379310401140764 0.3077446239545615 0.31418851083762306 0.0 0.0 0.0 0.0 0.0 0.0 0.0 0.0 0.0 0.0
0.057349595602119885 0.057279993170623676 0.06319060538960061 0.07787058812938985 0.12368625731107107 0.10689351877533566 0.11252088843791207 0.13518913957749293 0.11424354284089087 0.11648597155862314 0.10517305308268977 0.09853519611381302 0.14161382614318052 0.13815146779718845 0.13988758695751694 0.0 0.0 0.0 0.0 0.3311093929811512 0.2838226707557479 0.10903566214388033 0.1018146059348671 0.10091749267103461 0.10263296777994058 0.15315494096245835 0.0 0.0 0.0 0.0 0.3170551468417931 0.15647207024715612 0.11835733638369547 0.1362884245552944 0.33647405475601516 0.3644583710636932 0.0 0.0 0.0 0.0 0.0 0.0 0.0 0.0 0.0
0.05012514716325216 0.06411259050023133 0.051451935096160716 0.058960744031080224 0.08596253676596295 0.07502109884319301 0.10014370826739791 0.10962387264947013 0.1478108439985097 0.15312631523656434 0.1051316099985806 0.10189665853061551 0.11729899993206179 0.1287064838760711 0.31289305258200084 0.0 0.0 0.0 0.0 0.0 0.3242233535594321 0.14016177218690867 0.10652006322311205 0.09804692071789835 0.13201389587706436 0.14570630065863488 0.0 0.0 0.0 0.3134388690548962 0.2911367686942513 0.15839526019582323 0.11743129644678195 0.1359145633850097 0.3530055992344609 0.0 0.0 0.0 0.0 0.0 0.0 0.0 0.0 0.0 0.0
0.0538761115290843 0.052399031333592416 0.06307079587538986 0.05904994121131161 0.0634693633306106 0.10302854782307924 0.11052143124892054 0.11845665209714806 0.11717234371209728 0.11572173030703495 0.1110961667515005 0.10119366652182298 0.09638737461521227 0.13956648725848556 0.3365331164974 0.0 0.0 0.0 0.0 0.0 0.0 0.3004730592674415 0.1525335566998331 0.06877793645478537 0.14012262980728807 0.2930561818711198 0.0 0.0 0.0 0.30975556794147113 0.13097637091449538 0.14829490028809914 0.12035304354312051 0.13129415342691153 0.3460167528402323 0.0 0.0 0.0 0.0 0.0 0.0 0.0 0.0 0.0 0.0
0.062064051113996245 0.052735325075873765 0.05557501279448441 0.06291245699459452 0.06349838322721628 0.09127529022973341 0.11272098853836114 0.11035457185313312 0.07857379131289531 0.07642956829405058 0.10821525536147548 0.12157330174456689 0.13577699230116494 0.3322816177255287 0.0 0.0 0.0 0.0 0.0 0.0 0.0 0.3016485512074142 0.14287516606198522 0.09862827412924427 0.12209109895357921 0.0 0.0 0.0 0.0 0.3117200836577018 0.1489414854510113 0.1304851987276138 0.1304505713692373 0.29060493103565577 0.31828897803532513 0.0 0.0 0.0 0.0 0.0 0.0 0.0 0.0 0.0 0.0
0.07000297628285843 0.04748171464408229 0.053202094975164385 0.05611244130074355 0.07117473038520002 0.08011374590021993 0.07655077888635031 0.07669641726846158 0.07069891028894722 0.06796700026314856 0.0604728578992786 0.12501180996763395 0.30275448876258176 0.0 0.0 0.0 0.0 0.0 0.0 0.0 0.0 0.0 0.0 0.3001476124015309 0.2913448992467418 0.0 0.0 0.0 0.0 0.0 0.3359286151462364 0.0 0.1285656143770552 0.28852976949664677 0.2943732445837688 0.0 0.0 0.0 0.0 0.0 0.0 0.0 0.0 0.0 0.0
