data/ago/ago_beta.asc
ncols	277
nrows	308
xllcorner	-540299.14387948
yllcorner	7980296.7276279
cellsize	5000.0
NODATA_value	-9999
[rows 200 to 219 of 308, columns 135 to 179 of 277]
0.10143529359918721 0.14806256720964686 0.18040681136347378 0.16496544753968684 0.152501924117394 0.20525662450266932 0.20110441027515844 0.37263957505329404 0.3628597348933371 0.37005423805179416 0.3351887835248834 0.3310331004897195 0.0 0.0 0.0 0.0 0.0 0.0 0.3346880459542058 0.2999646899948206 0.3214551373427305 0.3688430991767018 0.33639483321389574 0.3401033247775356 0.3011850072747362 0.3544716973744402 0.14119436711635922 0.30177363745354446 0.15623018461089194 0.27420808747960856 0.28018971758570566 0.32571564037586365 0.33034944296873126 0.30914956998296833 0.13339367286935477 0.11056183480996291 0.16736563346875546 0.14863472173061623 0.15927362686401506 0.3798933811926051 0.38076126875924315 0.2900810802194192 0.3655412597883669 0.33530225229944577 0.3493913808260992
0.14073466317557548 0.0969022001373947 0.1797379059407469 0.20690650764415996 0.1608255663597487 0.17317630706906864 0.18995604390121393 0.4158911694111924 0.3368784568604422 0.3638777639294128 0.15628127354083052 0.30866940944280385 0.0 0.0 0.0 0.0 0.0 0.0 0.0 0.28997923818137145 0.33686023033376483 0.3362138270100974 0.30192036840759234 0.2930767842034546 0.32811874325178986 0.3401108694939263 0.13638143783687282 0.13964392436601303 0.19188942633084344 0.3154981023769 0.2917269504349385 0.35833965967992154 0.33503939807309413 0.28308024416880256 0.1281672782092147 0.10614893002182223 0.16430949532163627 0.16569593132424856 0.3514141666748449 0.3137569297418643 0.3630004910317896 0.2874702250129781 0.37802993958844694 0.30916287328224173 0.30834541702559604
0.11156358043275279 0.07958843943362232 0.10785859024894325 0.1260919654898248 0.11067161098801036 0.13505649512397563 0.22777062349396943 0.48529857682834887 0.47470994874156136 0.4095817779349098 0.3325599102512349 0.3041902076933429 0.30306546770410364 0.0 0.0 0.0 0.0 0.0 0.0 0.2797838398948933 0.2917738808815999 0.3578035811997487 0.33230266896899435 0.2998171373240138 0.3041125258693862 0.35816798437887926 0.28257410916229075 0.29826479234907755 0.38059635527745417 0.34722756354083173 0.2869666106434117 0.32093263917590525 0.394880373580517 0.2866433856239083 0.13533452463026022 0.1469257569542541 0.17535647200619628 0.1733898485556347 0.15644281654895198 0.29693010657975 0.3247194403852139 0.0 0.34458127978716246 0.30643247391885925 0.29920504016920996
0.08239874354742793 0.10304116950588742 0.07681670965759849 0.08742707397302737 0.13434085298415235 0.08341066306394017 0.138860458508451 0.3578317038452508 0.3413486405399478 0.3861964790765709 0.3597776089273012 0.30440697508560677 0.0 0.0 0.0 0.0 0.0 0.0 0.0 0.28117002875600766 0.0 0.0 0.33611620253623853 0.29319846001500816 0.318236315241565 0.31375439259699534 0.2897196387967866 0.28043657600875344 0.37057342788794767 0.4223068126838917 0.29794123527269395 0.0 0.40066241270597924 0.4077929876917837 0.30891985417725887 0.2747461816232126 0.31534711015795014 0.37767802576321896 0.32432680513816275 0.30117452394437894 0.2958395360776123 0.28452085938209826 0.35931747309026935 0.29117708042444435 0.2813242662839847
0.09099783640921669 0.12339296255158383 0.0984934460565684 0.09767333093733728 0.13277358564788933 0.09776480867590585 0.11343914491156731 0.16854788032250734 0.16195461076889897 0.3518024274760269 0.4011518562799019 0.30278391384426573 0.3066425031149254 0.30017678807384884 0.0 0.0 0.0 0.0 0.0 0.0 0.0 0.0 0.0 0.0 0.31034775249484753 0.0 0.2835199456192195 0.3198185874595083 0.334430942555449 0.35412375622901604 0.3230946124247575 0.29042442859758794 0.0 0.4074159401458535 0.3466842596707884 0.28525822015760993 0.29496567480100805 0.3302320733172264 0.32871113251239154 0.36103744448831754 0.0 0.27728499555879665 0.31356511989757746 0.31711998721282825 0.305640621991307
0.0948245601694294 0.1268854580783618 0.08030202691025115 0.09367134292069984 0.1408876568068261 0.14280863572895483 0.13107288763997096 0.14815816363748063 0.14889563304462175 0.11249872064918945 0.32172689642626306 0.30810266224195787 0.0 0.0 0.2973911311558758 0.0 0.0 0.0 0.0 0.0 0.0 0.0 0.0 0.0 0.0 0.0 0.0 0.0 0.0 0.0 0.0 0.0 0.0 0.39711131604193134 0.3392780374146234 0.33063287165627836 0.28275306573185005 0.30857241711137584 0.3707418956813037 0.3607092072783629 0.0 0.0 0.0 0.34283606448278103 0.31543823330372944
0.10058916066268352 0.12335447269126495 0.09114943856588313 0.08254501026632097 0.08692369884132312 0.08003178511237118 0.11566554465117841 0.17823950413233453 0.1609493275723073 0.11210349067845451 0.13811499574123423 0.32538802452713794 0.3104577087963644 0.0 0.32373423467517465 0.0 0.0 0.0 0.0 0.0 0.0 0.0 0.0 0.0 0.0 0.0 0.0 0.0 0.0 0.0 0.0 0.0 0.0 0.0 0.0 0.3896220334102028 0.2909646301843472 0.28049163229267415 0.0 0.0 0.0 0.0 0.0 0.0 0.31419117904007315
0.09470115841141327 0.12444035279261022 0.12624800411002937 0.0870078227205985 0.07519270355076632 0.07068995241750986 0.08587026767412873 0.18306036942938944 0.17585601921412736 0.174888167682731 0.34867343982920074 0.3330377173108726 0.31642190363575984 0.30561074137538824 0.3187804763963597 0.0 0.0 0.0 0.0 0.0 0.0 0.0 0.0 0.0 0.0 0.0 0.0 0.0 0.0 0.0 0.0 0.0 0.0 0.0 0.0 0.0 0.0 0.2810446247476081 0.3380611061386436 0.0 0.0 0.0 0.0 0.0 0.295843004632541
0.13474688531703147 0.14042432912734232 0.11228452885642065 0.0808196623848739 0.06592704145366146 0.055059786870541284 0.06860463817428086 0.10976414483699008 0.18181034629170678 0.37825328909668926 0.35754706890608845 0.3654421519457618 0.3548922608316587 0.3347810921097759 0.3257321810289895 0.337563308544154 0.3471297747167173 0.0 0.0 0.0 0.0 0.0 0.0 0.0 0.0 0.0 0.0 0.0 0.0 0.0 0.0 0.0 0.0 0.0 0.0 0.0 0.0 0.2885540710764297 0.0 0.0 0.0 0.0 0.0 0.0 0.28443433728207823
0.11042183656718493 0.1280375504533601 0.09449958700070389 0.08998279193398664 0.07436275265053766 0.0499184297834671 0.06392991899941254 0.04841258411337493 0.13835125834981923 0.42426021892112314 0.1858965667776939 0.46531050795127715 0.1906155116937408 0.15320390725925104 0.3474282986787772 0.0 0.3481265591954957 0.3512634081756931 0.331811586829849 0.3314982951122962 0.0 0.0 0.0 0.0 0.0 0.0 0.0 0.0 0.0 0.0 0.0 0.0 0.0 0.0 0.0 0.0 0.0 0.0 0.0 0.0 0.0 0.0 0.0 0.0 0.0
0.06797718359716018 0.12377827562254869 0.11151239625152616 0.1282825354678824 0.06525011430460724 0.04777492513824216 0.08246798616091608 0.059744018668205764 0.07904246635730085 0.36426977072402733 0.35900102436292597 0.4115685748673347 0.4042297485468715 0.3340461138940975 0.38134660331600245 0.37076187359474067 0.3759464398982318 0.35634078065915137 0.3434093429684351 0.3612726061268999 0.331734108373182 0.0 0.0 0.0 0.0 0.0 0.0 0.0 0.0 0.0 0.0 0.0 0.0 0.0 0.0 0.0 0.0 0.0 0.0 0.0 0.0 0.0 0.0 0.0 0.0
0.08153015626961149 0.07762195453009889 0.08766023420986159 0.07373211125277913 0.049695309563652784 0.057400239130369776 0.05342410985838176 0.0794916820136236 0.08280520037976107 0.15056219881392585 0.3669537829232664 0.4197632647929018 0.4156197050189631 0.3322852077267585 0.3996131845463037 0.42501863304168613 0.40809020257492123 0.3503908639852095 0.36090607408138103 0.46786167066079914 0.378254138291345 0.3440962280722 0.0 0.0 0.0 0.0 0.0 0.0 0.0 0.0 0.0 0.0 0.0 0.0 0.0 0.0 0.0 0.0 0.0 0.0 0.0 0.0 0.0 0.0 0.0
0.08054051741606583 0.08517833295321028 0.07367965839230028 0.06213388991604366 0.053105722847766906 0.08055990950508203 0.07293048113831262 0.060820790248976825 0.08339190760036251 0.10997261277662494 0.3365013538326637 0.418649117731555 0.150107627243041 0.3298020414281793 0.40293719188286153 0.42239599510097103 0.39180924900806713 0.3494465375597212 0.406930257239641 0.4761682692979263 0.40943546141136683 0.4463131940669101 0.39432536427659465 0.36925370365350324 0.0 0.0 0.0 0.0 0.0 0.0 0.0 0.0 0.0 0.0 0.0 0.0 0.0 0.0 0.0 0.0 0.0 0.0 0.0 0.0 0.0
0.07724278629816031 0.057747509632369326 0.05073397187970134 0.05837874341538702 0.052005014322448605 0.06766617997304111 0.07813892633753465 0.07355468084976008 0.07433495046484855 0.09410402209086266 0.15512266101074898 0.3229679314561111 0.13690386886398628 0.3393816139731042 0.3410909509107916 0.14608471544764898 0.436070059540637 0.0 0.3311732135693947 0.3025648160265843 0.33210190427509556 0.39068663213696664 0.0 0.3592711529925515 0.0 0.0 0.0 0.0 0.0 0.0 0.0 0.0 0.0 0.0 0.0 0.0 0.0 0.0 0.0 0.297267677618318 0.0 0.0 0.0 0.0 0.0
0.047363999572175554 0.0429448539966973 0.04852688840874943 0.07310872498909168 0.04869110808714515 0.07020548612980021 0.08715253917072041 0.07720734456723158 0.08182341550278667 0.09211615600509136 0.1552047743793968 0.32421575207044356 0.13126600655828444 0.3337456392507137 0.1335583456955309 0.32761129363956015 0.40238969019226967 0.3805169098885067 0.0 0.0 0.33098515762127645 0.3528983668441938 0.0 0.0 0.3389463737078167 0.0 0.0 0.0 0.0 0.0 0.0 0.0 0.0 0.0 0.0 0.0 0.0 0.0 0.0 0.0 0.0 0.0 0.0 0.0 0.0
0.05840057005412108 0.07402214983738005 0.07047103236453273 0.06417265576057458 0.06770201960652111 0.062085743334022205 0.059373980772505136 0.08573429380589132 0.07609510816782103 0.09987561232676775 0.3300166563674638 0.3333779592649221 0.34466597972154595 0.3468124098967412 0.3521910781610436 0.347702149552194 0.32835230841353064 0.3448561147761411 0.3748739235320654 0.3549315198829485 0.3314552046591339 0.0 0.0 0.0 0.3534399025232749 0.0 0.0 0.0 0.0 0.0 0.0 0.0 0.0 0.0 0.0 0.0 0.0 0.0 0.0 0.0 0.0 0.0 0.0 0.0 0.0
0.04439265701846455 0.051103751509183365 0.05374550064680393 0.05628628955580638 0.06317986631111197 0.08369937436348909 0.07023800882211337 0.07882597538502631 0.0789931418320035 0.10004817700864786 0.13485824541565908 0.14712613819624043 0.1397248256458056 0.13554571334513923 0.16052557930939168 0.14447269579989003 0.13494010380197102 0.12636810811929386 0.34293831544145975 0.0 0.33569986788679035 0.0 0.0 0.0 0.0 0.0 0.0 0.0 0.0 0.0 0.0 0.0 0.0 0.0 0.0 0.0 0.0 0.0 0.0 0.0 0.0 0.0 0.0 0.0 0.0
0.053363038111148293 0.045294376651710946 0.045497834989427444 0.06576415855521928 0.05418816711062649 0.06943415370137095 0.09718642479583156 0.06668292130268574 0.06786071356812633 0.10409720362774855 0.33415433267225686 0.34357234572636813 0.13754536699385583 0.12954286757735464 0.13864800796658255 0.11712006265981126 0.11586979541436158 0.1251307532682081 0.13964163886482187 0.37098866328166646 0.0 0.0 0.3454655226077254 0.33080415276146 0.0 0.0 0.0 0.0 0.0 0.0 0.0 0.0 0.0 0.0 0.0 0.0 0.0 0.0 0.0 0.0 0.0 0.0 0.0 0.0 0.0
0.060499147542209364 0.05074581538204634 0.04542008918335985 0.04559078509383209 0.06513432883344103 0.050723623006013366 0.0746048237519762 0.07654793956161733 0.0694923626915239 0.13338258821917115 0.13011887959704443 0.13620203531277658 0.13243307913336236 0.1278064502672852 0.14064020460454485 0.14838915832950214 0.07660679264665832 0.14892989797906525 0.10849526669926476 0.14149350816255288 0.14052209198741403 0.4207870670341012 0.3772542151717921 0.0 0.33442516198305017 0.0 0.0 0.0 0.0 0.0 0.0 0.0 0.0 0.0 0.0 0.0 0.0 0.0 0.0 0.0 0.0 0.0 0.0 0.0 0.0
0.04473661119424391 0.06535708184010579 0.049317956499586674 0.03989024889017513 0.04954077524369768 0.04886624811258629 0.08126218233601179 0.06778950850702536 0.0656510108757103 0.14480674745619793 0.12805231218567878 0.13056382864972033 0.12981576323756577 0.13329416383330434 0.130432915415167 0.1747510322810116 0.10262096786585874 0.07829922013234537 0.1074426740523577 0.10408504826115943 0.13677368753489658 0.31701738951541447 0.3536249919400987 0.4068732558366171 0.0 0.0 0.0 0.0 0.0 0.0 0.0 0.0 0.0 0.0 0.3689416563333024 0.0 0.0 0.0 0.0 0.0 0.0 0.0 0.0 0.0 0.0
