data/ago/ago_beta.asc
ncols	277
nrows	308
xllcorner	-540299.14387948
yllcorner	7980296.7276279
cellsize	5000.0
NODATA_value	-9999
[rows 140 to 159 of 308, columns 180 to 224 of 277]
0.11224650656434229 0.1177311734788833 0.11871190786412782 0.11375803857408553 0.11099143459231701 0.07511082250568869 0.27576550339725986 0.29376204520169896 0.12251031895938196 0.06926607413156206 0.06944784318126235 0.07187184182664887 0.07939967631554885 0.07807736997956337 0.07420410895568288 0.12050200491228989 0.11977307739510072 0.27778859014354484 0.11932857191233474 0.09076423180230227 0.06964946865186844 0.0796641528463035 0.11318597007648695 0.11657348256756404 0.11347594088033956 0.2721835602681695 0.11518711759935196 0.11295610742479618 0.07350882400744227 0.06926971706642956 0.07326338411984294 0.0730084939259426 0.07708659495241867 0.07469957499226607 0.07737020428538709 0.08562319350963973 0.08393599298904607 0.09288414167696608 0.13383402924987142 0.09029791278719501 0.08299824922321608 0.13890028640251875 0.0827539948429623 0.130359485122262 0.06353543964038409
0.11028512407613004 0.07868693668213693 0.1249975637481675 0.11358139848425809 0.2610267792098282 0.12008234795089384 0.11234720743699315 0.2717693759450436 0.12071327958196236 0.07082487237298511 0.07161003686101465 0.07625099399949116 0.06662652749345783 0.08051572059794472 0.07351917086970228 0.13121692786235328 0.1267200609388522 0.1169194285723951 0.12180055175007835 0.1219035327966247 0.079470081094167 0.12352586085776458 0.11107555315627539 0.10859140362301366 0.11309271501044177 0.2687023876374937 0.11595347128124855 0.0645424274603574 0.07227955237301656 0.06855125123466298 0.04915579855566356 0.07196208373032337 0.08051419132068541 0.08776106284758958 0.08613159710247503 0.11513229174611464 0.2918801425991405 0.0870700575055919 0.12166119819191223 0.09021217327526118 0.07162047923598373 0.139868501200666 0.08688563309752635 0.13837767682315166 0.05622685493305707
0.07354592116933699 0.11027570837625057 0.11297331458093834 0.11381579105772005 0.11075840270123403 0.2718911598748576 0.2763382197910355 0.2781621385925205 0.12028165608937559 0.126187091194686 0.0894015254063353 0.053306510985822925 0.08522005173444408 0.0823795017601123 0.08742142918879973 0.12289351028395293 0.12106156844415034 0.12411807910311119 0.12301645976926816 0.11985296810907091 0.116478414234887 0.1150910710793896 0.2769875522892097 0.10917914892746751 0.11420775172154758 0.0781800498793126 0.06770391308847257 0.06583615048138508 0.07191574529331037 0.06779304711736572 0.0749837378323567 0.0732734809750983 0.07437981165547505 0.13090852230782635 0.2897272981321102 0.28170646706678526 0.3014537818854416 0.11447426415637726 0.08140815143852806 0.0834410053381956 0.06774043740604303 0.07709458864188136 0.12723323518151958 0.1260252642690119 0.0476714518514474
0.11205522238781389 0.10900963819015044 0.07456925142030213 0.06309053601179784 0.07687587285152701 0.11735866310401216 0.12762892624337233 0.28224244600322906 0.12774222700406623 0.0844103341141652 0.07497013020625813 0.07392490745761773 0.07495808357527609 0.07542578171963113 0.12001712335282923 0.2913552639389112 0.3057286584761528 0.13482610704357348 0.13546721664973518 0.12539153246984341 0.10033194267728812 0.11028145693039362 0.10965942335802464 0.11433083978051291 0.12162546749245653 0.06858110205103551 0.06819489425170085 0.06795104384843857 0.049930013234660474 0.04793121803505078 0.052772513382512126 0.08190257898096898 0.07540361989181792 0.07926348159095435 0.11971603634327277 0.11895628911889623 0.12107532201441384 0.08101642669550078 0.06942268023445212 0.1284260689878056 0.08165681907122391 0.11260159257612763 0.13566239596922944 0.07245444437828837 0.04506396002712811
0.10583028951062882 0.07748453577343663 0.06834103200990037 0.06725534212803033 0.07788102918886286 0.1127408999358502 0.28429706321312953 0.2810800263325482 0.12158705450261735 0.0683070194462771 0.0757591414592561 0.07505355722311208 0.07497180363785146 0.08461136234903009 0.1213645450052552 0.27285159967556405 0.27329823483979715 0.11665824416629594 0.12329747193749017 0.12022942889747265 0.10942803592025287 0.11058791599712496 0.07664762808109828 0.07783543089452838 0.08516011811961222 0.07478304697893358 0.0732400450717565 0.04748626858614839 0.04849845942749545 0.0525995493894073 0.07004569086935297 0.08696877844310309 0.08192180695512417 0.1160466475887787 0.2850495896997312 0.12529323083029303 0.11423466395494868 0.11692878813037146 0.08475310369547358 0.1242596021023991 0.11856702570279917 0.08299423467183381 0.09289050492457729 0.058184155194287296 0.06199057013202699
0.10849734290873486 0.11461273885040547 0.11549103364215728 0.11491097640608192 0.12122986677698903 0.11467773673808539 0.2788689738204919 0.11248722008954844 0.0683444176631178 0.06979642423274424 0.07339121672257386 0.0770430212515028 0.07573864675918854 0.1218352534466261 0.12411652222800595 0.11724640476218334 0.11608712314405663 0.12519759788535614 0.13233681310899756 0.1261470001275533 0.07549170860854675 0.07546469978503499 0.11124829916975233 0.06583633769026236 0.067154972757431 0.0723569813788613 0.04523727102339506 0.044902877545776425 0.049847238151671615 0.07480843221202653 0.07022432505506676 0.11713814697332867 0.11770875344839671 0.31010162082461173 0.2951497698456033 0.11508281680738615 0.11315511674138033 0.11282242606514149 0.08286157497436372 0.13063175110106373 0.138624989071173 0.12242945778473575 0.054934701089527284 0.062296947118559536 0.05642494149677316
0.07632971680201715 0.11445331326710813 0.11299929689579394 0.29949839847291043 0.2918253289269091 0.29317677913346935 0.11878074639126468 0.0841841576372238 0.06399337541926264 0.06633049893296178 0.053456422588340935 0.07661984486692332 0.07499829978662309 0.08538532584253639 0.12109034344062482 0.1298932607580929 0.13351802865247617 0.13204409222171903 0.1311435032116608 0.07770849840113815 0.06670012310527253 0.06877530003483004 0.06540451398556796 0.07589351449030869 0.06754938656795892 0.07401743267889119 0.04349279433187656 0.04455793434247131 0.07020117723011979 0.08160386219938884 0.08328270652818275 0.11863827188821185 0.27763987323036055 0.29483874980195285 0.28470138109811877 0.11296019971819565 0.2777731577634813 0.11487834270376278 0.08077083990598338 0.1254023249056376 0.12947092878635713 0.3189580889200796 0.057902860837236794 0.053436776014795746 0.04954019286258596
0.08635345532144985 0.11639206227966692 0.11598830959361114 0.2752536144939678 0.2895691221352337 0.14642440986658148 0.12253706043384534 0.07292748577733792 0.046894298959638196 0.05243509354746966 0.038471970743556655 0.054054788281496007 0.0742623796310672 0.08797655732466272 0.13832654601583386 0.09218341323959578 0.08887131190514219 0.0920027529910688 0.08991866132680267 0.0716522915605799 0.05101277026358088 0.06749803709473158 0.0670615619173156 0.0689525458385456 0.06708559361606184 0.06857247691998154 0.07013904055411527 0.06716020750665339 0.07154608461555023 0.08436109874075763 0.12412279837094543 0.12477518422006934 0.289785714741462 0.27488269671135884 0.311783072809309 0.2738231807932548 0.2934727064146965 0.11637195612766121 0.11663613552904699 0.12107980895619576 0.12380540638218852 0.14095189632079066 0.07064509733538331 0.05808624487324374 0.04040969871747646
0.06647286419036644 0.10563232563472154 0.07147231788860521 0.10490926275425526 0.11242494179734376 0.06986399488960388 0.09516546666065541 0.07317663400622844 0.07513216276010642 0.049689144098869376 0.03733994925039319 0.05042826469150489 0.07417541971936242 0.08901112274753012 0.100511767351505 0.08595218278340552 0.0719078631037781 0.07062231483911431 0.07882664542224599 0.052325234478965366 0.052612572326018466 0.04903732162797866 0.07056918451928712 0.06969547546692412 0.07110794765707301 0.07268820742346133 0.07242330897392837 0.07680841114074954 0.08664933155815634 0.13141890469004797 0.1279792069978866 0.30265930521651885 0.30058255341690543 0.2903703620080356 0.29232603665499385 0.0 0.2751530651637344 0.2794647382382422 0.27271753330263376 0.2873307421125162 0.274219537820129 0.12117773662721341 0.06104077816737255 0.05253252893046504 0.042496652956876345
0.06445690570662274 0.07436694457077628 0.044049966247295715 0.04091861835449383 0.06618565587227297 0.06650101528645286 0.0819143439037758 0.07182467156660295 0.07579116291166992 0.07366265676706656 0.07227360840517327 0.0729236907856056 0.07604930280762513 0.08426419131652343 0.07074406142195326 0.06932857024745304 0.07052306829147303 0.0479696753992783 0.05330576454812172 0.048091291611268315 0.05161811438996059 0.05323730368182135 0.07347668217686729 0.06932841509758324 0.06969972242780621 0.08835658352953336 0.08717777659599314 0.09083921658922159 0.08789770405801932 0.12645487994439347 0.281670951607445 0.30015829411074607 0.294944785548992 0.3063916494404156 0.29214132980442864 0.0 0.0 0.29123185508617633 0.2852155876202132 0.2811168504193314 0.2907339169145418 0.12477134228421687 0.0777784580891378 0.05671465296674853 0.04261006699618469
0.06363608885713558 0.044282525372574454 0.044745582219163756 0.04674028256492124 0.04241922574776025 0.0661079645589911 0.07052989454446212 0.07117298068320602 0.0746350620352788 0.07518643655954649 0.07274630444964895 0.07272715080092021 0.07067069442815167 0.06811059001413021 0.07118049771166447 0.06969333559804719 0.0695813352206951 0.04796883198040759 0.04789476111105717 0.06823880687178659 0.06984261727071514 0.07360106245456541 0.08242029288686624 0.07125497185696744 0.08543812100040077 0.11680097829777326 0.11898229243600122 0.11648861298513301 0.1163759283635298 0.28472167080781946 0.29680653683046276 0.2999613652541362 0.29894616857231593 0.31238618107471267 0.28708730102925045 0.29176142941686695 0.2796872211334797 0.2946058126729948 0.29632741484262104 0.29341240268766633 0.08534851881729096 0.07355873066404285 0.048183546906433256 0.05290347466011 0.06306910913819201
0.050409032155102465 0.05580934979759918 0.048811158966258775 0.046104868661059194 0.044447813075600265 0.0478841369098242 0.07186517453196885 0.07134225291098528 0.07616709350303208 0.04209029974972071 0.04223014671486056 0.04876716849107811 0.07303663602554096 0.0700150454107619 0.06661675666973323 0.06729623714453213 0.06399800190254784 0.06876657811686798 0.07312498741415836 0.07601445189534664 0.0703961662570749 0.08511261933247342 0.1291697751684283 0.12257758557623466 0.11596088070264744 0.2916576921988754 0.3097758861971001 0.3113687684391836 0.29229338853458786 0.2816138257839632 0.11804205173475286 0.12046364869107033 0.1153256848194402 0.28373454101950124 0.2938394221207619 0.29003265845479176 0.2881767626754416 0.08268762632723459 0.07176214488393097 0.046890836065422846 0.05070732743905118 0.05611842137320783 0.04099762550347954 0.04800654126339734 0.04806238734924493
0.0577009104474303 0.05012695820865961 0.04733959500139849 0.047651736263380054 0.04741317344531901 0.06893524451294457 0.04984463415851744 0.05131522783450968 0.04600243256542618 0.0360870413365863 0.03238444571141153 0.046303676296139226 0.05015401046349237 0.07367409619908723 0.07362861930389676 0.06881576018338621 0.06731048848345095 0.06681196352100256 0.07838872374919516 0.07848791280391541 0.12071098653597694 0.08407858292310691 0.12134445648097564 0.1199662489937862 0.2842667750643902 0.2862110380319392 0.2823962789453947 0.2881017542001731 0.28485090274066993 0.2943170659075684 0.28717900477136593 0.29493200531321057 0.2991478539120103 0.2877291956276781 0.2835013877407765 0.07150428712501412 0.07201503110691163 0.06784585429422856 0.06949213227527838 0.050536851193903054 0.05393361579446275 0.0454656087181948 0.036180421893443615 0.050013244851544965 0.0557997586367487
0.05325564400345771 0.049062406613705076 0.038537343365792565 0.03609994313716686 0.06262509087137959 0.04462928536980997 0.03239936444680946 0.04004927015101711 0.03668789326783518 0.04408672215898839 0.04023196854179463 0.03796770264144499 0.03801942815502396 0.04527524572759007 0.03760320226503362 0.038366683057043306 0.0723270474652244 0.07822399083512546 0.07782826471463733 0.09058376543026651 0.07932645501269567 0.08289628570562774 0.11859088919642398 0.11652249337357408 0.11527597883060894 0.2938979291454385 0.11841243452831174 0.12166831494878379 0.28619555140491365 0.29220403039334447 0.29599879304297755 0.1251348769717004 0.1182328654450605 0.04900051914333024 0.048000461844858344 0.0642002476045235 0.07696373978205046 0.08326054545415917 0.05592024655836613 0.051060690226331806 0.05282338751007384 0.0520477808619663 0.052491115374886065 0.06055299761352347 0.07489681106311945
0.03444891384302282 0.04047368197976462 0.043913165156874205 0.03946312144918186 0.03902040177050038 0.05432549521951807 0.04531572020426535 0.03605010241222183 0.03709908530566209 0.03701102831342657 0.03939206401487273 0.036421502115802466 0.03760536891992237 0.038631773259840387 0.03965498076181449 0.03895023535238921 0.04012894117504916 0.047276500352528505 0.05135255212093177 0.07588518893741134 0.07544251948375927 0.08280966825115363 0.08160350509005408 0.12051625392342777 0.28087628368147205 0.29090485721436904 0.27844946884194216 0.12617601155921015 0.12080655830307409 0.1200222008756434 0.08429111790684395 0.09163502417009659 0.0550472964091155 0.04906389613782657 0.050440457025088224 0.06953117753845758 0.0834677842159412 0.0778795393482196 0.05440883393576618 0.05129949147313368 0.050389838194225614 0.05557933899516293 0.057076128034452465 0.06951504011051415 0.07100481321398441
0.03533847438655795 0.03933521879068683 0.046716854277483795 0.038410897278645786 0.046812471333318124 0.048122354867101966 0.04767377213701263 0.038186577892338716 0.0376188518915242 0.0354116228206219 0.036320172093728974 0.03556003189671118 0.03765831350237398 0.03877119430422898 0.03885883776678521 0.04547176435808921 0.03951285505502744 0.041413970943293035 0.04024749038367597 0.04750565204055109 0.0749203426346946 0.08308287382285302 0.08620053719322157 0.11938939887336489 0.1176428603228817 0.12369737127960875 0.1239597560697066 0.12990442413652178 0.12308102187819485 0.11860966655482015 0.07353419552098181 0.055039454472177195 0.05143558369106139 0.053422378409919924 0.04878108267402584 0.07144223039582433 0.0783768744498616 0.07559354495896639 0.06741072190156362 0.06702867295445351 0.07081152601271122 0.07240289041522245 0.07412253659088067 0.07294038872712544 0.06821854973760107
0.04068162990346165 0.03321408035883572 0.03222275887093607 0.0430590505416724 0.04045238896091345 0.04283102433290713 0.05086114085864183 0.042390598116959194 0.038064131131085206 0.036511133251106616 0.034779611081145786 0.036125974882621203 0.03409102716382926 0.0322586826228557 0.03914852038840775 0.04037132787316422 0.04043065905883834 0.041966580760444544 0.0339649651088246 0.03483000548612504 0.0395800708106612 0.04218201254517997 0.04788835285187831 0.07046798582618138 0.07977617565386055 0.08291195341167369 0.08409083839863842 0.08809873987694171 0.07810891761753616 0.04828490198438118 0.047024593589003294 0.0527464985544169 0.05791540533738713 0.05967326243191336 0.0593176835557962 0.07410348652051886 0.08316007163965013 0.10273096722978532 0.1078200194509052 0.08495773997049641 0.10733434515466951 0.10507673396045336 0.08159394817111325 0.08577094914831862 0.0706660090806994
0.046545594486208285 0.03493758957316889 0.0319966876951964 0.037191583078205685 0.038057594689614935 0.03947645462607567 0.03893612468999337 0.03761260809723398 0.040138166066656905 0.028473614621550115 0.030705908627185773 0.03442602632466945 0.03392765911763579 0.031606887246363805 0.0364645270534336 0.045104258195153304 0.045076630820756323 0.042360849140152285 0.037831877989175346 0.03852072147737048 0.03668144591305601 0.038985880961804546 0.039149175905350934 0.04612474730018023 0.04476216979917537 0.049219423784234995 0.05065271345927539 0.052729926114886486 0.07538736724274808 0.05414306282715188 0.05206560804748098 0.05182664256923361 0.05596991077324633 0.060016075229706076 0.07189257092738364 0.06853951183146377 0.07367604854793545 0.11002915425333518 0.10372510616178035 0.1043414012369972 0.11101067883888442 0.11784078872238649 0.11663261322762353 0.0858423580564132 0.080353142595681
0.035865024061387106 0.03911046873504642 0.035913947717033254 0.03834964178248787 0.04094700411304236 0.041872709023379535 0.03763527026834663 0.037816312985976666 0.03861706658347757 0.03264156416940798 0.03539370711325254 0.032314116688142186 0.032910812680834275 0.03268339008757196 0.0362080810086039 0.04078526825619218 0.04575033623992607 0.042321652189398866 0.03828404202828472 0.0410989822113958 0.042936492834393984 0.041216872512545036 0.03976506975740925 0.03899691156345953 0.03954563019246016 0.039111765171609046 0.041520318513283694 0.04573103837713213 0.050528564439459016 0.051494377062765335 0.050561655523756105 0.057658973525712115 0.06343855920011891 0.059312259861897795 0.060426615544219325 0.05708682150796394 0.06860396293641446 0.06967542741289931 0.10300846417846969 0.10997633442310273 0.1063311371741309 0.11550825082423581 0.11567742314445345 0.11768705436111127 0.09048658599405303
0.044175096372245516 0.038465844761745534 0.038590344013712606 0.048274325020495494 0.0422391593491126 0.040017649534938235 0.03934539100904226 0.042388312927356654 0.04354507238228344 0.03896956125054574 0.03720188436476058 0.04149817400794761 0.0391129797691168 0.037745210785594945 0.036875631600736584 0.03828444834805186 0.03695251427370458 0.03971897809221767 0.04045403838583338 0.04290972616557229 0.04243594112887152 0.04137511996029561 0.039787477501610345 0.03562844676434425 0.039530485290321445 0.04029491458773442 0.04701303341461714 0.04819420218613047 0.04931153443599534 0.05540950186434884 0.05681094477523022 0.05543294045752704 0.06398853894226299 0.06386102101055031 0.06319187552190252 0.07839196350603155 0.0732024400841685 0.07246382054258153 0.07589185203398875 0.11436390322319885 0.11241968172026137 0.11548373207598975 0.10922348907040363 0.10640217874826002 0.10645194638353855
