data/ago/ago_pfpr210.asc
ncols         277
nrows         308
xllcorner     -540299.14387948
yllcorner     7980296.7276279
cellsize      5000
NODATA_value  -9999
[rows 168 to 195 of 308, columns 124 to 185 of 277]
0.2446271 0.2591535 0.232029 0.2345369 0.2182019 0.2196216 0.2245539 0.2233473 0.2231499 0.2399692 0.2491967 0.2359873 0.1958229 0.1944406 0.2053573 0.2162983 0.2295588 0.242476 0.2627019 0.2411526 0.216751 0.2386569 0.1936133 0.2186536 0.2011069 0.1998948 0.2409592 0.2066329 0.1910318 0.2374512 0.2270807 0.2025096 0.2235667 0.2081495 0.2066601 0.1838736 0.1912589 0.2507877 0.2145118 0.2148749 0.2281169 0.2038621 0.1721262 0.2015999 0.199614 0.1991653 0.2338627 0.2354653 0.2114895 0.208112 0.196346 0.2024938 0.1885495 0.1866941 0.1704757 0.1622073 0.1563095 0.1848205 0.1810873 0.1807369 0.1685057 0.1864717
0.2059297 0.2436867 0.2148755 0.237345 0.2150847 0.1993873 0.2026806 0.2058894 0.2145001 0.2186941 0.2324382 0.2144795 0.1939588 0.1962173 0.1942906 0.2138157 0.237387 0.2347307 0.2516597 0.2579703 0.2410875 0.2518926 0.1948243 0.2029102 0.197938 0.235947 0.2036775 0.1693606 0.1586582 0.1800275 0.2407961 0.181575 0.1785164 0.1846241 0.2109369 0.1909346 0.1752147 0.1842628 0.2389083 0.2663366 0.2239638 0.2119382 0.1866954 0.2156087 0.2078469 0.186349 0.2118553 0.1830882 0.1903595 0.1792637 0.193401 0.1918822 0.1805398 0.1754061 0.1689839 0.1605709 0.1655665 0.1540588 0.1744535 0.1973891 0.1784588 0.1873101
0.2249257 0.2142503 0.2232331 0.2300316 0.2333334 0.1969677 0.1908079 0.2033192 0.2085503 0.2071963 0.2330092 0.2003681 0.2035894 0.1904554 0.179246 0.1985467 0.2181703 0.2537817 0.2533994 0.2576203 0.2680719 0.2652518 0.1952348 0.2019695 0.223131 0.2026468 0.1963204 0.196636 0.2260865 0.227157 0.2213777 0.2119518 0.172861 0.1930933 0.2337084 0.2096345 0.2286665 0.2346471 0.2528639 0.2097444 0.1683483 0.1648974 0.2022885 0.1695303 0.1759428 0.1799579 0.1905932 0.1716682 0.1746604 0.207987 0.1891076 0.2251903 0.2135937 0.2102005 0.2014498 0.1939072 0.161814 0.1550009 0.1604414 0.1712172 0.1832991 0.180813
0.2103297 0.193238 0.225169 0.2131051 0.2197976 0.205616 0.188319 0.21796 0.2219139 0.2224277 0.1976822 0.203038 0.2280867 0.2189888 0.204574 0.2088099 0.2121779 0.247635 0.2539892 0.2512571 0.2351373 0.2312309 0.1965943 0.1946346 0.1979048 0.1976738 0.210446 0.2330757 0.2292123 0.2283938 0.2401697 0.1936508 0.2142208 0.2049612 0.2279731 0.2412283 0.1867421 0.1778293 0.1557701 0.1592608 0.1780091 0.2062578 0.1929894 0.2002058 0.1755535 0.1947983 0.1882538 0.1581384 0.1965252 0.2713686 0.1962006 0.1612498 0.1841849 0.223538 0.2054407 0.2017027 0.1970997 0.1984695 0.1816877 0.1554044 0.1575985 0.1845846
0.2215883 0.1987155 0.2133793 0.2041491 0.2160603 0.2402426 0.2261023 0.2315523 0.2134084 0.1847058 0.2120964 0.2284931 0.2311265 0.2429486 0.2258679 0.2148153 0.2074577 0.2216574 0.2295891 0.2436118 0.2260164 0.2107207 0.2146299 0.2162264 0.2289985 0.1811931 0.1784539 0.1805073 0.171288 0.1926898 0.2473259 0.2101145 0.2549911 0.2365264 0.24021 0.2048158 0.1894662 0.2082218 0.2008171 0.218384 0.2262092 0.2112426 0.1560357 0.171065 0.1673867 0.191961 0.1775177 0.1488039 0.2143335 0.2415674 0.223129 0.1968393 0.1862983 0.2116172 0.1626741 0.1667501 0.1693942 0.2059525 0.1866485 0.1507415 0.1550022 0.1787376
0.1825996 0.2003649 0.2031514 0.2073382 0.2181667 0.2368752 0.2407033 0.2290766 0.176481 0.2014537 0.2075443 0.2173907 0.2349193 0.2603183 0.2413886 0.2191533 0.2189304 0.2044903 0.2086225 0.230931 0.1901259 0.1893761 0.2385687 0.2289291 0.1848531 0.1864831 0.161124 0.1482189 0.1991667 0.2160454 0.2030325 0.1989331 0.2646636 0.2920175 0.2247523 0.2226031 0.2295249 0.20175 0.2098475 0.1998563 0.2374111 0.184145 0.1668467 0.1639222 0.1619488 0.156108 0.1422365 0.1440235 0.1815646 0.1905048 0.1837497 0.1633338 0.2368659 0.2360699 0.1617325 0.1571905 0.1478635 0.1550285 0.1626057 0.1978343 0.2152779 0.1943184
0.1841784 0.217572 0.199781 0.2093945 0.230905 0.2366406 0.2269136 0.1716377 0.2085044 0.2157958 0.2104113 0.2162258 0.2063077 0.2096091 0.2337202 0.2651941 0.2740872 0.2736577 0.2397448 0.2117021 0.2057502 0.2185019 0.214983 0.1828739 0.1832801 0.1779893 0.1977455 0.1528021 0.1686476 0.1883479 0.1692674 0.190431 0.2548237 0.2360898 0.2198383 0.2482517 0.2224505 0.1755582 0.1621591 0.1789329 0.191848 0.2110649 0.2049337 0.1511212 0.144254 0.1449799 0.1381511 0.1441708 0.1532353 0.159031 0.1559391 0.1548766 0.1912056 0.200376 0.2055972 0.2177366 0.1922788 0.1555723 0.1520078 0.1636751 0.1779516 0.1839549
0.1835581 0.221976 0.2325968 0.2247879 0.242053 0.24432 0.1822055 0.2124548 0.2393723 0.2116594 0.2347859 0.2046689 0.198841 0.215193 0.2315002 0.2533545 0.2608033 0.2671291 0.2612485 0.2613877 0.2315 0.2460868 0.2440077 0.1948282 0.183836 0.1701962 0.1845707 0.228094 0.1907621 0.2250442 0.2513466 0.2402507 0.2569194 0.2424733 0.218783 0.2315237 0.1733079 0.1861521 0.1949519 0.2293494 0.1827784 0.156195 0.2144841 0.2210674 0.2477154 0.2165747 0.2369895 0.2100215 0.2267898 0.2120733 0.1897998 0.1664605 0.1562732 0.1790229 0.2121087 0.246069 0.1917709 0.2307435 0.1577282 0.1435127 0.15127 0.1659009
0.2000797 0.2057784 0.2139238 0.2230703 0.2368597 0.2124164 0.1889999 0.2178943 0.211953 0.2193614 0.2292162 0.2098199 0.1891474 0.2183293 0.2493049 0.2706947 0.2574331 0.2751122 0.2840015 0.2571944 0.2325876 0.2326838 0.232262 0.1798185 0.1843611 0.1944066 0.1806642 0.2223914 0.2931443 0.2572241 0.1958082 0.1884924 0.242712 0.1758463 0.1751352 0.2474182 0.2300691 0.220204 0.2243813 0.1795201 0.1742769 0.228837 0.1754754 0.1935325 0.2056366 0.2204399 0.1877437 0.1707682 0.1538835 0.1497698 0.1625457 0.2025282 0.161207 0.1580731 0.1725986 0.2079064 0.1859802 0.2193438 0.2014575 0.1808118 0.1527531 0.1504578
0.2057428 0.2216688 0.239604 0.2310972 0.2241105 0.2118244 0.2031326 0.2361906 0.2374391 0.2226521 0.2216328 0.2448672 0.2166904 0.221681 0.2352571 0.2622894 0.3032039 0.306686 0.3029788 0.2778742 0.2656931 0.2604925 0.2062062 0.1896506 0.2232728 0.1746636 0.1951742 0.1709931 0.1997105 0.1956705 0.2048714 0.2307339 0.2016787 0.1774472 0.1635647 0.2143428 0.2445341 0.1933843 0.1943762 0.1888453 0.2460048 0.2372047 0.1992221 0.2085944 0.1921393 0.1456807 0.1505942 0.1562058 0.16172 0.1680435 0.1539795 0.1547344 0.1761489 0.157284 0.1520622 0.1506393 0.1479901 0.1703859 0.2089444 0.2187517 0.1975842 0.1702403
0.2054962 0.23939 0.2195212 0.1972567 0.222271 0.2020903 0.224273 0.232733 0.2550021 0.24354 0.2363886 0.2543681 0.213184 0.2220358 0.2017385 0.2084272 0.2688689 0.2754572 0.2785044 0.255735 0.2492034 0.2204616 0.191901 0.1863432 0.2025012 0.1864884 0.1828769 0.1895309 0.2264051 0.2351933 0.2274658 0.2259895 0.252561 0.2073086 0.174898 0.1803367 0.1984417 0.1687597 0.1796556 0.2019933 0.1972911 0.1958686 0.2361623 0.1810775 0.1714246 0.1717449 0.2002746 0.2277286 0.2288445 0.2343231 0.2365599 0.1588787 0.1590082 0.174639 0.1682236 0.1583897 0.1504298 0.1509479 0.1518887 0.1621681 0.1968168 0.2207053
0.2019447 0.2466361 0.232428 0.2165931 0.2311144 0.2085684 0.2282462 0.2422971 0.2272575 0.246046 0.2527247 0.2191485 0.2138367 0.2564529 0.254767 0.2238477 0.2684496 0.2402205 0.2338447 0.2321131 0.1711622 0.16932 0.2030889 0.1839235 0.1781632 0.1925259 0.1992515 0.187689 0.1865359 0.2345807 0.221962 0.1990979 0.2349378 0.2075768 0.1768592 0.1523351 0.2104086 0.2079004 0.1899679 0.2014169 0.2085807 0.179372 0.2111147 0.2350452 0.2077794 0.2432729 0.2324078 0.2277551 0.2416322 0.2355151 0.2136586 0.1599578 0.1974514 0.1815321 0.2168195 0.2150251 0.249378 0.1876586 0.1532332 0.1600538 0.1537022 0.162434
0.2003836 0.2333554 0.2206569 0.2108324 0.2216932 0.2235995 0.2166323 0.2135415 0.242589 0.2474982 0.2569115 0.2135102 0.2544025 0.2745365 0.2619008 0.2147035 0.2211682 0.2384217 0.2284924 0.2233101 0.1691231 0.1742029 0.2315156 0.2088701 0.1820727 0.1659423 0.2414303 0.198764 0.2035568 0.1894415 0.1893781 0.183812 0.2301674 0.2161573 0.1987454 0.1736021 0.2347794 0.209201 0.163781 0.1902722 0.2016025 0.1589694 0.2225166 0.2640955 0.2097131 0.1679506 0.1664591 0.1871209 0.226497 0.1873927 0.1639568 0.1738196 0.2334367 0.2085237 0.2123131 0.2068698 0.174145 0.1645186 0.1807118 0.1685394 0.151722 0.1577244
0.2017603 0.2423429 0.208431 0.2144585 0.2436956 0.2224858 0.2116026 0.2334912 0.2431653 0.2567844 0.2684323 0.2223215 0.2396236 0.2790826 0.2753515 0.2271105 0.2660364 0.2260837 0.2199628 0.1882939 0.1901508 0.1748845 0.1917392 0.2514388 0.2534939 0.1908756 0.2135728 0.233528 0.2319642 0.2589513 0.1759864 0.1546549 0.1681634 0.2081982 0.2042197 0.1631535 0.2102637 0.1845638 0.1805189 0.203428 0.2220713 0.1853826 0.1640166 0.238683 0.2575822 0.2076585 0.1657491 0.1614042 0.1899237 0.159695 0.1743865 0.2183401 0.138572 0.1548815 0.1817514 0.1762153 0.203075 0.2501041 0.1934479 0.1965567 0.2341709 0.2281577
0.2291607 0.2500953 0.2261667 0.2194788 0.2367741 0.2063435 0.2045838 0.2587121 0.2580711 0.2525961 0.2493656 0.2206254 0.2342413 0.2623477 0.2503726 0.2279848 0.2623994 0.2461862 0.1916671 0.2144219 0.1897049 0.1815549 0.1777471 0.2249487 0.2534223 0.2336856 0.2043452 0.2777597 0.2704072 0.2017411 0.1721146 0.1801586 0.1664824 0.1726161 0.1649984 0.1469552 0.2023135 0.1879069 0.1679216 0.179482 0.2203984 0.1944743 0.155679 0.1863595 0.2319686 0.1984484 0.2441265 0.1759089 0.1560987 0.1441804 0.1869666 0.2098047 0.1953675 0.1694711 0.1838053 0.1816626 0.2074796 0.1751367 0.1915557 0.2340944 0.2260538 0.1640785
0.2748607 0.2769537 0.2239134 0.2407018 0.2091302 0.1929213 0.2028754 0.2499825 0.2847621 0.2698926 0.2377554 0.2174345 0.2362655 0.2541111 0.2324459 0.2210092 0.2100383 0.239016 0.185644 0.2160522 0.1993219 0.1831143 0.1811693 0.1747674 0.2038563 0.278072 0.2296268 0.2679575 0.2281496 0.2023132 0.219108 0.2165277 0.2116904 0.1634132 0.1541106 0.1521189 0.1578352 0.1753917 0.1732206 0.1684291 0.1794248 0.1819412 0.2126886 0.1665256 0.2109904 0.1704115 0.1553646 0.1653802 0.1507519 0.1684377 0.2213426 0.1636001 0.1963324 0.1765023 0.2201175 0.1712935 0.1902907 0.2024185 0.1694476 0.1590438 0.1596044 0.1654313
0.2873325 0.2472447 0.2345566 0.2370087 0.1989103 0.180537 0.218943 0.2675045 0.2417797 0.2409571 0.2538799 0.2132266 0.2290847 0.2478987 0.2477598 0.2172865 0.2071816 0.2124407 0.1949895 0.2398126 0.1913176 0.18293 0.2089105 0.2350389 0.222112 0.2083036 0.2280254 0.2272565 0.2241294 0.2319041 0.195345 0.2261155 0.2298699 0.2024236 0.2166012 0.1938096 0.1674157 0.1438445 0.1509623 0.157351 0.1791717 0.161675 0.2147007 0.149334 0.1537855 0.1526048 0.1591986 0.1680854 0.2051875 0.1744718 0.1909939 0.1886624 0.1722184 0.1859039 0.2102953 0.1720276 0.2204362 0.2341646 0.1615812 0.1584811 0.2064793 0.1892144
0.2821981 0.2408273 0.2524738 0.2525164 0.2228149 0.2285929 0.2247011 0.265424 0.2403003 0.2313756 0.2378229 0.2208386 0.2298825 0.25226 0.217711 0.2098224 0.2371373 0.2305378 0.1934233 0.1822194 0.1913294 0.2249803 0.2226223 0.2316476 0.2377069 0.1956642 0.1917297 0.2219158 0.2487613 0.1957721 0.1892218 0.1971212 0.2013885 0.1910066 0.2687124 0.2177002 0.1710808 0.1449837 0.1566607 0.1621734 0.1501039 0.1447372 0.1506113 0.1483411 0.1601179 0.1635362 0.1965483 0.1878987 0.2073817 0.2094747 0.2108541 0.2413272 0.1990414 0.1892328 0.1589711 0.1563542 0.1652495 0.1964563 0.2027761 0.1678226 0.1900637 0.1970557
0.2430847 0.2453397 0.243663 0.2493965 0.2281748 0.2200746 0.2416486 0.2481441 0.2384978 0.2536581 0.2289891 0.1982803 0.2378786 0.255127 0.2286088 0.20448 0.2000796 0.2546744 0.2185394 0.1749205 0.1682783 0.1958465 0.2429239 0.311351 0.2609859 0.2739614 0.1938594 0.2326851 0.2199586 0.2066234 0.1743352 0.1696666 0.1649417 0.2109391 0.2074528 0.1797253 0.1674706 0.1926259 0.1953079 0.1902053 0.1747741 0.152431 0.1629904 0.1880488 0.2161756 0.1651778 0.1752656 0.2218197 0.1902655 0.168793 0.1591704 0.1545784 0.1507485 0.1968379 0.2057981 0.2275866 0.1921959 0.197602 0.1697325 0.1635541 0.171407 0.1756608
0.2394132 0.2492359 0.2585784 0.2633919 0.2461386 0.2355827 0.2729519 0.2531656 0.2476911 0.2317841 0.2410538 0.2069967 0.2148237 0.2300251 0.2382374 0.2341833 0.2005108 0.2498424 0.2684636 0.2439564 0.1889465 0.1908206 0.2452936 0.2561868 0.2161031 0.2034211 0.189577 0.2466993 0.238316 0.2381415 0.2396061 0.2384174 0.1926682 0.2147477 0.1933434 0.1913367 0.1684285 0.2145886 0.1936746 0.1980968 0.2167714 0.1707017 0.1730776 0.1877955 0.1969003 0.1898614 0.1785107 0.1818636 0.1662184 0.1930257 0.1835865 0.1542166 0.1569514 0.1410745 0.1489251 0.1640539 0.162423 0.1637356 0.1612537 0.1590694 0.1730652 0.182393
0.2434738 0.224547 0.2086553 0.2337063 0.2162073 0.2511698 0.2619907 0.2706561 0.2355949 0.2168018 0.1983564 0.1990391 0.1919197 0.2019092 0.205535 0.2468209 0.1943272 0.1910153 0.1864535 0.2074215 0.2411026 0.1993961 0.2258534 0.1976039 0.1746172 0.1656104 0.2130789 0.1892029 0.2051613 0.1988329 0.1920087 0.1729226 0.1673641 0.1725967 0.1647802 0.1504426 0.1550359 0.1889447 0.1835401 0.2170251 0.2049176 0.1690793 0.1717543 0.2039925 0.2243882 0.1990635 0.186283 0.2143497 0.163647 0.1622735 0.1825874 0.1667435 0.1500687 0.1430877 0.1446466 0.1521544 0.166789 0.1757602 0.1961477 0.2235342 0.1943714 0.1642399
0.2461407 0.2372755 0.2126171 0.2317737 0.227418 0.2468182 0.246371 0.2659575 0.2480519 0.2421291 0.2052674 0.1944769 0.2152479 0.2229972 0.2548549 0.2244809 0.237441 0.2040839 0.2427779 0.206333 0.2699127 0.2066389 0.238748 0.2606994 0.1589255 0.1427738 0.1668804 0.2005976 0.2236504 0.2061041 0.1692887 0.1754101 0.1787834 0.2077467 0.1974355 0.1775028 0.1847784 0.2276286 0.2126072 0.2014125 0.1756416 0.1847695 0.1940383 0.1891288 0.1893975 0.2450605 0.218494 0.2095518 0.1644216 0.1729021 0.1511493 0.1920708 0.2079604 0.2262921 0.222701 0.1974212 0.1704485 0.1940868 0.2156445 0.1654419 0.1572565 0.162167
0.2788602 0.2258735 0.2475029 0.245992 0.2351274 0.2517071 0.2752208 0.2350113 0.2166068 0.2092177 0.1975254 0.1997112 0.1813051 0.1870349 0.1761301 0.1918218 0.2459422 0.2593083 0.2332479 0.2533761 0.2424134 0.2724538 0.2991668 0.2570141 0.2494139 0.1806482 0.1515629 0.1595448 0.1806108 0.1549464 0.1529228 0.1651202 0.2125724 0.1886295 0.172959 0.1986266 0.1958008 0.2150191 0.224083 0.1858586 0.1651528 0.2201316 0.2561835 0.1722523 0.1777779 0.2036255 0.1700313 0.1774149 0.1580165 0.1767333 0.1719397 0.1933283 0.194143 0.2002197 0.2315389 0.2135086 0.1618441 0.1564041 0.2069513 0.1807195 0.1647329 0.1630938
0.2573738 0.2152424 0.2344908 0.2374886 0.2262505 0.2529833 0.256651 0.2346484 0.2714435 0.1962046 0.2302513 0.2492658 0.2171857 0.2048127 0.2305941 0.1859601 0.162701 0.1726603 0.1606388 0.1749185 0.2560692 0.2685657 0.2668946 0.2473591 0.1807875 0.1942628 0.1862416 0.1495219 0.1463247 0.172129 0.1491011 0.1717263 0.1909455 0.1701094 0.2117022 0.2119247 0.1942837 0.1929066 0.2023941 0.1799447 0.173892 0.2140973 0.2072761 0.1705006 0.1832501 0.1785235 0.1784072 0.190099 0.1820388 0.1649803 0.1443403 0.1406063 0.1448037 0.1587512 0.194132 0.1633427 0.168557 0.1704788 0.1910758 0.1825511 0.170337 0.1834413
0.2632712 0.2622768 0.2521927 0.2173774 0.2433257 0.2583117 0.2266286 0.2058696 0.1970076 0.231884 0.2074334 0.2334734 0.2427743 0.1760588 0.2405554 0.2341637 0.1875581 0.1886285 0.1642889 0.1813361 0.2346606 0.1995482 0.173398 0.1826956 0.2446737 0.2607082 0.2427116 0.1968674 0.1576971 0.1441281 0.1637336 0.1867525 0.1755434 0.1720332 0.2046207 0.2024878 0.1718446 0.178453 0.167992 0.1878905 0.1886726 0.2015604 0.2286833 0.16257 0.1431546 0.1468835 0.1580395 0.1896477 0.189019 0.1862139 0.1627288 0.1547599 0.1465407 0.1443128 0.13965 0.1364989 0.1512269 0.151305 0.1590017 0.1502897 0.1978775 0.2043888
0.2467935 0.2410484 0.2158256 0.2187473 0.2410221 0.2490883 0.2193203 0.2102509 0.1957598 0.2215036 0.2323016 0.2747444 0.2296059 0.1735395 0.1848891 0.2856535 0.2678229 0.2486569 0.2411319 0.206132 0.2415261 0.2347307 0.1649433 0.1447653 0.1905475 0.2043222 0.2151792 0.2494966 0.1625738 0.144937 0.1642615 0.1608081 0.1586662 0.1748724 0.2149116 0.1548487 0.1670005 0.1808326 0.1571928 0.152574 0.1981192 0.2359063 0.1977473 0.2071431 0.2548611 0.1689207 0.1537432 0.1452486 0.143807 0.1754568 0.2015492 0.2202454 0.2061612 0.2395339 0.2223063 0.1570807 0.1748527 0.1584836 0.1506144 0.1493465 0.146779 0.1721043
0.2428291 0.2300982 0.218307 0.2372184 0.2468692 0.2494044 0.215343 0.1995285 0.204657 0.2099132 0.2211092 0.264785 0.2528449 0.1817628 0.1773804 0.1720705 0.2241251 0.2812055 0.3040644 0.2572394 0.2407586 0.2412342 0.2266538 0.1474219 0.1582378 0.237482 0.1956872 0.1817743 0.1863282 0.1670234 0.1593191 0.1486773 0.1531029 0.1385359 0.1954564 0.1845243 0.1755243 0.1592579 0.1450433 0.1628512 0.168291 0.1940467 0.2022124 0.2063788 0.2038794 0.2121954 0.2466244 0.1830721 0.1464461 0.1478831 0.1962894 0.2144859 0.2202607 0.2579515 0.1887662 0.2055066 0.2226714 0.2302471 0.1942559 0.198837 0.1651299 0.1508527
0.2442809 0.2207728 0.262636 0.2484433 0.2464145 0.2536665 0.2210783 0.2069311 0.2588272 0.2134203 0.2677208 0.3067991 0.2879891 0.1854889 0.2025615 0.1844683 0.1821991 0.1799901 0.1917465 0.2302932 0.2371953 0.2312636 0.2377238 0.1905508 0.1300438 0.179608 0.2436398 0.2102476 0.1889773 0.151954 0.1519245 0.1659398 0.1794845 0.1896124 0.2103163 0.2461282 0.1891289 0.1641946 0.1464166 0.1588326 0.1810563 0.2144401 0.1799999 0.1660491 0.2117221 0.1869667 0.1700012 0.208692 0.1943962 0.1548391 0.149482 0.2050327 0.1904844 0.2295454 0.2297728 0.2425633 0.1664253 0.1902856 0.2505285 0.2138602 0.2193295 0.1785472
