data/ago/ago_beta.asc
ncols	277
nrows	308
xllcorner	-540299.14387948
yllcorner	7980296.7276279
cellsize	5000.0
NODATA_value	-9999
[rows 120 to 139 of 308, columns 135 to 179 of 277]
0.1202192302189121 0.12678453382933408 0.1162289321839794 0.13794288398406146 0.165260759885908 0.13437724565815756 0.13542538653644992 0.11680592922430041 0.15747179150723778 0.15078855250067613 0.14943279413925073 0.16238362458300817 0.20755113696299635 0.10739574826806196 0.11434698044751217 0.1255363396359184 0.12038431326085869 0.09735148545554809 0.10031205073774138 0.09635957743782056 0.10142424323787827 0.0911555362703974 0.09326926466393609 0.0814542418458477 0.0903490654416665 0.08076507353124193 0.08176337379203957 0.09228738673607852 0.0742608047507705 0.07925171676299556 0.08450297969417112 0.0610661295490352 0.05733430891000084 0.07221671360373084 0.07687482631012599 0.0737573559617081 0.08385501957497705 0.1885670918296786 0.1750321197440418 0.08619972975033346 0.09135670502867971 0.08393124654628246 0.08287710016940272 0.06532134502746499 0.06609673548598904
0.09936717416406897 0.12301256368238414 0.11626775869358777 0.11690405745953569 0.11659567717662393 0.1364606263774432 0.13961878628352922 0.21495024708289795 0.21953928495478 0.22347103217766312 0.22781769372264546 0.46085159304902895 0.2052638623253433 0.10802828043889029 0.11272315750826828 0.12526270611425105 0.10899843816712497 0.10614629346142675 0.11644405421644262 0.10842379301962551 0.10450539252092812 0.0858232516180618 0.06707235489879435 0.0901155676610063 0.09463956761849551 0.08028661024346789 0.08087552101793871 0.08884671768980101 0.10654123408602574 0.07713156672561557 0.06911919389485448 0.07355984828615554 0.06230340785123766 0.06582147417699345 0.06725018635062757 0.0819990945735548 0.08629328281819003 0.13009526051740194 0.16810492785279543 0.10548528197333057 0.10817727746889097 0.08263455718929907 0.08160340408467977 0.08017173495553105 0.061846883383135376
0.09177614465394228 0.11494419209658775 0.10101726874474602 0.09963795546768121 0.1576935716405159 0.1627654304837017 0.1261744292928194 0.1882797307856885 0.1242376147482421 0.20137441056268035 0.2065484009850676 0.21383593200755527 0.20672523096254944 0.1421684906499313 0.1429860841750787 0.10921030219404039 0.1005998408518096 0.10989295874074258 0.11554485991722038 0.10612892572897126 0.09790358322251445 0.08227536134758044 0.07751696028252092 0.07640577390983568 0.08646942246095235 0.08336663097299024 0.08925868330524932 0.09429309063292013 0.1207746090403665 0.12343280410860175 0.07531850704656783 0.0763835356120104 0.0701171630571233 0.061826321943140916 0.07028015808543296 0.07786802913224437 0.09426309458168987 0.12456054469253822 0.17494489154281018 0.16677815152912592 0.09855070863308281 0.07690860001834894 0.07585544980847844 0.062044919170133314 0.0751311653981626
0.08487587292767643 0.11449358551037667 0.11573845044019519 0.11843035344939319 0.14178037812987393 0.23375273284941644 0.26852278658481604 0.24427318821912947 0.12695159354025135 0.18711799940879204 0.1177701678918169 0.125286640037968 0.13586405168122168 0.12064338713514691 0.1121482562740381 0.10784517573368627 0.10398774771439528 0.12481154772886256 0.12726857559792737 0.12936445501229493 0.1004078659056085 0.09362117968517271 0.08156336458494211 0.08426673793290188 0.07986736638477673 0.08830295769813473 0.0877204170593794 0.09123007917770877 0.10877383735441014 0.10917442661928638 0.10472722288598181 0.07622859703041274 0.0750575014118701 0.060414748790060334 0.07367432611737378 0.06880914904824738 0.08609496864972915 0.09773406187068304 0.11072654589860301 0.08618400066840533 0.08306820475496496 0.09567467098001736 0.07102884745477989 0.06158637133537731 0.05515579631728161
0.09458825171682218 0.10666974272413532 0.12484290629200684 0.11751458374120635 0.15304857759444984 0.15965931345806847 0.2218902110331412 0.25846576086082795 0.4271045069748057 0.21769704414841878 0.10869640321486748 0.19306204691013265 0.12338029971635472 0.10064789565733 0.10759105411381789 0.10148353806807511 0.12085811636062674 0.12454445014267268 0.1190202333055117 0.12495759879402961 0.09371941942039236 0.09295276906416565 0.07429022530294509 0.07843436397767335 0.08907437364207499 0.07120293219566362 0.083196890759593 0.08530845942266077 0.11640284478900981 0.11306420757407565 0.11529792253566731 0.09151708013155434 0.08310712839735153 0.0626565603617767 0.06477082746812818 0.0759477880063437 0.09672867479789832 0.07987127267657113 0.07830052580833657 0.0784980981081087 0.07090297054773427 0.07038948535342396 0.07070671692103606 0.05748589721052135 0.04804576358569722
0.14186039200759304 0.1489795395587049 0.12090343594960311 0.11358806488425388 0.11332343158300065 0.15836837434506856 0.22269277319338038 0.23169624815518364 0.5434660414306505 0.4549220135779614 0.19122137805213582 0.19406409586564907 0.13149040405075244 0.1267076896650344 0.09227034465892708 0.09084510283101005 0.10514614297937203 0.13725932880314248 0.11860890180402973 0.11918550553782138 0.09985005501688812 0.09976552570004227 0.07703592521194595 0.07688045260554738 0.08565338384963431 0.0752977453927023 0.07856832876422715 0.0797015987630081 0.0904761698482147 0.08305202269902248 0.08009380096380715 0.08738261489909135 0.07416201812227377 0.07449620321132372 0.06448655158555172 0.07263658318554612 0.07468992438347269 0.0888530330026019 0.08328866572746647 0.05742850435989602 0.053426269205035966 0.06029390334688834 0.054030074088891954 0.05685753856883916 0.047197300910498716
0.09979022231971954 0.13130097377855635 0.10693207570865787 0.1174704308299473 0.10971100442568703 0.14334044877047436 0.2334454753959472 0.23135262328533476 0.5054690929417812 0.4660542738872706 0.19683386084494064 0.20439718182239766 0.1299160594072237 0.1362902616241572 0.10196333169974671 0.09666883794985758 0.0984029159424826 0.09624951492418576 0.09788754200316123 0.09310715041674275 0.09350987505071748 0.08659851262610802 0.07923576251732851 0.06547049420576188 0.08264670883567467 0.07157317714356273 0.07614903567323761 0.07590141177855851 0.07886992805027837 0.09766401468384413 0.07900170685118738 0.06916291271280353 0.06632710226268526 0.07726166862898604 0.07457734542331604 0.06535141265526057 0.05854494668878066 0.06116956660928653 0.06395892838737052 0.07110595041167721 0.05855445717266401 0.05437444809356775 0.05164388868224415 0.05147058444092817 0.04734680018365347
0.09436413230962212 0.11574536736555661 0.09389658628396189 0.11806292044891076 0.11259619382044152 0.1163322290251835 0.24592058807097558 0.24212289482216187 0.5159845737736928 0.44971136067793815 0.18840821414431322 0.1351099250148264 0.13488529190932355 0.1271288691244597 0.11354562137235795 0.10208084866831821 0.10986465499406259 0.09266928569638846 0.11051881113098673 0.09922621000741219 0.07573403288275085 0.07494009464050501 0.07474653477457532 0.07876845061812203 0.07341718820416337 0.06857186794904689 0.06581159280667666 0.07194259672993361 0.08002198477253533 0.08691067015751856 0.08098169143761291 0.06890166564734292 0.06639830451514747 0.06242154140938476 0.05822520467602208 0.0534521813374058 0.053818407427051775 0.05583347637340891 0.06250738283049094 0.06264571287895761 0.05872431121413415 0.06597187969832206 0.05209251906698554 0.049283442676461155 0.053456980648523646
0.10708347587473888 0.10940337620394065 0.11037415773677291 0.10982410762343585 0.10314093970161864 0.10702621403135151 0.13268496275148822 0.2040650207074919 0.24181315871905493 0.4631607889317367 0.12342093833108721 0.13118433554562592 0.12677209236390144 0.18932723251935685 0.2018072870824663 0.12576571163841735 0.11733929629231563 0.09014748531253858 0.07959725395288383 0.07909065785561008 0.07696467146967002 0.07540057361254089 0.07365509713582871 0.07125374361018084 0.0774328366114161 0.09295495974372876 0.08392218183810529 0.07286011134994808 0.0960528421199734 0.07197620788148497 0.0738454724852414 0.07748870534827337 0.0828116343024764 0.05813740565600907 0.04843029889004499 0.03944410474825409 0.05462729900411973 0.05027336973467482 0.05072685225847441 0.05592280691991563 0.06175996654204454 0.06190212664967098 0.055400280159018954 0.05395773400716658 0.047411908160871645
0.11524813113142758 0.11116744071681453 0.13328815823908102 0.11492485858383344 0.09604723454585354 0.08332658193674396 0.11334614578848738 0.2116486371334558 0.22962406679302777 0.24902386550469435 0.1831841217864576 0.18228435661993203 0.1970699296670877 0.19937413322556807 0.4106177126542952 0.19963295408872486 0.0937173744741831 0.08512871365322656 0.09183415856243844 0.06640206191209229 0.07498226874942693 0.08279644539156479 0.08132905039109571 0.09269483898141921 0.09675325704352775 0.10682977177430251 0.09870686666498055 0.09445710008139599 0.09262134269034661 0.08778725548713553 0.0770226923851107 0.07984429730505768 0.08568072146921873 0.07179201184897764 0.053905790330050087 0.05374328299459486 0.05784160790991626 0.05506412409869796 0.05047194534046197 0.06525958527158134 0.07556309945544562 0.06862945581160353 0.06437990703067177 0.07736194078257135 0.05609826133766429
0.08603980814066953 0.0874770255935655 0.10779348410620077 0.1324700787935776 0.10817943250697182 0.09765990090754163 0.11416474734300276 0.11250246170707166 0.14992851643306043 0.22722101232829695 0.21492046416039431 0.17904250960873208 0.17132691025974414 0.1817921068104345 0.3962688373979961 0.18233787502108126 0.09927085283162125 0.09809081223747955 0.07206588695089783 0.06996706966291344 0.08490715105168956 0.08954306868548885 0.1159109325845212 0.11046692632563349 0.10001604115590938 0.09952592592788104 0.10160084781322422 0.09034652931614115 0.10604088263142535 0.08789494046563531 0.07316193403448426 0.08896010244255496 0.08622322971947134 0.07707523869102285 0.058221895602197905 0.060677619647929205 0.06126286946569062 0.05025371859610699 0.05356381979414815 0.060474779192076306 0.08349334622342977 0.062480726468109565 0.0633397809923551 0.07731122525756975 0.06071631691828047
0.08180401601461658 0.10274145314452682 0.12625543353209312 0.1264387388080515 0.13074979008094992 0.1164644352632518 0.10877885721980915 0.14322571729699313 0.15114132508593733 0.21652514628641842 0.2077227868320552 0.1412154915804139 0.17765950339981557 0.3799704113204621 0.40072742534876277 0.17537902441248993 0.11075025385258278 0.08385136600073538 0.07404679504273805 0.07660211685568058 0.11328291185412746 0.10451374699045346 0.09838976262769417 0.09845087718419752 0.10237826716666164 0.10547420077165605 0.11854229028844017 0.12400252726976871 0.11462568287013153 0.09721374126654672 0.06576307434342389 0.10841397213634142 0.08423645502114592 0.12718462426832697 0.09335317309596845 0.09506730981417934 0.07663112878038499 0.07618676190204064 0.06160731940173966 0.059907186061066 0.07875652713116564 0.06696202573763001 0.06581608215803421 0.0483548965155453 0.04532575218570905
0.08505462898663028 0.07944066604589789 0.10376918496854526 0.11954452893198153 0.11797054622308943 0.13663308131277824 0.13456320285663312 0.1167412279803957 0.10792884280967914 0.1305067800018882 0.20748514394667675 0.10637384473101584 0.1761369262314862 0.38445014648834264 0.427635444324276 0.21518698354286972 0.11585166564544316 0.11888928322760126 0.0985742012289253 0.0911348564349008 0.10903409882780261 0.12028191088887988 0.09505277201853644 0.09552752178088889 0.10479303064386619 0.11836844928053876 0.12448768745968605 0.132853718359995 0.1312205553191303 0.10655963096535782 0.1075366887596555 0.09909814459846455 0.12605497968914206 0.12635140593385932 0.12097493289702725 0.08203377393407178 0.08638702707210838 0.07855348698657919 0.06912544834502053 0.07329164298997164 0.06888809838745309 0.06918081531312864 0.04711517737051561 0.045420492327681715 0.04838755123760623
0.10320849072156152 0.07941608235208061 0.09820505726397932 0.08418701672541332 0.1112917288485508 0.12564006654067295 0.12446072784528223 0.10836925787811265 0.19418790838881414 0.18028411082995857 0.18602447692915478 0.12259317589320586 0.184252425636453 0.3828600939470539 0.4222902596114945 0.20412907350877213 0.18031601420004945 0.08871934708340924 0.10001466657491656 0.09395729378323366 0.11553768947165874 0.10772924529472758 0.1091795260160626 0.09290796891537295 0.09868293604407091 0.07693496590081382 0.11439072197724381 0.14261003281757348 0.11790248498548275 0.12258579498887016 0.11984898704072465 0.13882525156367626 0.12410352865157068 0.17623336284681163 0.12864860020091407 0.11670867457541304 0.06835256816969612 0.06527005653632066 0.07681887452641943 0.07110573969371498 0.0695764513066088 0.07017240889718121 0.046288466108702374 0.046807465980325896 0.0438876250205471
0.09359845047604283 0.06655118035846672 0.07141481991475364 0.08077784505023629 0.09784379946710944 0.11112260606007261 0.11319073020581026 0.1090186548349165 0.12929127437498603 0.188981697597262 0.18777740964958045 0.1871044904714346 0.398457972439054 0.43609803836919925 0.1951877637208176 0.11425471920593745 0.11079197740378381 0.09650626185869515 0.09799350683198542 0.09297616141845089 0.08759842374409178 0.0961556961537533 0.09436441001844632 0.08680870038321502 0.11023826013720185 0.08600483466092049 0.11311370244648665 0.15525608723517514 0.16024916010036974 0.1675603469549965 0.15973939182072452 0.17036229491348498 0.1752315189166373 0.12484389535279922 0.13219963724314518 0.10988167656834766 0.06646406484486928 0.055535758987561565 0.06943868511535811 0.07202235360383999 0.06457761214835869 0.06544586172568025 0.04744839485816123 0.04492366028361668 0.042864892204083245
0.08919634980392681 0.07216218248930675 0.07760423047317909 0.07775480385096312 0.07837235253322584 0.07809758934978495 0.10585977364503506 0.1402375582860589 0.1462455427596112 0.12481577262440764 0.13779156019279074 0.1307550495619813 0.1968564623672749 0.13582919350143896 0.19244686338622083 0.18211790731756933 0.09997117050253208 0.13394441545279626 0.10571772272500896 0.10581071823831426 0.0948532802409985 0.11454452158259942 0.1434850974017143 0.13468098853784657 0.13123027788383965 0.10690331217621833 0.14000715472364586 0.19711626139041716 0.20918246527392192 0.11375331849311406 0.11105841697660193 0.15897691066733305 0.16740120507165598 0.18146692241502113 0.13599244471439478 0.11273376541472321 0.08097164041564131 0.06490510915436742 0.06478456397414806 0.07862188542589023 0.07564169453130465 0.07497031172192879 0.08225919812231033 0.035727515650079325 0.0425303163086128
0.08633315738347884 0.07123745118287705 0.06245519165721809 0.08364779980745805 0.07646062853408495 0.07499420311678782 0.11081431171019555 0.15142915144227925 0.2248287456365081 0.21876276111073764 0.11086014350349485 0.10819517891480067 0.13365116870907764 0.18826697227600844 0.21369461048646066 0.1842582021988167 0.12120051241199213 0.1881323221860606 0.08822004047468389 0.1257264022641859 0.0917346702864747 0.13624567219350353 0.15017201036827268 0.18365677180795392 0.18633945125100568 0.15387091403870173 0.14347306440528287 0.17413943218980849 0.13253846634398572 0.08934656613288021 0.0896983542771048 0.14325545218739633 0.14204002624980164 0.18251301258772715 0.14316495979312435 0.09126326029169757 0.07716576745908978 0.06395539245245471 0.05997901778395659 0.07547250267022201 0.07737955071821143 0.09384721071880438 0.1037450097408822 0.047134929141524604 0.041722370077677866
0.0994404412810319 0.08006220806303055 0.06496574255289847 0.0671773238756071 0.09509679075095338 0.08649014027356158 0.11664628831600303 0.12489669407665736 0.1376140176472306 0.13979151189432848 0.15994272912064716 0.13641581208381007 0.2064236755973553 0.18788437104737954 0.17307357422096384 0.1812755731331735 0.18320382837988422 0.18783999820165936 0.12910668326384012 0.13379885771942762 0.1417314197964809 0.14158596778500115 0.14220216914457848 0.13425715623473283 0.18776771201960935 0.15421348457488324 0.12725172107875637 0.1657948146008782 0.13060884425059804 0.13035198705304035 0.12566775224544258 0.13884122431895168 0.14027135782071323 0.19108694474971066 0.1470724557353116 0.11231497352505745 0.06700008785039618 0.06789349950221381 0.05946054796656661 0.07704833290592472 0.05638040901056446 0.05752207792434006 0.05706084189175255 0.04882826091205066 0.04671688664630568
0.08127574688742513 0.06270845377414344 0.06905236151324694 0.07115132819903978 0.09906104606696044 0.08106092975165712 0.110467351568421 0.10982973583731058 0.12758707323549412 0.13193845081454653 0.11464173079226325 0.11434282340800392 0.1365302164038782 0.19433981894167557 0.4123950342466069 0.4047945738401957 0.3965292539111672 0.18814649773465617 0.1323022406126947 0.13230210595696476 0.14307662974635282 0.1395997744084736 0.1368333479003272 0.12744147124793562 0.1628073486676697 0.18101708386325085 0.1698275724825418 0.176932894975935 0.18270816305015808 0.1293564499023983 0.12787798409581072 0.13029280107542834 0.17707164050979632 0.13873000752973602 0.13421720337530788 0.10715566033297119 0.08920583083227165 0.06291240505861108 0.06394919207425084 0.06769582008487449 0.058335550448201864 0.056476315801198336 0.05818745552280018 0.06257444194921198 0.04654551111736346
0.07877073952049864 0.07720722462395063 0.07123822347154159 0.079649291369646 0.08345196820195128 0.0867564398112931 0.10574061163787099 0.11323881604742839 0.1236340872408045 0.11026549673354728 0.10698176354553518 0.13264460483885146 0.1397892512944181 0.2176953291018978 0.4740356979922707 0.2154920110862099 0.4439331497040501 0.22390529332391632 0.126871816056428 0.13302175560617513 0.12974326157218802 0.137439245137829 0.13455067426669565 0.14115846333122348 0.17839295171513941 0.1886523376998914 0.18689527875224277 0.18572521640023237 0.18231844349098944 0.19314300469232332 0.17134893435231194 0.17353393964090713 0.14237741650039035 0.14040352042031495 0.13601926523242272 0.13493752245519575 0.10806828357880062 0.10946617537718455 0.08024925809173794 0.06237499385789622 0.06122508132945538 0.0833867859402156 0.07731931689702182 0.10080439900785289 0.04560485665266275
