data/moz/moz_pfpr210.asc
ncols         234
nrows         368
xllcorner     195196.26821073
yllcorner     7004178.4200866
cellsize      5000
NODATA_value  -9999
[rows 62 to 92 of 368, columns 140 to 209 of 234]
0.3313263 0.3573696 0.3307495 0.3316221 0.3177392 0.3340665 0.3171128 0.328888 0.3546531 0.3318905 0.3284017 0.3419434 0.3223142 0.3213569 0.3237088 0.3085355 0.3308895 0.3146547 0.3148023 0.3067659 0.313946 0.3017375 0.3249971 0.3204011 0.3330575 0.337805 0.3135885 0.3182283 0.3136137 0.3273363 0.3261307 0.327632 0.3460431 0.3577236 0.3523492 0.3527253 0.3458229 0.378075 0.3464531 0.3234859 0.3304459 0.2922847 0.2715678 0.2991507 0.2983389 0.2846738 0.2733313 0.3032472 0.2757299 0.280995 0.2881009 0.2734941 0.285742 0.2885737 0.3063188 0.3177325 0.3454751 0.3565073 0.3613804 0.353822 0.3427133 0.3537417 0.329865 0.3275002 0.3089696 0.3305529 0.3177688 0.3352982 0.3003776 0.2977458
0.3448486 0.3481511 0.3441369 0.3508103 0.3252228 0.324849 0.3273181 0.3409215 0.3363516 0.3301668 0.3572139 0.3419896 0.3207107 0.3345504 0.306258 0.3055259 0.3174438 0.303024 0.3049944 0.2945865 0.2829607 0.3093604 0.3137071 0.3227661 0.3269948 0.3408133 0.3303615 0.3018235 0.3241433 0.3317513 0.336343 0.3429408 0.3494031 0.34463 0.3545076 0.3633258 0.3489057 0.33403 0.3445599 0.3236284 0.3275456 0.307915 0.2876388 0.296546 0.308607 0.2903965 0.3051012 0.3091396 0.2681305 0.279959 0.2878226 0.2915993 0.2894595 0.2789883 0.2982336 0.3406624 0.3641602 0.341129 0.3233486 0.3279732 0.3343055 0.3310418 0.3249685 0.3497042 0.3319534 0.328637 0.2965111 0.3161362 0.2825984 0.2870481
0.3395872 0.3404146 0.3186319 0.3279355 0.3427081 0.3390527 0.3359073 0.3300965 0.3164088 0.3159776 0.3147183 0.3046062 0.3136415 0.3100913 0.3101387 0.3273062 0.3152319 0.3242792 0.3221844 0.3310015 0.3264579 0.3175066 0.3144214 0.3155513 0.3181084 0.339333 0.3234837 0.3167251 0.3195 0.3188579 0.3343679 0.3483619 0.3586329 0.3570246 0.3682872 0.396036 0.3699534 0.3270595 0.3430995 0.3280071 0.3409994 0.310409 0.3133344 0.2851928 0.286808 0.2785021 0.2730202 0.2858708 0.275708 0.3080492 0.2833345 0.2865657 0.280657 0.2763194 0.3218305 0.3637772 0.3515423 0.3686436 0.3859673 0.3208037 0.3374081 0.3335773 0.3375199 0.3485319 0.3047924 0.2972592 0.2754046 0.2752294 0.2862787 0.2961884
0.3182321 0.3188342 0.3129025 0.3114183 0.3289245 0.3342214 0.3320324 0.335538 0.323938 0.3171331 0.3172909 0.3168223 0.3204859 0.3203709 0.3020028 0.3172316 0.30952 0.3482455 0.3331152 0.3438269 0.3078805 0.3264085 0.303551 0.3039456 0.3156944 0.3003356 0.3004625 0.2954595 0.3065043 0.3157879 0.3583938 0.3497854 0.3596528 0.3459486 0.3523946 0.3862565 0.3509696 0.3061539 0.3174289 0.3064097 0.3124013 0.2852128 0.3055593 0.2946565 0.2671289 0.2804953 0.2439493 0.2581172 0.2871729 0.2949668 0.2877217 0.2867639 0.325666 0.3243198 0.3404917 0.329702 0.296929 0.2955783 0.3280492 0.2902887 0.2954297 0.3156718 0.297217 0.2811468 0.3014753 0.2905623 0.3112955 0.2962773 0.2986926 0.2770595
0.3373035 0.3375114 0.3380581 0.3121228 0.3268967 0.3303059 0.3458119 0.3119271 0.3270766 0.307315 0.3109928 0.3060115 0.3093889 0.3041863 0.318152 0.3140494 0.3219916 0.3193051 0.3251255 0.3361323 0.3132964 0.3109658 0.3123262 0.3189396 0.3055391 0.3047259 0.2957761 0.3038072 0.2976774 0.3050895 0.3694073 0.3419713 0.3657385 0.3607262 0.3608766 0.3420653 0.3179995 0.3304116 0.3264505 0.3144402 0.3257949 0.3334811 0.3221865 0.3060514 0.3139447 0.2968464 0.2769972 0.2808996 0.3209329 0.3240934 0.3447382 0.3380785 0.3296936 0.3327557 0.3257186 0.3256832 0.3322444 0.3104143 0.2921818 0.2930783 0.2901014 0.3073408 0.3001603 0.2821228 0.2901075 0.2992139 0.2918307 0.3022186 0.2638198 0.268327
0.3366313 0.3363157 0.3333951 0.329253 0.3266486 0.3173554 0.3208292 0.3130897 0.3241112 0.2885152 0.2872852 0.2894671 0.2970563 0.3092163 0.3204132 0.327057 0.3373101 0.3191075 0.3282219 0.3200485 0.3117227 0.3206862 0.311112 0.3290217 0.3304067 0.3091315 0.3219103 0.3160852 0.3180574 0.3193609 0.3398947 0.3297516 0.335092 0.3455139 0.3636706 0.3588855 0.3228417 0.3126444 0.3036371 0.3099609 0.3333389 0.3204877 0.3161016 0.2951899 0.3042797 0.3269619 0.3522646 0.3379342 0.2944452 0.3248305 0.3346632 0.3117118 0.3021476 0.2970876 0.3262636 0.3301021 0.3208544 0.3081202 0.2952761 0.2998581 0.3024313 0.2950604 0.3249415 0.3465801 0.3447269 0.2792071 0.2891538 0.3083975 0.2818079 0.2997775
0.2925743 0.324349 0.3331555 0.3186839 0.333181 0.3241372 0.3246504 0.3040265 0.2780055 0.2948985 0.3179028 0.2901653 0.3125889 0.2946108 0.3020248 0.3168271 0.3314863 0.3253519 0.3178128 0.3377484 0.3264521 0.3320374 0.3273798 0.3151218 0.3261297 0.3131087 0.3224092 0.3116803 0.3220758 0.3465877 0.3362387 0.3220781 0.3457544 0.357068 0.3630862 0.3371198 0.3413159 0.3160238 0.320036 0.3324438 0.3417699 0.3312533 0.3134604 0.3231342 0.2977322 0.3240922 0.3290567 0.3262354 0.3120613 0.305193 0.3078251 0.3115549 0.3248641 0.3335697 0.3257467 0.3169561 0.3389791 0.3068404 0.316409 0.3139732 0.3155719 0.3259032 0.3522146 0.3452394 0.3376215 0.2843984 0.276003 0.3261195 0.3082201 0.3054467
0.2933281 0.3215668 0.3331438 0.3151939 0.3194779 0.3348212 0.3440881 0.3007715 0.2792009 0.3078082 0.3297653 0.2915296 0.3097895 0.3020688 0.3070903 0.3053977 0.3251812 0.3198602 0.311042 0.3231722 0.3346524 0.3283867 0.3390747 0.3001453 0.3121395 0.3177397 0.323604 0.3222538 0.3207185 0.327913 0.3368233 0.3238201 0.3502057 0.384791 0.3764869 0.3301449 0.323525 0.3215771 0.3063487 0.3449633 0.3554591 0.3786909 0.3219919 0.3245044 0.3171693 0.2880828 0.2901638 0.3206874 0.3265432 0.3442571 0.3591391 0.3443841 0.3515903 0.3551442 0.326419 0.3290533 0.3513889 0.3512834 0.3476567 0.3082505 0.3466441 0.3671325 0.3673966 0.3600492 0.3204632 0.2945676 0.3005167 0.3117051 0.3084751 0.3156385
0.3172083 0.3052506 0.3282958 0.3264264 0.3179081 0.3305734 0.3238127 0.31386 0.2835137 0.3007527 0.2801488 0.2752364 0.316707 0.2967055 0.2910648 0.3020146 0.3275118 0.3124527 0.3021056 0.2947015 0.30285 0.3151858 0.2979843 0.30207 0.3197962 0.3219971 0.3230504 0.3260706 0.3356168 0.323146 0.3372284 0.3350539 0.3631102 0.3726494 0.3564071 0.3271756 0.3366941 0.3452564 0.336297 0.3666018 0.3358936 0.342253 0.3061815 0.3144348 0.3228646 0.2883134 0.2889652 0.2724916 0.2997643 0.319145 0.3512594 0.3411093 0.3682581 0.3410642 0.3322852 0.3443887 0.3363543 0.3757676 0.3872881 0.3351678 0.3286561 0.3119957 0.3045233 0.3564911 0.3136409 0.3341599 0.2843914 0.3017301 0.2699527 0.2924666
0.3397325 0.3313271 0.3285381 0.3417173 0.3434978 0.2981037 0.295624 0.271219 0.2772921 0.2775036 0.2839106 0.2940888 0.3165336 0.3307757 0.3068997 0.2976344 0.3055875 0.3007911 0.2894114 0.3111182 0.2976791 0.3105175 0.3243924 0.3314624 0.3164319 0.319697 0.3349648 0.3232713 0.3201199 0.3285821 0.3399943 0.3374617 0.3404043 0.3604366 0.3409871 0.361291 0.3784489 0.3773343 0.3914434 0.3931911 0.3345848 0.3239141 0.3054451 0.3083752 0.3174882 0.310941 0.2903782 0.2926496 0.3156615 0.3225214 0.3499067 0.3629025 0.3859076 0.4001971 0.3507012 0.3387797 0.3536645 0.3895519 0.4436461 0.3469951 0.3104234 0.3150048 0.3100899 0.3407365 0.3364108 0.3118584 0.2913982 0.2769426 0.2705445 0.2911975
0.3307578 0.3070329 0.3166441 0.3208378 0.3279515 0.2851353 0.2884145 0.2839373 0.28123 0.2660738 0.2926024 0.2844292 0.2969624 0.3019202 0.2760207 0.2832891 0.3036132 0.3140503 0.3207764 0.3227334 0.302748 0.2868335 0.3159005 0.3321919 0.3161261 0.3117226 0.3329799 0.3145328 0.3364752 0.348464 0.3559616 0.3286806 0.3555194 0.366094 0.3732789 0.3619355 0.3647932 0.4061255 0.3927958 0.40885 0.3400805 0.3014401 0.2930834 0.311977 0.3176756 0.3318025 0.2880843 0.3198605 0.3315356 0.3477196 0.350937 0.3847354 0.3917387 0.3936673 0.4087584 0.3956388 0.4037758 0.3684475 0.3388689 0.3131174 0.2852829 0.3096762 0.3098622 0.3162181 0.2966263 0.2991311 0.3180883 0.2395044 0.2527239 0.2657046
0.3136706 0.3217694 0.3153468 0.3191783 0.29803 0.293041 0.2829536 0.2715133 0.2784206 0.2799036 0.2777369 0.2716943 0.2953036 0.2798128 0.2766816 0.2955087 0.292598 0.2899382 0.3100246 0.3154777 0.3103073 0.3084656 0.3270702 0.320327 0.3011335 0.3157662 0.3241553 0.3291008 0.3345171 0.3343894 0.3641265 0.3313021 0.3550539 0.3337089 0.3761922 0.3474775 0.3649841 0.3896853 0.4074619 0.3320163 0.303284 0.2951668 0.3028671 0.3062463 0.3019097 0.3139147 0.329105 0.3712274 0.3551811 0.3579443 0.3504563 0.3724936 0.3876998 0.3812892 0.3945791 0.4163301 0.3971391 0.3192583 0.3014983 0.3197547 0.3068298 0.321507 0.3241725 0.2952954 0.3082655 0.312167 0.2734257 0.246586 0.2541612 0.2558432
0.3267489 0.3273921 0.3285995 0.3268443 0.338928 0.3031645 0.2994703 0.3114038 0.3189818 0.270238 0.2681508 0.2703612 0.2631789 0.2657692 0.2793131 0.3018988 0.2983861 0.3259665 0.3157666 0.2982478 0.3028928 0.3143489 0.3249741 0.3295268 0.3251432 0.3410464 0.333371 0.3165397 0.3139477 0.3479767 0.337542 0.3356829 0.3555179 0.3430605 0.3581987 0.3576937 0.394967 0.3893005 0.3675961 0.3430875 0.2852983 0.2960128 0.2866726 0.3085003 0.3155118 0.3293104 0.3285693 0.3213653 0.3186172 0.331915 0.3289025 0.3594423 0.3609768 0.3661304 0.3764978 0.3832345 0.3390366 0.3133355 0.3219162 0.3256241 0.329163 0.2854964 0.2862829 0.288032 0.2863999 0.2670349 0.2812652 0.2846362 0.2703031 0.2821309
0.3099877 0.3276629 0.3385939 0.3387172 0.2875009 0.30388 0.3156661 0.3424475 0.3166657 0.2615103 0.2439782 0.2643859 0.281395 0.2901776 0.2906387 0.298746 0.3007077 0.3179579 0.3225664 0.3217921 0.3170367 0.3117358 0.3184024 0.340335 0.3415846 0.3571539 0.319435 0.2971822 0.3164128 0.3454437 0.3486302 0.3622606 0.3335591 0.3614444 0.3633288 0.3468255 0.3389667 0.3612499 0.3759708 0.3004826 0.304348 0.2887477 0.3002728 0.3115607 0.306216 0.3409876 0.299688 0.3314506 0.333062 0.3488891 0.3159105 0.3424288 0.3887292 0.3432027 0.3389675 0.3474979 0.2941734 0.3010082 0.32601 0.3037519 0.2953005 0.2688966 0.2851831 0.3042697 0.2564768 0.2398992 0.2877796 0.2964165 0.3029551 0.2765756
0.3151016 0.3202939 0.3227718 0.3304256 0.3175948 0.3194572 0.3475959 0.3446389 0.3134496 0.2685366 0.259576 0.2719862 0.2785875 0.2832985 0.2977457 0.3052928 0.3153656 0.331205 0.3144349 0.2993802 0.3190488 0.338006 0.3275751 0.3430673 0.3531465 0.3589603 0.3174697 0.2979146 0.3208647 0.3564915 0.3506137 0.3531196 0.3337423 0.3279971 0.3341642 0.348292 0.3465271 0.3471904 0.3499759 0.2907028 0.2850449 0.3015917 0.3083032 0.3063948 0.3367513 0.309923 0.2862754 0.3268238 0.3353876 0.3855461 0.3602864 0.3747228 0.3860863 0.3452761 0.3569387 0.3628041 0.2991613 0.2959615 0.2621498 0.2799513 0.2610263 0.2671078 0.248973 0.2676648 0.2586082 0.2585597 0.2820819 0.2707241 0.2874181 0.2710221
0.324142 0.3062719 0.3051218 0.3187989 0.3210222 0.3156141 0.3219255 0.3314111 0.3112233 0.2745472 0.2623858 0.2963 0.2875969 0.2716487 0.2652979 0.3049334 0.3151657 0.3296031 0.3273817 0.3049502 0.3281507 0.33649 0.3008999 0.3098676 0.3612139 0.3510177 0.3015197 0.323032 0.3228955 0.3579115 0.3549924 0.3111566 0.2985404 0.3141713 0.3285921 0.3247474 0.3314568 0.3461989 0.344956 0.3160153 0.3009622 0.3274501 0.3193161 0.3029681 0.3320823 0.3290367 0.2930061 0.3124416 0.3428168 0.3810547 0.3920602 0.3950034 0.3845594 0.340448 0.3373548 0.348416 0.3115856 0.3032734 0.269294 0.2841031 0.2825263 0.2574517 0.2468628 0.2777018 0.2812748 0.2841267 0.270537 0.2916269 0.2932197 0.2952735
0.3088238 0.31538 0.3126042 0.3236955 0.3211052 0.3123302 0.2873068 0.2938954 0.2932067 0.2720659 0.3006362 0.3002893 0.2694296 0.2621824 0.2771285 0.3089714 0.3182451 0.3146523 0.321866 0.316409 0.3440803 0.3237081 0.3191396 0.3365601 0.3430501 0.3091423 0.2830642 0.3105675 0.3418123 0.3558047 0.3243112 0.3199137 0.2914852 0.3129509 0.2919626 0.3291796 0.3327316 0.3353764 0.338461 0.3003204 0.3022487 0.3536178 0.3284659 0.3373233 0.3415087 0.3557189 0.3097125 0.324407 0.3436141 0.3467325 0.3512939 0.3591416 0.349448 0.3438916 0.3166528 0.3109104 0.2869445 0.2758468 0.283695 0.2887759 0.2729203 0.2602846 0.2574758 0.2819526 0.2714032 0.2954774 0.3059915 0.2877231 0.2888273 0.3167687
0.3176489 0.3185791 0.3137445 0.3092995 0.3002889 0.2873327 0.2974702 0.3249803 0.3041663 0.2886998 0.2783281 0.277598 0.3049703 0.3095475 0.2975939 0.3334794 0.306868 0.311179 0.3277529 0.327813 0.3235626 0.3284467 0.3127435 0.3099754 0.3117092 0.2776128 0.2814529 0.2840816 0.2943491 0.3311458 0.3380071 0.3417709 0.3386965 0.3192186 0.2954823 0.3273508 0.3426414 0.3343827 0.3388146 0.2900932 0.2897228 0.3061012 0.3185025 0.310989 0.3004835 0.3275059 0.3099509 0.3325662 0.3482911 0.3409306 0.3430077 0.3605675 0.3392664 0.3202007 0.3387084 0.2918811 0.2927367 0.2798455 0.2958232 0.281773 0.2809778 0.2866948 0.275957 0.2901701 0.3042214 0.2932754 0.2937002 0.2904346 0.2975751 0.3019495
0.3011474 0.301762 0.3174064 0.3237212 0.3037106 0.2931655 0.3048052 0.3317439 0.3200477 0.3111173 0.3104438 0.2701712 0.2776273 0.3259119 0.3281255 0.2963073 0.3061821 0.3128471 0.31801 0.279235 0.3102255 0.3390475 0.3483765 0.3527707 0.347157 0.2902256 0.3019768 0.2777176 0.28399 0.2888561 0.3139481 0.2996454 0.3492688 0.3185093 0.3315711 0.3324318 0.3029736 0.3056846 0.3123032 0.3142875 0.2869655 0.2946482 0.330174 0.2969232 0.2895823 0.3409847 0.3202678 0.3269105 0.3436684 0.3269245 0.3152979 0.3108035 0.3122507 0.3268857 0.3378049 0.295978 0.2949611 0.2813866 0.2963777 0.2964234 0.2998353 0.2961086 0.2950831 0.3067161 0.2862023 0.2992453 0.292354 0.2985782 0.3033656 0.3166218
0.3048654 0.313554 0.3195155 0.3188936 0.3201208 0.3054427 0.2927842 0.3231995 0.3126317 0.3138734 0.3213849 0.3304216 0.3132586 0.3021767 0.3058988 0.3081076 0.296507 0.3271514 0.3068847 0.2963113 0.3149431 0.3362706 0.3528229 0.3523826 0.3345429 0.3249412 0.3257473 0.3318565 0.3224928 0.3328041 0.3201208 0.3105035 0.3006925 0.2985188 0.2965086 0.3109632 0.292842 0.3065581 0.32059 0.3178967 0.3259756 0.3162803 0.31747 0.311626 0.32066 0.3075212 0.3006918 0.3179613 0.3369223 0.3685785 0.3785023 0.3253286 0.3177797 0.342963 0.3416718 0.3327759 0.2951583 0.2958013 0.2869743 0.2620991 0.2658397 0.2870926 0.303368 0.3098014 0.2901463 0.3084915 0.2994246 0.2969347 0.30515 0.308329
0.3247822 0.3278907 0.3442357 0.3327903 0.3375737 0.2869846 0.286053 0.2832465 0.3279054 0.3274189 0.3127044 0.3191722 0.3051857 0.3101323 0.3054864 0.3089312 0.295505 0.2961475 0.3352658 0.3482185 0.3610746 0.3285728 0.3434494 0.3377178 0.3218618 0.2990609 0.3377645 0.3206467 0.3326571 0.3479338 0.3371106 0.3372958 0.3105939 0.2978108 0.3037753 0.2886023 0.3006191 0.3033209 0.2815753 0.2848128 0.3027759 0.2952273 0.2983536 0.2996831 0.2950054 0.3014509 0.3342047 0.3511186 0.3511485 0.3655791 0.3793002 0.3518127 0.3537239 0.3513524 0.3145933 0.3396571 0.3555321 0.2977409 0.2782955 0.295555 0.310631 0.2959172 0.2887721 0.2781593 0.2980078 0.3081366 0.3169515 0.3034431 0.3060519 0.2991796
0.3308181 0.3165343 0.3262156 0.3475483 0.3208714 0.3003218 0.2977501 0.3010847 0.3233616 0.3251092 0.3354391 0.3194183 0.3153709 0.3246046 0.3226911 0.3275285 0.3186443 0.3116401 0.3448313 0.3672374 0.3668885 0.3282186 0.3095664 0.3308588 0.3236373 0.2993274 0.3140104 0.2932488 0.310625 0.3087336 0.3036556 0.3126429 0.3549187 0.3209095 0.2887921 0.3056453 0.2881882 0.2976034 0.3211084 0.3247282 0.2984408 0.2899915 0.3063388 0.3126799 0.3300466 0.3173547 0.3357691 0.3220913 0.3488682 0.3534171 0.3508627 0.3566068 0.3501457 0.3540843 0.3001656 0.3209556 0.3384325 0.3004318 0.2949446 0.3050618 0.3000717 0.2864764 0.3026542 0.2884336 0.3116875 0.3182487 0.3255798 0.3118838 0.2887304 0.2993099
0.3236488 0.3071093 0.3118869 0.3008307 0.2852519 0.2977584 0.2938141 0.2991142 0.3230043 0.3263298 0.3241661 0.3236241 0.3144318 0.3219191 0.3352105 0.3494174 0.3425866 0.3266406 0.3513255 0.3346596 0.3391537 0.337114 0.3109863 0.3185928 0.3094984 0.3056984 0.2858058 0.3005551 0.2967839 0.3057159 0.3170241 0.3126195 0.314524 0.3040416 0.3270817 0.2902703 0.2901182 0.3100324 0.301124 0.3129961 0.3101736 0.3112527 0.3115728 0.3153186 0.3223186 0.3316236 0.3323345 0.3295428 0.3273021 0.3329833 0.3361408 0.3219898 0.337685 0.299289 0.3107226 0.3173912 0.3053334 0.3033104 0.3193875 0.2960728 0.2928053 0.2815184 0.2989001 0.2852578 0.3284329 0.3087263 0.3009893 0.3580703 0.3299854 0.3568817
0.3471671 0.3142969 0.2823564 0.2854502 0.3027919 0.3030041 0.3304707 0.3079327 0.3210987 0.3041489 0.3140413 0.3310639 0.3447148 0.3448951 0.3436711 0.3512976 0.3147609 0.3243049 0.336442 0.3363781 0.3091639 0.3130806 0.3103873 0.28959 0.3009793 0.3145239 0.2892163 0.2854618 0.2794041 0.2895558 0.2888704 0.3044884 0.3164095 0.3155903 0.298431 0.2997973 0.3155813 0.3146035 0.3073038 0.3157167 0.2992438 0.2949274 0.3106785 0.3196 0.3128061 0.3309851 0.3239933 0.3150754 0.3204373 0.3320818 0.3279971 0.3227004 0.3322358 0.3142452 0.2976544 0.3253148 0.310969 0.3043319 0.3114817 0.2732969 0.2970664 0.3412809 0.3423043 0.3538611 0.3540161 0.3408606 0.3421234 0.312351 0.3451018 0.3219104
0.3414106 0.3209403 0.2977458 0.3022629 0.3191535 0.3243013 0.3431206 0.3229696 0.3508522 0.2949354 0.2840604 0.3289832 0.3493826 0.3480868 0.3528755 0.3568442 0.3159538 0.3276821 0.330018 0.3074309 0.3245955 0.323593 0.3280373 0.3235712 0.3342065 0.3143153 0.318643 0.290665 0.3082677 0.3172777 0.3259442 0.3100303 0.291874 0.2646796 0.2866936 0.289856 0.30447 0.3208824 0.3057623 0.3090356 0.2954105 0.2963727 0.3167688 0.3298494 0.3262454 0.3314539 0.3287379 0.323309 0.3020916 0.3078598 0.3058544 0.3418314 0.3589332 0.3320831 0.3470697 0.3616423 0.3090392 0.2923725 0.3092292 0.323538 0.3532099 0.3259872 0.3077899 0.3127261 0.3152723 0.3306539 0.3120077 0.2974899 0.3273504 0.3185258
0.3275721 0.3385279 0.3121339 0.2903913 0.3261237 0.3279985 0.342128 0.3459652 0.3683198 0.3003183 0.3050867 0.3574004 0.3641008 0.3656707 0.3606905 0.3567019 0.3379463 0.3282619 0.311174 0.3098589 0.331831 0.3496646 0.3352967 0.3489012 0.3221672 0.3135269 0.3258381 0.3312027 0.3339284 0.3265458 0.3049257 0.2598195 0.2688856 0.2687428 0.2631072 0.2834902 0.2998764 0.2835789 0.2872838 0.301096 0.2939137 0.3185653 0.3104006 0.2824915 0.3012445 0.3026155 0.2765443 0.2881956 0.3067466 0.3136427 0.320566 0.3369163 0.3596287 0.3453286 0.3660441 0.3515153 0.3503432 0.3198868 0.2898862 0.3175896 0.3231776 0.3237946 0.314084 0.3242709 0.3247073 0.3125752 0.3150871 0.2999494 0.338111 0.3262705
0.3278344 0.3243214 0.3202276 0.3297782 0.3259845 0.3281906 0.3337986 0.3412604 0.3180445 0.3272464 0.3453453 0.3546108 0.3466107 0.3441564 0.3447329 0.3340478 0.3478396 0.350615 0.3281833 0.3356083 0.3623261 0.3709313 0.3595884 0.3748477 0.3577196 0.3029188 0.3288076 0.3123413 0.3192476 0.2779855 0.2763715 0.2784647 0.2626681 0.3073695 0.2527451 0.2871427 0.3074981 0.3196771 0.3534596 0.3300008 0.3288504 0.3113756 0.283984 0.2657324 0.2875797 0.2963626 0.2910216 0.3051214 0.2900431 0.3024143 0.3153014 0.3225959 0.3525222 0.3558503 0.3457608 0.3451201 0.3632066 0.3034586 0.3108856 0.3122905 0.3199701 0.3190202 0.3265482 0.3421997 0.3123867 0.3329102 0.3344163 0.3453335 0.3222025 0.3121575
0.3055102 0.3184755 0.3326535 0.3401632 0.3373421 0.3489144 0.3221712 0.3309122 0.3424103 0.3465367 0.3499466 0.3572853 0.3381519 0.3259819 0.3340814 0.3311409 0.3384466 0.3384377 0.3876871 0.3823163 0.3818032 0.3846809 0.3325486 0.3557956 0.3212155 0.3224655 0.3336211 0.315957 0.2821493 0.268485 0.2809197 0.3013778 0.3124248 0.3369281 0.2860589 0.3239112 0.261408 0.2964309 0.2856437 0.2699359 0.2676223 0.3080776 0.2738668 0.3035007 0.2926443 0.2881716 0.2821493 0.3089379 0.2802756 0.2816122 0.3077511 0.3144777 0.3296463 0.3768016 0.3878154 0.3559466 0.3652334 0.332166 0.3150983 0.3143359 0.2940702 0.3191515 0.3750719 0.3515098 0.3548818 0.3565643 0.3322364 0.3350356 0.3057198 0.3275229
0.3385426 0.3470705 0.358509 0.3842702 0.3771447 0.3294019 0.3178179 0.3322029 0.3442729 0.3433775 0.3429315 0.3389067 0.3461522 0.3370706 0.3673306 0.3710713 0.3418474 0.3455002 0.3724186 0.3641562 0.3469535 0.3562066 0.3621007 0.3476897 0.319991 0.322147 0.3322803 0.3185736 0.3098803 0.2897233 0.3157548 0.3019187 0.2917359 0.2946071 0.2836276 0.326131 0.2656546 0.2698908 0.2591631 0.2832111 0.2761117 0.3005178 0.288684 0.2824024 0.2674493 0.2801071 0.2610288 0.2707316 0.2953356 0.2954503 0.3044489 0.3140871 0.3514218 0.3495069 0.3386052 0.34288 0.3730395 0.3339411 0.3297857 0.3110512 0.3079251 0.3027938 0.3416283 0.3367637 0.381897 0.3667627 0.3482206 0.3194968 0.3331174 0.3325807
0.3494489 0.3530231 0.3626412 0.3622594 0.3693491 0.3628572 0.3635206 0.3384711 0.3623602 0.3575053 0.374315 0.3564115 0.3482845 0.3628839 0.377544 0.3483474 0.3606196 0.3483812 0.374441 0.3738824 0.3575426 0.3668295 0.3575797 0.3423904 0.3205031 0.3174897 0.3479664 0.3480341 0.3221051 0.2790557 0.261673 0.293328 0.2855641 0.2975042 0.3019578 0.3243259 0.3148463 0.2776256 0.2816326 0.2999473 0.3127457 0.3021224 0.2941693 0.2687946 0.3139221 0.3107602 0.3001902 0.3037147 0.3121668 0.311786 0.3142325 0.3112673 0.3600554 0.3448475 0.3292179 0.3465938 0.3677268 0.3395965 0.317351 0.3305362 0.3204824 0.3296455 0.3112069 0.3143033 0.3464014 0.3357353 0.3440225 0.3375047 0.3190647 0.3329149
0.3284698 0.3465832 0.35443 0.3564481 0.3515963 0.3578041 0.3850344 0.3539649 0.3806228 0.3744571 0.3547616 0.3501768 0.3650998 0.3545784 0.3564676 0.3521134 0.3567606 0.3411423 0.3316578 0.3022556 0.3264696 0.3516541 0.3784757 0.3824055 0.3149047 0.3374056 0.3179907 0.3282062 0.2957374 0.277725 0.2860232 0.2699128 0.3037751 0.2902434 0.2998031 0.2901219 0.3093042 0.276728 0.2726676 0.2866831 0.3191344 0.3034087 0.278772 0.3016216 0.3051289 0.3155445 0.3148925 0.3248415 0.3089087 0.3008186 0.3327958 0.3372258 0.3539409 0.3389051 0.3492193 0.3557751 0.3544565 0.3447701 0.3196127 0.3136232 0.330083 0.3206281 0.2935904 0.3099692 0.3209909 0.3275771 0.3382526 0.3422611 0.3411693 0.313002
