data/moz/moz_traveltime.asc
ncols         234
nrows         368
xllcorner     195196.26821073
yllcorner     7004178.4200866
cellsize      5000
NODATA_value  -9999
[rows 280 to 314 of 368, columns 0 to 78 of 234]
-9999 -9999 -9999 -9999 -9999 -9999 -9999 -9999 -9999 -9999 -9999 -9999 -9999 -9999 -9999 -9999 -9999 -9999 -9999 -9999 -9999 -9999 -9999 -9999 -9999 -9999 -9999 -9999 -9999 -9999 -9999 4212 5308 6125 7538 8792 9669 10412 10988 11621 12661 13586 13174 12240 10915 9910 9254 8297 7228 6923 7524 8435 9222 9930 11300 12357 12390 11350 10270 10316 11385 12679 12696 12808 13267 13616 12939 11389 9868 8350 6829 5627 6819 8117 8009 8269 7981 7544 7630
-9999 -9999 -9999 -9999 -9999 -9999 -9999 -9999 -9999 -9999 -9999 -9999 -9999 -9999 -9999 -9999 -9999 -9999 -9999 -9999 -9999 -9999 -9999 -9999 -9999 -9999 -9999 -9999 -9999 -9999 -9999 4004 5222 5785 7257 8832 10421 11714 12518 13098 13778 14755 14407 13091 11625 10342 10387 9461 8327 7246 6514 6997 7645 9000 10529 10854 10828 10336 9133 9353 10826 11338 11040 11148 11612 11990 12268 10986 9467 7943 6423 5446 6679 8261 9278 9100 8353 7282 6441
-9999 -9999 -9999 -9999 -9999 -9999 -9999 -9999 -9999 -9999 -9999 -9999 -9999 -9999 -9999 -9999 -9999 -9999 -9999 -9999 -9999 -9999 -9999 -9999 -9999 -9999 -9999 -9999 -9999 -9999 -9999 4059 5059 5639 7154 8706 10350 11896 13219 14166 14834 15334 14458 12868 11284 9748 9881 10183 9370 8219 6916 6305 7279 8775 9813 9421 9402 9051 8517 9541 10227 9930 9613 9722 10172 10562 10956 10556 9283 7764 6220 5220 6308 7845 8517 7911 7210 6516 5691
-9999 -9999 -9999 -9999 -9999 -9999 -9999 -9999 -9999 -9999 -9999 -9999 -9999 -9999 -9999 -9999 -9999 -9999 -9999 -9999 -9999 -9999 -9999 -9999 -9999 -9999 -9999 -9999 -9999 -9999 -9999 4487 5473 5587 7155 8748 10088 11078 12082 13003 13600 14157 14287 12867 11323 9701 8763 9516 9716 8366 6924 6044 7181 8647 8623 7838 7807 8009 8781 9044 8624 8275 7958 8065 8500 8910 9303 9262 9226 7964 6399 5118 5752 7273 7279 6439 5789 5341 5428
-9999 -9999 -9999 -9999 -9999 -9999 -9999 -9999 -9999 -9999 -9999 -9999 -9999 -9999 -9999 -9999 -9999 -9999 -9999 -9999 -9999 -9999 -9999 -9999 -9999 -9999 -9999 -9999 -9999 -9999 -9999 4814 5890 5542 7010 7962 8786 9775 10707 11300 11840 12445 13517 13205 11659 10095 8589 8294 8494 7614 6416 5882 6768 7995 7453 7073 7774 8575 8548 7686 7143 6790 6473 6588 7027 7422 7821 7778 8108 7381 5934 4829 5860 6837 5912 5188 4705 4769 5202
-9999 -9999 -9999 -9999 -9999 -9999 -9999 -9999 -9999 -9999 -9999 -9999 -9999 -9999 -9999 -9999 -9999 -9999 -9999 -9999 -9999 -9999 -9999 -9999 -9999 -9999 -9999 -9999 -9999 -9999 -9999 5373 6370 5549 6170 6499 7483 8521 9233 9755 10357 11320 12853 13675 12263 10726 9177 7904 7513 7116 6867 5913 6295 7030 6537 6941 7675 7959 7188 6479 5903 5571 5265 5253 5491 5909 6312 6235 6581 6463 5226 4670 5795 5665 5022 4761 4862 4716 5163
-9999 -9999 -9999 -9999 -9999 -9999 -9999 -9999 -9999 -9999 -9999 -9999 -9999 -9999 -9999 -9999 -9999 -9999 -9999 -9999 -9999 -9999 -9999 -9999 -9999 -9999 -9999 -9999 -9999 -9999 -9999 5146 6717 5887 5801 5704 6370 7154 7649 8192 9095 10542 12067 13506 12976 11460 10049 8759 8108 8074 6642 5644 5567 5873 6273 7135 7372 6977 6661 6696 6025 6049 6041 5666 5106 4722 4817 4729 4976 5124 4606 4867 5353 4744 4420 4548 5706 5156 4548
-9999 -9999 -9999 -9999 -9999 -9999 -9999 -9999 -9999 -9999 -9999 -9999 -9999 -9999 -9999 -9999 -9999 -9999 -9999 -9999 -9999 -9999 -9999 -9999 -9999 -9999 -9999 -9999 -9999 -9999 -9999 4770 6714 7260 6784 6108 5550 5631 6040 6823 8299 9789 11380 12821 13449 12207 10935 9716 8241 7501 6619 5659 5388 6397 6717 6701 7215 7675 7855 7258 6304 6470 7200 7018 6268 5421 4984 4765 4378 4098 4101 4983 5250 4320 4306 5277 6415 5695 4445
-9999 -9999 -9999 -9999 -9999 -9999 -9999 -9999 -9999 -9999 -9999 -9999 -9999 -9999 -9999 -9999 -9999 -9999 -9999 -9999 -9999 -9999 -9999 -9999 -9999 -9999 -9999 -9999 -9999 -9999 -9999 4209 6345 8093 8201 7298 6440 5521 5199 6105 7571 9126 10624 12073 13242 12927 11629 10163 8580 7073 6081 5484 5087 6252 7668 8127 8181 7732 7805 6967 7086 7210 7227 8289 7648 6595 5417 5011 4631 4146 3978 4539 4641 4069 5124 6277 6628 5774 4463
-9999 -9999 -9999 -9999 -9999 -9999 -9999 -9999 -9999 -9999 -9999 -9999 -9999 -9999 -9999 -9999 -9999 -9999 -9999 -9999 -9999 -9999 -9999 -9999 -9999 -9999 -9999 -9999 -9999 -9999 -9999 -9999 4934 7020 8190 8561 7731 6630 5497 5385 6881 8333 9800 11138 11826 12339 11176 9646 8113 6670 6537 6064 4975 5843 7366 8796 9135 7980 7099 7047 8067 8130 7381 8245 7799 6279 5791 5920 4686 4463 3928 4221 3878 4457 5694 6007 5295 4774 4142
-9999 -9999 -9999 -9999 -9999 -9999 -9999 -9999 -9999 -9999 -9999 -9999 -9999 -9999 -9999 -9999 -9999 -9999 -9999 -9999 -9999 -9999 -9999 -9999 -9999 -9999 -9999 -9999 -9999 -9999 -9999 -9999 -9999 5261 7029 8393 8538 7040 5467 5191 6240 7598 8987 9772 10647 11812 11266 9750 8208 6620 6017 5880 4866 5315 6847 7974 8021 7293 6624 7491 8704 9146 7961 8200 7461 6215 6363 5329 4542 4724 3774 3879 4061 4145 4571 4741 4161 4221 4041
-9999 -9999 -9999 -9999 -9999 -9999 -9999 -9999 -9999 -9999 -9999 -9999 -9999 -9999 -9999 -9999 -9999 -9999 -9999 -9999 -9999 -9999 -9999 -9999 -9999 -9999 -9999 -9999 -9999 -9999 -9999 -9999 -9999 -9999 6239 7416 8149 7110 5569 4770 5717 6798 7415 8296 9666 10489 11041 10019 8476 6877 5537 5064 4591 4853 6345 6622 6485 6187 6717 8218 9579 9245 7824 7419 6921 6612 5877 4602 4614 4737 3631 3786 4727 4246 4064 3857 4557 5362 4370
-9999 -9999 -9999 -9999 -9999 -9999 -9999 -9999 -9999 -9999 -9999 -9999 -9999 -9999 -9999 -9999 -9999 -9999 -9999 -9999 -9999 -9999 -9999 -9999 -9999 -9999 -9999 -9999 -9999 -9999 -9999 -9999 -9999 -9999 6087 6217 6774 6714 5232 4728 5211 5446 6133 7489 8434 9187 9953 9678 8466 6871 5555 5448 4906 4482 5556 5305 5544 6165 7374 8847 10188 9594 8378 7619 7025 6349 5104 4124 3884 3709 3366 4147 4866 4088 3671 4582 5694 5833 4417
-9999 -9999 -9999 -9999 -9999 -9999 -9999 -9999 -9999 -9999 -9999 -9999 -9999 -9999 -9999 -9999 -9999 -9999 -9999 -9999 -9999 -9999 -9999 -9999 -9999 -9999 -9999 -9999 -9999 -9999 -9999 -9999 -9999 -9999 6073 6110 5556 5623 4854 4872 5534 4788 5281 6179 6900 7797 8420 8113 7545 6418 5168 5013 4934 4155 4748 5212 6482 7497 8396 9609 9846 8952 7957 6908 5982 5087 4156 4436 3539 3250 3363 4239 4271 3613 4228 5612 6812 6401 4883
-9999 -9999 -9999 -9999 -9999 -9999 -9999 -9999 -9999 -9999 -9999 -9999 -9999 -9999 -9999 -9999 -9999 -9999 -9999 -9999 -9999 -9999 -9999 -9999 -9999 -9999 -9999 -9999 -9999 -9999 -9999 -9999 -9999 -9999 4947 6018 5408 4994 4875 4356 4874 4397 4576 4808 5587 6450 6912 6632 6266 5491 4775 4522 4807 3970 4308 5375 6890 8394 9584 9816 8840 7789 6897 5830 4837 3994 4034 4182 3174 3414 3482 3848 3947 3361 4436 6004 7356 6319 4806
-9999 -9999 -9999 -9999 -9999 -9999 -9999 -9999 -9999 -9999 -9999 -9999 -9999 -9999 -9999 -9999 -9999 -9999 -9999 -9999 -9999 -9999 -9999 -9999 -9999 -9999 -9999 -9999 -9999 -9999 -9999 -9999 -9999 -9999 -9999 5943 6337 5572 5242 4472 4186 4104 4061 3971 4605 5267 5499 5490 5878 5796 4913 4198 4080 3645 4131 5618 7123 8452 9518 9059 7710 6519 5497 4577 3676 3823 4181 3138 3067 4299 3983 3234 3244 3955 5144 6565 7506 6142 4606
-9999 -9999 -9999 -9999 -9999 -9999 -9999 -9999 -9999 -9999 -9999 -9999 -9999 -9999 -9999 -9999 -9999 -9999 -9999 -9999 -9999 -9999 -9999 -9999 -9999 -9999 -9999 -9999 -9999 -9999 -9999 -9999 -9999 -9999 -9999 5007 5811 5522 5049 5114 5282 5018 4356 3920 3908 4427 4656 5447 6919 6971 5658 4617 3818 3452 4410 5775 6586 7407 8523 8236 6938 5554 4429 3474 3458 4258 3347 2788 3448 4296 3430 3006 3395 4128 5221 6513 7039 5717 4197
-9999 -9999 -9999 -9999 -9999 -9999 -9999 -9999 -9999 -9999 -9999 -9999 -9999 -9999 -9999 -9999 -9999 -9999 -9999 -9999 -9999 -9999 -9999 -9999 -9999 -9999 -9999 -9999 -9999 -9999 -9999 -9999 -9999 -9999 -9999 -9999 4855 6242 6078 5325 5370 4268 3738 3685 3655 4004 4396 5258 6197 6903 6623 5334 4205 3388 3759 4522 5224 6290 7253 7176 6026 4681 3395 3256 4026 3399 2639 3163 4043 3503 2878 3652 4421 4214 4487 5856 6046 4938 3730
-9999 -9999 -9999 -9999 -9999 -9999 -9999 -9999 -9999 -9999 -9999 -9999 -9999 -9999 -9999 -9999 -9999 -9999 -9999 -9999 -9999 -9999 -9999 -9999 -9999 -9999 -9999 -9999 -9999 -9999 -9999 -9999 -9999 -9999 -9999 -9999 -9999 4573 5439 4838 4594 4088 4486 3881 3399 3537 4201 4691 4990 5490 6094 5409 4478 3344 3543 4262 4320 5258 5811 6066 5104 3805 2868 3678 3476 2483 2941 3169 3569 2637 3288 4601 5728 5432 4481 5562 5147 3727 2858
-9999 -9999 -9999 -9999 -9999 -9999 -9999 -9999 -9999 -9999 -9999 -9999 -9999 -9999 -9999 -9999 -9999 -9999 -9999 -9999 -9999 -9999 -9999 -9999 -9999 -9999 -9999 -9999 -9999 -9999 -9999 -9999 -9999 -9999 -9999 -9999 -9999 -9999 5634 5900 5011 4511 4595 4078 3937 3214 3668 4158 4519 4932 4903 5161 4433 3248 2862 3612 4003 4222 4392 5125 4393 2964 2813 3478 2568 2467 3427 2758 2739 2725 4055 5426 6239 5060 4131 5275 4574 3031 2795
-9999 -9999 -9999 -9999 -9999 -9999 -9999 -9999 -9999 -9999 -9999 -9999 -9999 -9999 -9999 -9999 -9999 -9999 -9999 -9999 -9999 -9999 -9999 -9999 -9999 -9999 -9999 -9999 -9999 -9999 -9999 -9999 -9999 -9999 -9999 -9999 -9999 -9999 5630 6746 5514 4848 4604 4593 4786 3368 3577 4826 5538 5244 4512 4661 4495 3569 2869 2563 3251 3377 4007 4998 3982 2543 2923 2417 2217 2904 3547 2320 2345 3290 4500 5555 5671 4366 3801 4828 3849 2555 2820
-9999 -9999 -9999 -9999 -9999 -9999 -9999 -9999 -9999 -9999 -9999 -9999 -9999 -9999 -9999 -9999 -9999 -9999 -9999 -9999 -9999 -9999 -9999 -9999 -9999 -9999 -9999 -9999 -9999 -9999 -9999 -9999 -9999 -9999 -9999 -9999 -9999 -9999 5955 7330 6218 5108 5366 4931 5263 3759 3027 4426 5531 5787 4623 3884 3970 3779 3716 2825 2313 3056 3488 4523 3746 2356 2449 1997 2732 3629 3089 2134 3015 2966 3580 4282 4633 3582 3584 3777 2954 2328 3317
-9999 -9999 -9999 -9999 -9999 -9999 -9999 -9999 -9999 -9999 -9999 -9999 -9999 -9999 -9999 -9999 -9999 -9999 -9999 -9999 -9999 -9999 -9999 -9999 -9999 -9999 -9999 -9999 -9999 -9999 -9999 -9999 -9999 -9999 -9999 -9999 -9999 -9999 5325 6553 5748 5434 5880 5315 5470 4139 2842 3407 4042 4761 4286 3370 3453 3330 3295 2736 2129 2464 2619 3133 2690 1968 1825 2476 2730 2959 2135 2328 3766 3643 3131 3055 3547 2890 3134 2484 2183 2655 3729
-9999 -9999 -9999 -9999 -9999 -9999 -9999 -9999 -9999 -9999 -9999 -9999 -9999 -9999 -9999 -9999 -9999 -9999 -9999 -9999 -9999 -9999 -9999 -9999 -9999 -9999 -9999 -9999 -9999 -9999 -9999 -9999 -9999 -9999 -9999 -9999 -9999 -9999 4206 5612 6355 6112 6145 5993 5870 4778 3415 2678 2638 3490 3554 2675 3025 2827 2843 2984 2707 1825 2104 2073 1827 1579 2206 2547 2291 1929 2012 3157 4171 3355 3040 2490 2501 2405 2072 2132 2913 3546 4893
-9999 -9999 -9999 -9999 -9999 -9999 -9999 -9999 -9999 -9999 -9999 -9999 -9999 -9999 -9999 -9999 -9999 -9999 -9999 -9999 -9999 -9999 -9999 -9999 -9999 -9999 -9999 -9999 -9999 -9999 -9999 -9999 -9999 -9999 -9999 -9999 -9999 -9999 -9999 5204 6028 6282 6297 7092 6966 5584 4480 3667 2678 2484 2631 2510 3283 2535 2913 2382 2918 1813 1653 1566 1372 1744 2288 1752 1692 1944 2953 4147 4007 3009 3087 2560 1897 1977 1849 2649 3870 4700 6740
-9999 -9999 -9999 -9999 -9999 -9999 -9999 -9999 -9999 -9999 -9999 -9999 -9999 -9999 -9999 -9999 -9999 -9999 -9999 -9999 -9999 -9999 -9999 -9999 -9999 -9999 -9999 -9999 -9999 -9999 -9999 -9999 -9999 -9999 -9999 -9999 -9999 -9999 -9999 4214 5238 5961 6380 6864 7150 6784 5943 4943 3822 2919 2432 2070 2132 2002 2836 2258 2245 2220 1376 1261 1411 2006 1440 1314 1923 2964 4086 5171 4614 3496 2562 2052 1603 1544 2344 3693 4845 6135 7558
-9999 -9999 -9999 -9999 -9999 -9999 -9999 -9999 -9999 -9999 -9999 -9999 -9999 -9999 -9999 -9999 -9999 -9999 -9999 -9999 -9999 -9999 -9999 -9999 -9999 -9999 -9999 -9999 -9999 -9999 -9999 -9999 -9999 -9999 -9999 -9999 -9999 -9999 -9999 -9999 4210 5763 6267 7527 8007 7823 7063 5957 4934 4310 3520 2453 2088 1675 1774 1524 1522 1863 1419 1065 1290 1222 1393 1777 1989 3315 4715 6063 5428 3912 2576 2042 1687 1522 1941 3493 5010 6578 7174
-9999 -9999 -9999 -9999 -9999 -9999 -9999 -9999 -9999 -9999 -9999 -9999 -9999 -9999 -9999 -9999 -9999 -9999 -9999 -9999 -9999 -9999 -9999 -9999 -9999 -9999 -9999 -9999 -9999 -9999 -9999 -9999 -9999 -9999 -9999 -9999 -9999 -9999 -9999 -9999 3659 5177 6027 7577 8952 9037 8194 7158 6465 5724 4697 4007 3570 2658 2132 1695 1426 1384 996 930 802 1320 2327 2803 2177 3325 4684 5861 5567 4004 2504 1992 1977 1548 1693 3248 4748 6270 6104
-9999 -9999 -9999 -9999 -9999 -9999 -9999 -9999 -9999 -9999 -9999 -9999 -9999 -9999 -9999 -9999 -9999 -9999 -9999 -9999 -9999 -9999 -9999 -9999 -9999 -9999 -9999 -9999 -9999 -9999 -9999 -9999 -9999 -9999 -9999 -9999 -9999 -9999 -9999 -9999 2979 4441 5509 7013 7988 8235 8253 8344 7911 6803 6061 5484 4787 3982 3386 2122 1022 1109 779 638 659 912 1975 2992 2704 2842 4160 5181 5241 3682 2321 2515 2859 1740 1384 2862 4407 5808 5256
-9999 -9999 -9999 -9999 -9999 -9999 -9999 -9999 -9999 -9999 -9999 -9999 -9999 -9999 -9999 -9999 -9999 -9999 -9999 -9999 -9999 -9999 -9999 -9999 -9999 -9999 -9999 -9999 -9999 -9999 -9999 -9999 -9999 -9999 -9999 -9999 -9999 -9999 -9999 -9999 2559 4056 5072 6415 6507 6742 6786 7453 8073 7961 7600 6917 6173 5321 4054 2447 1209 874 641 642 478 405 978 2110 2867 2225 3870 5088 4625 3205 1978 3263 3554 1926 1170 2349 3877 5237 4468
-9999 -9999 -9999 -9999 -9999 -9999 -9999 -9999 -9999 -9999 -9999 -9999 -9999 -9999 -9999 -9999 -9999 -9999 -9999 -9999 -9999 -9999 -9999 -9999 -9999 -9999 -9999 -9999 -9999 -9999 -9999 -9999 -9999 -9999 -9999 -9999 -9999 -9999 -9999 -9999 2740 4365 5196 5519 5552 5399 5344 5983 6543 7265 8281 8205 6990 5442 3916 2371 1619 1895 1090 423 125 206 564 1125 2024 1746 3044 4657 3474 2542 1919 2859 3514 2240 969 1710 3292 4487 3744
-9999 -9999 -9999 -9999 -9999 -9999 -9999 -9999 -9999 -9999 -9999 -9999 -9999 -9999 -9999 -9999 -9999 -9999 -9999 -9999 -9999 -9999 -9999 -9999 -9999 -9999 -9999 -9999 -9999 -9999 -9999 -9999 -9999 -9999 -9999 -9999 -9999 -9999 -9999 -9999 3157 4811 5729 6338 6712 6279 5169 4887 5220 6083 6855 7784 6576 4959 3417 2125 2623 3093 2284 1293 200 106 418 695 1052 1495 2738 3117 2170 1696 2333 2572 2907 2001 893 1426 2633 3406 3345
-9999 -9999 -9999 -9999 -9999 -9999 -9999 -9999 -9999 -9999 -9999 -9999 -9999 -9999 -9999 -9999 -9999 -9999 -9999 -9999 -9999 -9999 -9999 -9999 -9999 -9999 -9999 -9999 -9999 -9999 -9999 -9999 -9999 -9999 -9999 -9999 -9999 -9999 -9999 -9999 3356 5273 6024 6331 7303 7268 6526 5716 4712 4680 5663 6746 5795 4243 2901 2782 3762 3779 2743 1181 466 328 219 738 1193 1188 1512 1421 1508 2052 1559 1838 1398 760 838 1590 1749 2405 2676
-9999 -9999 -9999 -9999 -9999 -9999 -9999 -9999 -9999 -9999 -9999 -9999 -9999 -9999 -9999 -9999 -9999 -9999 -9999 -9999 -9999 -9999 -9999 -9999 -9999 -9999 -9999 -9999 -9999 -9999 -9999 -9999 -9999 -9999 -9999 -9999 -9999 -9999 -9999 -9999 3181 5210 6087 5411 6269 7412 7764 6662 5515 4401 4754 5812 5212 3690 3014 3850 3642 2568 2288 860 926 626 325 537 927 1413 1466 1098 1412 1604 1337 1026 426 790 1160 1274 2272 2093 1635
-9999 -9999 -9999 -9999 -9999 -9999 -9999 -9999 -9999 -9999 -9999 -9999 -9999 -9999 -9999 -9999 -9999 -9999 -9999 -9999 -9999 -9999 -9999 -9999 -9999 -9999 -9999 -9999 -9999 -9999 -9999 -9999 -9999 -9999 -9999 -9999 -9999 -9999 -9999 -9999 2864 4886 6299 5316 5222 6265 7352 7543 6270 4882 4093 4989 4725 3537 4043 4903 3656 2207 1878 882 1061 902 521 463 650 964 968 946 796 642 518 200 155 653 635 1494 2116 1514 1212
