data/moz/moz_beta_map.asc
ncols	234
nrows	368
xllcorner	195196.26821073
yllcorner	7004178.4200866
cellsize	5000.0
NODATA_value	-9999
[rows 100 to 124 of 368, columns 110 to 164 of 234]
-9999.0 -9999.0 -9999.0 -9999.0 -9999.0 -9999.0 -9999.0 -9999.0 -9999.0 -9999.0 -9999.0 -9999.0 0.05455034041772972 0.07120757330904504 0.08738530115212942 0.08861681915788595 0.08927552296434423 0.0860611534873467 0.09310504647383394 0.08855666095510835 0.10276000084019993 0.10119847026249269 0.10019996429155388 0.10177891292860886 0.10032449027140589 0.10905314714274894 0.11226024278965388 0.12191111088119494 0.1256208135428553 0.1317978542637123 0.12040296079728377 0.11660168510300203 0.1231976794131737 0.1372401423917542 0.12402356833799401 0.13946571121804088 0.1450901369216927 0.15180735402913598 0.15736153560158966 0.16029778921939206 0.11540868345149462 0.10709740364615979 0.11808040117057216 0.1297524012163007 0.10980031706988745 0.0893347052295275 0.10432262198602167 0.11205050210653858 0.11001385360613947 0.11684191928018618 0.10914921540945816 0.11795155684399146 0.10807295321335013 0.10927020235079962 0.11648152312898996
-9999.0 -9999.0 -9999.0 -9999.0 -9999.0 -9999.0 -9999.0 -9999.0 -9999.0 -9999.0 -9999.0 -9999.0 0.08178600258513971 0.07759443955253818 0.09192359203304445 0.08799155857744118 0.07764661921760418 0.09206068062562255 0.0865000935114048 0.08879301157322614 0.08662232478644834 0.10099880428801858 0.09781327352380649 0.10804925900989854 0.11359320175154826 0.11022795082670599 0.11484299462520914 0.11817632373075117 0.11927914775613697 0.10591840736127466 0.1143597246232856 0.10057054729368213 0.12048787590845438 0.11715211203569612 0.1127557684348117 0.12357486613309152 0.12846670676279232 0.14732876440302684 0.15020710862502143 0.16638411317198717 0.12089022513442 0.10877363156026577 0.11546503872436176 0.14097299341846806 0.09873194657488737 0.10012775570740173 0.10235063800972867 0.11130132226900369 0.12306318381534834 0.11599877784967297 0.11548056955632545 0.125416981601727 0.0986681824745376 0.09680588199337906 0.11624249450303677
-9999.0 -9999.0 -9999.0 -9999.0 -9999.0 -9999.0 -9999.0 -9999.0 -9999.0 -9999.0 -9999.0 0.08727546244872589 0.07255856364144682 0.08300955063942307 0.08872001093650364 0.07733475881986569 0.08467778067148261 0.08334730911144553 0.09374244598122666 0.0946216204154059 0.09748909021954577 0.0930579691983921 0.09457827767898148 0.11237013790762357 0.11914356488997707 0.11734077557229454 0.11997121343931909 0.12146120342761929 0.12738212049435452 0.11447242391339542 0.09590628628986407 0.10156542388965585 0.10631024742275563 0.10850971063289826 0.14100622657325768 0.13323215695700366 0.13983071583451562 0.14809064719489773 0.15266879010471723 0.16039446936143065 0.15098391065922293 0.14142026602460214 0.13615975494160873 0.12402866823085737 0.10315308542710376 0.10930454398120344 0.11325912334524557 0.12010786671481974 0.12149889801992104 0.1188319323816711 0.11098103229921763 0.1157649964119009 0.12476076666613674 0.11541004162273535 0.11612593594176737
-9999.0 -9999.0 -9999.0 -9999.0 -9999.0 -9999.0 -9999.0 -9999.0 -9999.0 -9999.0 -9999.0 0.09182929378975115 0.06712883251655626 0.08496580186730507 0.08465482105929698 0.08105196649562287 0.08433205643457103 0.08910603553145142 0.09181711722875364 0.09891707253183768 0.09020695861736609 0.09761042725885141 0.12049625891369645 0.12176923533648897 0.11134563300773852 0.12075080179019827 0.12603613805618114 0.11819414412232496 0.11787124874410082 0.11313769143904491 0.09178838000398135 0.1051119106796089 0.09986745957091323 0.11160250053730844 0.10597768613709262 0.12059106777975874 0.12957801390925705 0.12892206833902867 0.12939171190255755 0.14978485788357693 0.1573646715701401 0.14634095197985164 0.1330505031127126 0.12497021260702532 0.1017842617859801 0.11383263377682507 0.10941690331763484 0.11478430305581375 0.12358842962723736 0.12343589728766179 0.12788904924306022 0.13238824738402968 0.12270718328901271 0.1345702306458515 0.13480637578319266
-9999.0 -9999.0 -9999.0 -9999.0 -9999.0 -9999.0 -9999.0 -9999.0 -9999.0 -9999.0 -9999.0 0.08200452473871199 0.06480612843644311 0.08014754998708878 0.08077724139369584 0.09124558381096377 0.08389335638508044 0.08703418147141591 0.09188807368244377 0.09052727010410241 0.09011777410352563 0.09775802024151056 0.10767610929809653 0.1110929595493977 0.11908750396078237 0.1189439345988335 0.11620199372828227 0.11118328106222362 0.11878471173439317 0.12631185589575275 0.08811985992484765 0.0864227472007024 0.08238958583786447 0.11366550279758711 0.09902424435305304 0.11513662873051729 0.11020888460259039 0.10713772030293493 0.11571590693524178 0.1266042682488101 0.1367862120257162 0.13286371837523525 0.1489497431451344 0.13718656890554204 0.11620011465212192 0.12304611831860272 0.11723616062406196 0.10801357465269336 0.13907007823206513 0.1330154348374134 0.13725521871888383 0.12557069712212687 0.1451441110725729 0.13331970168189225 0.12132798716021671
-9999.0 -9999.0 -9999.0 -9999.0 -9999.0 -9999.0 -9999.0 -9999.0 -9999.0 -9999.0 -9999.0 0.05096126127717121 0.07111647217516182 0.08891509033755894 0.07727043202040897 0.07967288657777684 0.07691790955027328 0.08312351164336351 0.08401913447999765 0.08415445277396189 0.0864791077728612 0.09383361851362874 0.09970525896592816 0.10674412312877449 0.10864360171309542 0.1044020697436733 0.12331447848503893 0.1339103823985055 0.1185558971212971 0.10943986006431339 0.11415483458091141 0.11545630845568296 0.12447845397354823 0.11542155924402678 0.12798431792177373 0.10055626601746366 0.09699843712813094 0.10461864669270832 0.0972832150222398 0.12105201612775873 0.11247937329427188 0.111400867224694 0.12697227339753397 0.17750991500447127 0.14717101264733473 0.11905332146469977 0.11525904298590184 0.14549550153589952 0.1559644377089088 0.14916287853767823 0.12865065323212882 0.14733392728984523 0.14029873708588939 0.15393750827043962 0.13109357417477055
-9999.0 -9999.0 -9999.0 -9999.0 -9999.0 -9999.0 -9999.0 -9999.0 -9999.0 -9999.0 -9999.0 0.05104533512844386 0.07940792849539795 0.08471388605829258 0.07309156382690027 0.08025362691323658 0.08225879076854468 0.08413575037548188 0.08305136342252269 0.07788428206917292 0.08157968995014676 0.09570435937092057 0.09946288492915561 0.09897489058536305 0.09172938932980619 0.08616630796599188 0.11253670883000774 0.10431230943381216 0.11886657710533437 0.12040430611864852 0.1270413851835084 0.12237073126549043 0.12150892425559623 0.11421976041155098 0.1272553432630428 0.10548078106743332 0.1198279853091365 0.11438072074741013 0.1195664252821428 0.1325899172840834 0.12294584446320429 0.12519889005181933 0.10984429243130453 0.16274309376091375 0.15134015840812293 0.15264586504038175 0.15732434250073296 0.16827474484948166 0.1770613784139995 0.16437019647532222 0.1493174486565502 0.14150483752407414 0.14587813079430925 0.16352743987432022 0.15520076039759303
-9999.0 -9999.0 -9999.0 -9999.0 -9999.0 -9999.0 -9999.0 -9999.0 -9999.0 -9999.0 -9999.0 0.05514244576520098 0.06373086403425143 0.08115904963419476 0.08525828682090605 0.08293275085599215 0.0808341433479381 0.0769885456011371 0.07524764916024139 0.07776497979409519 0.08502734347004816 0.09423495056064152 0.09668088845680634 0.08288861552471867 0.07662912062597403 0.10771387537943336 0.09414461664282317 0.11151883816979957 0.1120407411214523 0.10726931093861142 0.12970865904281273 0.12087134112074722 0.11938976987563443 0.12897049973670593 0.12827946655774905 0.13629362486999566 0.10895931585068541 0.10723159330945334 0.11571653676177657 0.1178203928939375 0.11238426375078477 0.12079954373211217 0.14035616717369032 0.14549353978834628 0.15454773279040465 0.16186242307492796 0.14703414995410644 0.15400885879453013 0.17426874045468135 0.16422840330595445 0.15404063036991736 0.1633739903636548 0.17292115887155882 0.17077272362664087 0.16001511870681412
-9999.0 -9999.0 -9999.0 -9999.0 -9999.0 -9999.0 -9999.0 -9999.0 -9999.0 -9999.0 -9999.0 -9999.0 0.06889032578575637 0.07334590827658087 0.07989503532292097 0.08242814750428878 0.07847444406263754 0.08451035384353735 0.07772023439293638 0.08590785023022686 0.09027353158960912 0.09248612862567367 0.0889716580533433 0.08115977242958328 0.08623457600937903 0.10433449372124752 0.09173609894125119 0.09675015883613386 0.1078901471715563 0.12000967223687006 0.12687826306161967 0.10687287276015237 0.10915863092499346 0.10436361426836195 0.10844837082425005 0.11175573486942993 0.10501111088590442 0.09688722762848583 0.08916834527341458 0.11837002002426884 0.1208992965802897 0.1266231644687383 0.12367548046068741 0.12425354011384028 0.1176457902072024 0.141532290284396 0.15380252649759313 0.1583459046232804 0.15837074705707005 0.1649865512338974 0.16865996236562422 0.18592246944119295 0.1800477546334393 0.19875723600496245 0.19269034630896614
-9999.0 -9999.0 -9999.0 -9999.0 -9999.0 -9999.0 -9999.0 -9999.0 -9999.0 -9999.0 -9999.0 -9999.0 0.05231858153688084 0.07684137238147852 0.08311199084388977 0.08196465814571927 0.0807140790270393 0.08457378937375656 0.08431149984010518 0.08428980322854497 0.08227296844508473 0.07179423660359936 0.06092597707872188 0.06925389546833922 0.07421677887829353 0.09057045908750049 0.10433555214799493 0.10294581266002016 0.116849214684738 0.11223974526154487 0.12469899778993314 0.12968894068606984 0.11734582108235468 0.15431089472089313 0.13663521680482563 0.11207812802788993 0.1146088166575235 0.10993911760412883 0.10648419610349219 0.11575575045545185 0.11357891035721396 0.13515088298061584 0.13635757168697832 0.1548521322234849 0.12898743869075693 0.14966450565811054 0.14911790658178498 0.15042541259586242 0.15562855441985246 0.15616875369760855 0.15763934173192518 0.15407049966010575 0.18731188483761047 0.19086201764408342 0.19219631856181185
-9999.0 -9999.0 -9999.0 -9999.0 -9999.0 -9999.0 -9999.0 -9999.0 -9999.0 -9999.0 -9999.0 -9999.0 0.051324575123276324 0.07873187548948289 0.08356514767186891 0.08214764891623728 0.0811728683282178 0.06923512341227576 0.08817101595556369 0.08518782115757007 0.08456881939278023 0.08623208762677113 0.0714722208213638 0.06793164540927113 0.07554517812966469 0.08555472942663025 0.09558626758123451 0.10991765029014623 0.12209941168421391 0.1159434351390565 0.09842103099715262 0.11499325959392773 0.14169611256534212 0.17442430117978994 0.14173247499284417 0.12266511834268015 0.11588634413618117 0.11307688823571897 0.1282666492849888 0.12268395841791734 0.1250628507518343 0.13515599164811015 0.14141936993371418 0.15296920374872244 0.13458837290459516 0.15474444390028172 0.1560248675371167 0.15726082935531388 0.15274526639654407 0.165474136776774 0.17452728538622966 0.19973176637471202 0.16851339040512944 0.20086071842475572 0.19314223616433693
-9999.0 -9999.0 -9999.0 -9999.0 -9999.0 -9999.0 -9999.0 -9999.0 -9999.0 -9999.0 -9999.0 -9999.0 0.046910471769937845 0.059443253009101756 0.05967522254711391 0.05759132589795482 0.06354430033877947 0.06222855540618831 0.06626404649586537 0.06333516975729164 0.0725505416577814 0.07036839211320356 0.06507814178789717 0.07582294473516923 0.07098504199083709 0.08331452801827978 0.09085214233003194 0.10839776182838347 0.1120755886051425 0.12461303643805909 0.1320221403861599 0.1336501954740393 0.1357802102305843 0.1723290758466698 0.16280990039914686 0.13804886350816548 0.14552818242915155 0.13691880291717132 0.12417576252393726 0.13184228043703228 0.13208490639399562 0.13957815328848647 0.1650012977546189 0.148338819801794 0.14705054379095842 0.1543258276529318 0.1656979617722861 0.165663962496242 0.17693132389857014 0.17623496415355558 0.19887180681528632 0.1943210133428492 0.18712627249530148 0.200885200184653 0.20268745784496328
-9999.0 -9999.0 -9999.0 -9999.0 -9999.0 -9999.0 -9999.0 -9999.0 -9999.0 -9999.0 -9999.0 -9999.0 0.04932718591729122 0.05762541673922781 0.06072639470436902 0.058873784659384955 0.06422263552427172 0.06359088089175002 0.06477615746087774 0.07197084675906888 0.07361879010829096 0.0741798042881163 0.07880175527803372 0.08403350145445522 0.08958434532131075 0.08811286042970282 0.08737870879772881 0.11411445603741022 0.11920419314888682 0.13269651477893873 0.15262305675494783 0.12944463219034286 0.13477140264365328 0.17624422224756195 0.17092710300275063 0.15687498876559777 0.15111254555905643 0.15549755403097515 0.16168486388424302 0.15204567802592725 0.1722050989010595 0.17650965787411282 0.1674560477682324 0.19130696003929876 0.18252003098674627 0.15227338215999822 0.14914298826193548 0.16067484992386866 0.16068568608715308 0.1782977018420136 0.1953529910499287 0.2124717737709489 0.1782783823419746 0.18817466590440318 0.19286602920645898
-9999.0 -9999.0 -9999.0 -9999.0 -9999.0 -9999.0 -9999.0 -9999.0 -9999.0 -9999.0 -9999.0 0.060759552545043054 0.04883132724039848 0.05389052498832566 0.06223845724660669 0.06264129018129408 0.06228205396117523 0.06418809374771847 0.06407934873499269 0.07091074133770424 0.0693207362501094 0.07446821445324846 0.07462894947817651 0.07489497513767067 0.08361625985253753 0.08624430141017882 0.09928867311913059 0.11921960742688828 0.1250697612469669 0.1435683891299892 0.14716459235104745 0.14818553464991402 0.14844879847134496 0.1686320762867727 0.17628759988272946 0.1711988898711631 0.1649978184672068 0.175351669806098 0.1677697252371795 0.17205823347904592 0.17641170132984144 0.1653125011396866 0.17940643033951284 0.18969157839090522 0.16050186942666997 0.17628801702645536 0.1711605469988441 0.15157825441857917 0.18472291972079602 0.18364912602426098 0.1925169615343797 0.1647360372155162 0.17070177126411193 0.17060914733802648 0.1494471154626957
-9999.0 -9999.0 -9999.0 -9999.0 -9999.0 -9999.0 -9999.0 -9999.0 -9999.0 -9999.0 -9999.0 0.05819442137354461 0.051123521416803236 0.05696395573540925 0.06390606970148836 0.06531561293723884 0.0613092088482307 0.06134855192880128 0.06232822568756865 0.06460976102879254 0.07175574710191841 0.0737021361801183 0.08031177297445892 0.07674964620270017 0.08349492916703825 0.09213170457310045 0.10344338142498168 0.12567848683947813 0.12255589135128715 0.14313223666437663 0.12627748004568046 0.13245093520925588 0.12707045954019722 0.1563027347615024 0.16248440299038755 0.1463042761581432 0.18721290881155936 0.17627858981574965 0.1811011257734651 0.18877730972577494 0.17024431462159983 0.15504315318230932 0.1771021292336703 0.1837214045550879 0.1796367147608633 0.22062734800740036 0.22479638100913027 0.18404462646372635 0.17997787531390264 0.14033392384866955 0.1676511462702996 0.14869343504863355 0.16544008745226285 0.15670616941765883 0.1668892659634024
-9999.0 -9999.0 -9999.0 -9999.0 -9999.0 -9999.0 -9999.0 -9999.0 -9999.0 -9999.0 -9999.0 0.04530378392514715 0.0489193327953059 0.059352822546636035 0.06208068040637626 0.06289973485689292 0.06061585619683863 0.06117647403909626 0.06420070997873341 0.06781553001575698 0.07193389243692654 0.07564837012578195 0.08091957650237394 0.07859874398849503 0.09852650789154498 0.09554991967093349 0.09919126900503755 0.10399406579692196 0.1186479747362956 0.1353992395416289 0.13845928818842473 0.13692707494732623 0.1494134096192939 0.15719846216034475 0.16914527175641986 0.15116139606574752 0.1771619867615673 0.18770355306452005 0.1920287088156464 0.17983370476746924 0.1785816801922779 0.18002114373938055 0.18644498584945743 0.18839182523434905 0.20419432961400577 0.17216358523550113 0.2039520164936661 0.2141381381350509 0.2244486313217902 0.17617901778318062 0.15664153443711037 0.15274983838687575 0.15906282171056418 0.17427149794998048 0.17616873318357104
-9999.0 -9999.0 -9999.0 -9999.0 -9999.0 -9999.0 -9999.0 -9999.0 -9999.0 -9999.0 -9999.0 0.044607501001066294 0.047046479625539143 0.05885951619803321 0.06254528409911114 0.06294492865521116 0.059234380127331884 0.06134105263576936 0.06744834263174906 0.06886213882791743 0.07389072858808486 0.07752853058948284 0.08712986663624188 0.09083857813803214 0.10129243917288709 0.09853457345531719 0.11288915097453589 0.11350225983659804 0.1335609176830685 0.1335133864758207 0.13948703625190811 0.15266160565052933 0.15331294554827365 0.1638094201097646 0.15185702351113864 0.1486747092958073 0.17973174125182886 0.19747292317900603 0.1975621569302607 0.19293001662061618 0.18712810930992352 0.17689766723688458 0.14509623261377166 0.18914721897890016 0.1757742593879829 0.1932095593534896 0.16662325634907132 0.17261344760683747 0.20110043370540923 0.16707005406864947 0.1677405845277217 0.17428126384445441 0.17258227485448704 0.17529406260692598 0.16451731007901554
-9999.0 -9999.0 -9999.0 -9999.0 -9999.0 -9999.0 -9999.0 -9999.0 -9999.0 -9999.0 -9999.0 0.051299559506747645 0.05889968908478434 0.0558458543625622 0.05895895611694185 0.06076513603458637 0.05819834564180492 0.06156566633187878 0.06504788063711353 0.06697838624801258 0.0735265841881827 0.07910655973006075 0.09129638410972717 0.1102481973690853 0.12800535826175952 0.1250007535495053 0.1215813722306508 0.1272606897198463 0.1325465012449441 0.15003548829357724 0.14729033959171192 0.13447044833820174 0.13464128983367846 0.13960116094054703 0.13813507639884415 0.17462580284141824 0.1915081956023646 0.20912514633191126 0.20355663145175473 0.20875681060143514 0.18426241091647996 0.16047221792361163 0.15839953801256487 0.17047140272383618 0.15257399875481442 0.21373537072731813 0.18148369374271922 0.18778795985576147 0.18859792074009127 0.18308880371450692 0.18276045017970116 0.17796736283639938 0.18841373353255828 0.17964094861255395 0.18830628035297828
-9999.0 -9999.0 -9999.0 -9999.0 -9999.0 -9999.0 -9999.0 -9999.0 -9999.0 -9999.0 -9999.0 0.048703644602098084 0.05362340905309564 0.05483244188155373 0.05793679276121192 0.06279997542380897 0.06888997430451707 0.0715595635330869 0.0679220760254256 0.07067804856870512 0.08060750017737453 0.09290356844146166 0.09617514074335842 0.10665813018282151 0.12316569676396544 0.12753465073537706 0.12036604813521327 0.12580810370268417 0.13268211633584817 0.1408132102368323 0.14356265637902146 0.13776252861389138 0.1508748486320784 0.15568759118829112 0.15533139211642022 0.14093747241686652 0.15593154308269416 0.18353716462618902 0.19852394020979658 0.17090201119496234 0.18438739979728594 0.15782024724708343 0.16212856759416808 0.1519831739086438 0.17796227948860902 0.20879615134919746 0.1940787600584948 0.20185700217487576 0.20978905229705383 0.183052139197537 0.1910182570123229 0.19039875369375203 0.21526648837224013 0.2213923424600684 0.19751059071261032
-9999.0 -9999.0 -9999.0 -9999.0 -9999.0 -9999.0 -9999.0 -9999.0 -9999.0 -9999.0 -9999.0 0.04565517990317719 0.06028493321568863 0.06283378378595614 0.06579358138600917 0.07981200330642395 0.07431075787716108 0.07405665588311897 0.0717593759864162 0.07853928085571528 0.081446965496448 0.09509517722837461 0.08023368057263383 0.11254249316256823 0.13402538003297418 0.09926233802818625 0.1096948188698795 0.11478850567178067 0.12392141334407512 0.1371558729884441 0.14063773571708202 0.13663948234494544 0.13315301032866939 0.14118230116885777 0.13159318586709987 0.14088716257719971 0.1623935610778377 0.15526495639869897 0.16076346712237985 0.17345240484482322 0.19065135728130125 0.19829890201292583 0.22180892487409617 0.18211334900129075 0.18513652815355935 0.19262875383616285 0.217263409683339 0.19315478456298096 0.2013587906983849 0.17327446121361992 0.18253832678230122 0.19527190380199314 0.2179900013432467 0.20475056415127996 0.20103234058381728
-9999.0 -9999.0 -9999.0 -9999.0 -9999.0 -9999.0 -9999.0 -9999.0 -9999.0 -9999.0 -9999.0 0.04404359562479206 0.05893972677569561 0.05187699303049064 0.06341327100167742 0.07612412784794755 0.06953054448379233 0.07730929295031451 0.0746314845539134 0.08443709510559412 0.0868519785312925 0.08803388586226193 0.11763745882474784 0.10396096334065755 0.11619452455812217 0.11860254324116727 0.10137018012814751 0.10331027306501951 0.10452402554206551 0.11361966163007453 0.1336268153324068 0.12800071402853216 0.12992277125795748 0.14458311256339798 0.13352856676513117 0.15587706256495368 0.16752637561770206 0.16511171675079514 0.16204152575163658 0.15838956949754965 0.17156084189840604 0.1819498114571511 0.1911371839587823 0.2114759145069821 0.24061454695863901 0.25255087299291856 0.21539783397689743 0.20595972248931174 0.18180155776773468 0.16695702730996292 0.19270732603472718 0.1905736872216929 0.20046773184167993 0.2137598578887417 0.20465659490215118
-9999.0 -9999.0 -9999.0 -9999.0 -9999.0 -9999.0 -9999.0 -9999.0 -9999.0 -9999.0 -9999.0 0.04738727549434374 0.060772411909597666 0.06149108461248003 0.07045692081242574 0.07338379499779228 0.07433585407110488 0.06563392251370628 0.07161435239602129 0.07420356270325694 0.07567628245503845 0.10867319184683726 0.1215094986050107 0.11787431230669206 0.12343589382061046 0.11500928861186013 0.11051129575076402 0.12349644538920393 0.12451680188577237 0.12836672702500138 0.1515947837049563 0.11945817011535213 0.1563449021826715 0.15321166824796167 0.1512229000382308 0.1780414866442065 0.16013901107923584 0.15738189142675132 0.1550247728080062 0.15893013359813685 0.17051822849717552 0.20143264881116518 0.1868926671089463 0.20185502992785428 0.22644274950110277 0.21969080743987815 0.19777185868209066 0.17884815305967383 0.1808537575069586 0.19660272258865977 0.19269811767337083 0.18553223711284933 0.20803537325883747 0.21042052977400885 0.20294100199337878
-9999.0 -9999.0 -9999.0 -9999.0 -9999.0 -9999.0 -9999.0 -9999.0 -9999.0 -9999.0 -9999.0 0.05670059091008931 0.057528417056234 0.06950024515894002 0.06694367025436739 0.06568874838524509 0.07487827123309572 0.07866080590021989 0.07820390646225678 0.07851186808863647 0.0779824494417161 0.1114426207234402 0.127280996250517 0.11321051665079926 0.11753193278445337 0.11900155085764684 0.12677306263208546 0.1501138511183102 0.16491014063013285 0.16608214640508132 0.1733449290025965 0.1682855027938368 0.16724336901266768 0.15943908046226174 0.18776521994289674 0.2125428224698573 0.17509058071830383 0.16833623017988375 0.16084067242698163 0.17158591142526017 0.18565852498905744 0.18068061969842883 0.22315002209016013 0.20704304804791576 0.2009448388268249 0.2137824479469274 0.2160123070250136 0.18316743280663578 0.1925512784768763 0.1732594762942613 0.17099530540688618 0.17781941279392727 0.20206692964810863 0.20541738135794316 0.18410305734136143
-9999.0 -9999.0 -9999.0 -9999.0 -9999.0 -9999.0 -9999.0 -9999.0 -9999.0 -9999.0 0.036815625947812146 0.04951404858657513 0.05941271868473044 0.06605361595970652 0.06611343997030192 0.058466434002048824 0.06147818566976929 0.067232272656742 0.07204348248804346 0.08144971785183885 0.07825657842665984 0.10892640308291904 0.11378204493094263 0.1354966668822454 0.12657503601839687 0.13230492594050172 0.1483909311466962 0.15108783348322574 0.16539711077752517 0.16854232516309037 0.1857651281113503 0.19578263718382227 0.18896301272791313 0.16009725371993963 0.19805450409770337 0.1869374616198327 0.18945814789982185 0.17777268088363377 0.19365732716499198 0.1769519224784803 0.1757019735448854 0.18623349990289764 0.18987891227423886 0.21346779037967553 0.20361488240454423 0.22628860677244705 0.2078675214895857 0.20608204501546762 0.20467580340261454 0.20085081231399313 0.1896226690071369 0.18061543550949605 0.2429733464261785 0.24431260297094878 0.24067104364979147
-9999.0 -9999.0 -9999.0 -9999.0 -9999.0 -9999.0 -9999.0 -9999.0 0.06133122441358448 0.060083930918826974 0.049600009655904616 0.04576708832532153 0.05785233666553385 0.06574104507002207 0.07375812818911548 0.07183691221292166 0.07302538120934036 0.0708679609359806 0.07311834753443607 0.09262393818418799 0.11033429572094793 0.11057537913430428 0.13725713941090253 0.15636543393538113 0.16766318301908212 0.1349395923263842 0.1349520921756602 0.1591414913965384 0.169191263263003 0.17229665808950428 0.18755513986562336 0.15630436493855251 0.1787987877498067 0.1792617325837372 0.1752756451536546 0.1846871804446473 0.18852378911955311 0.18889405142510052 0.17945202216860642 0.19289388731668605 0.19047414373440588 0.20564934845450697 0.20689619382882535 0.19214997015579646 0.21180378440328415 0.21628360180377132 0.2009105426361197 0.23704068640323483 0.19513337710500936 0.19285910231501258 0.16098109526149781 0.18680671540295316 0.21873298665923724 0.25138541187322044 0.2623816736403652
