data/moz/moz_beta_1.asc
ncols	234
nrows	368
xllcorner	195196.26821073
yllcorner	7004178.4200866
cellsize	5000
NODATA_value	-9999
[rows 72 to 95 of 368, columns 108 to 161 of 234]
0.007740406786490785 0.004612001664824237 0.0036488683409380933 0.004413495832303612 0.0052124516296233004 0.004994229033564625 0.003918627134859924 0.004165424764319118 0.006509534557877739 0.0075653082313616865 0.030437236147626928 0.033711563480652205 0.059768826381360954 0.05650838999973404 0.05903833758020138 0.06128626905214175 0.040010199107575785 0.038831861244360166 0.06385962348376534 0.2677591891851115 1.1118701455535978 0.0 0.0 1.071454564569489 0.24408815952707305 0.2867106143969205 0.28367001677312303 0.26199759471552986 0.353991830090557 0.0 0.0 0.0 0.0 0.0 1.0350517048915122 0.04107182209011002 0.011034037840708498 0.00773413359733549 0.007950783114423673 0.007656287928485901 0.007482884975027617 0.006573187575120451 0.006877352947652845 0.007688167999538792 0.008541054442178283 0.008901185773073467 0.007158791367590196 0.007614454629526839 0.009027291515222089 0.03937583327400011 0.06537445299387733 0.273392117202581 0.954051280375597 0.0
0.007117278671453442 0.004114234914415929 0.003181754105953382 0.0038521126960418513 0.003900514406939481 0.004964575479884037 0.004161466546870206 0.00444324123162425 0.005882804883453753 0.0070988530356226745 0.03223167974932414 0.0339806999561412 0.03865187676584134 0.04763461794806972 0.059815307577120995 0.06159750001914734 0.06540117532187915 0.2556384681738524 0.3641790248204185 0.0 0.0 0.0 0.0 0.0 0.2716311941571356 0.28243116617166075 0.2761577668104355 0.3018809345612012 0.3986944013252903 1.0593241191082994 0.34664228959095905 0.35653878984163606 0.3514101048192859 0.27191319126110475 0.03969487889820832 0.010266585886525924 0.008617470000018904 0.008265575021051602 0.0075928807753979305 0.005524307060223874 0.005939729472840634 0.006032308770019457 0.005897459053503926 0.006898865483594952 0.03500566765841712 0.007393483228044315 0.00719922618372948 0.008437984850877371 0.034410431527116245 0.03383349163970758 0.0610982753079084 0.2624828992508524 0.9970748836236518 0.9863725081082179
0.005620589731472759 0.004643944676452427 0.0034691016172288306 0.0038217221985326192 0.002749204763131061 0.0030111398227697225 0.004794078132391333 0.004608252727530626 0.005786027038056761 0.008607026535410216 0.03672297181669945 0.044524636071336686 0.03845290478379665 0.03336452808270985 0.04298493200945729 0.03913835164470964 0.03881495799271198 0.04230999218743204 0.057884514886652055 0.35943665211881476 0.9639553141714027 0.0 0.0 0.0 1.0370956259960293 0.2924337766396962 0.26557356236528024 0.27622441915553364 0.3434012349537485 0.34415042436104126 0.060765653774966046 0.26460173551316657 0.27965398021966803 0.06813673418889507 0.04309185231168246 0.04262727059230478 0.04592232836072278 0.008993711400051212 0.03593922762140664 0.009629031543578404 0.010249993432419365 0.005450367178540069 0.006691993866005388 0.006820412435708123 0.006410547127589796 0.005197809558411309 0.005995298704638528 0.03649299746671234 0.035694311826379575 0.2784208482698646 0.26290769059282215 0.3206240735836735 0.954853470729293 1.0210846593208334
0.02398710154895076 0.002051817096950126 0.004655788461836196 0.003858381443227467 0.004095945562264478 0.003287627837190644 0.004407638690648863 0.004635065759011295 0.005664201938487409 0.009320345979078656 0.009431511919199194 0.00970247726408009 0.03538535544573217 0.0366969967243949 0.0439288260797379 0.039387383857535756 0.03839432604869365 0.04211602120666604 0.04200152507473048 0.2896720691652996 0.2532412577794554 1.0562307818362275 0.0 0.0 0.0 1.101709049135723 0.38540718322934775 0.4023040120774015 0.37695080230980366 0.26951336566124945 0.2693201280655594 0.06015411598439919 0.06108403397666397 0.06825202873288701 0.07305916880522767 0.04586285484636671 0.03331183730267348 0.03695015000391345 0.0397738040871008 0.04692618678981109 0.010056322308242846 0.004966303198346249 0.004100787898332569 0.005121649442149849 0.006126656778711781 0.008069467509595607 0.008100764743053449 0.008669064527343175 0.0362204908455556 0.26615514058550754 0.0 0.0 1.0374656302951644 1.0054777503005805
-9999.0 0.004138911594100567 0.002157054872082305 0.004058669737449434 0.0036515302013235603 0.004035705623969795 0.0038157253887037483 0.0049639218985734505 0.00555690685738161 0.006843403879787045 0.007520881317778584 0.0072353349757103575 0.0087676610376409 0.012977509758971271 0.014694912804175597 0.009222745559731106 0.042372891989496536 0.04573478933742987 0.048397048339042195 0.2529089175568868 0.26824622590051356 0.2552341640368215 1.019846057756443 1.02721329882843 0.40175132125910634 0.39068067035764015 0.39022953402117644 0.42818374489179967 0.3955964859065715 0.3702742505601543 0.29695178636778347 0.2606610930555072 0.0630856377317573 0.26966737340734387 0.27345122119542553 0.28553579633024756 0.0640822810202022 0.06483587498900896 0.0484325962683938 0.04756178847214554 0.009793099605559116 0.00535302293089155 0.003933668198115129 0.004702842060745792 0.007316934550663849 0.007615059853225164 0.008597060616947885 0.009154012597946234 0.039699522060598014 0.2868014492878887 0.0 0.0 0.0 0.0
-9999.0 -9999.0 0.0017544946940418753 0.00188728717838222 0.0034362135565484285 0.004316584539857701 0.003986427508526729 0.0045540664647161265 0.005466205530480879 0.006416021091276948 0.008187624364585245 0.007455075269448597 0.009210207217344023 0.010634950104055367 0.008669982198409266 0.009732988437836817 0.008625975432885279 0.009851062271356372 0.046871348412779706 0.03673504197990714 0.24563373901255753 0.2457647410252144 0.2583076801800711 0.3610245572837922 0.3976732723193403 0.40514491817267256 0.3884065303632201 0.34828649053788213 0.35170588482317117 0.3650698312339598 0.3990267472278762 0.2922425143073829 0.27556992129641134 0.2493388856521554 0.3340929342858664 0.36211082727735083 0.3668248220891159 0.26268336195231146 0.06584685366549126 0.04384579397911996 0.009614679607833833 0.005703625153349801 0.004223508551092451 0.0071420113501956045 0.007896271725723235 0.00689616932727164 0.006529261800820863 0.03719521247560005 0.039650176103327286 0.38545541088449675 0.0 0.0 0.0 0.400926134397303
-9999.0 -9999.0 -9999.0 0.002284937517863564 0.003225824039934626 0.004943389082458821 0.0034073969994730833 0.004642169399165155 0.006370179574246476 0.007599863040216788 0.0072849070510072585 0.008462372368415799 0.009064055875437491 0.011154965979479793 0.010381782402239763 0.008643297302123586 0.007440418116160668 0.009375338075816277 0.008800075611329982 0.04180335876069984 0.04316223846150743 0.06818699398480882 0.07268328515816233 0.2941044092271726 0.30040199906035037 0.42047514808808123 0.4203842226224322 0.3838275296080944 0.362449388982684 0.39504782960764395 0.42366337240985824 0.29250845668838915 0.2529082127599378 0.35495044387296504 0.34921475973017085 0.3725539568407947 0.36700169264567506 0.3486523279153184 0.22443131566069102 0.03469479906290559 0.0345436054429154 0.005556608006754419 0.00746377137973964 0.007437566681897227 0.006766037420259321 0.006355343987667012 0.03116424737712365 0.03814767236177631 0.06434452347422322 1.022916882848063 0.0 0.0 0.4185343107276804 0.2748969380035258
-9999.0 -9999.0 -9999.0 0.020572182708081938 0.0020033337264810857 0.0037086706604715085 0.003430642915799345 0.0041308315331503335 0.005126299188965822 0.006542878931151701 0.007180309000868745 0.008562379777294753 0.009401708977232102 0.008235836298750243 0.00944689953429633 0.0056368858069410135 0.007108440044290235 0.007099813764346452 0.008796523943049679 0.03753934595922531 0.040278909626434135 0.06197058087711548 0.07088972191723385 0.07288671151678992 0.2945589725600518 0.43202687848880694 0.47002371454988584 0.3008198434587604 0.3155380139293843 0.3849618496483301 0.2995926536232623 0.2520864778094719 0.2656944688126306 0.26708400689852474 0.35156261597419813 0.342475641107188 0.24118214831582133 0.2244635234961639 0.23743819983079595 0.06711770578759173 0.03701661683588052 0.007969882859104747 0.005933995472023656 0.005888902901433807 0.03720382217943139 0.03828527235529434 0.03551625112143399 0.04440821152982301 0.05989037968269794 0.25625218774618946 1.1063344864437947 1.1067378004667185 0.06652518480512423 0.043051223541274455
-9999.0 -9999.0 -9999.0 -9999.0 -9999.0 0.0032598873729585928 0.005391600644979915 0.005805758810811383 0.005851229801309212 0.006083242669151148 0.006868320155688105 0.007725555021186768 0.010742110158977664 0.007701501338426432 0.007345173479496226 0.006432327835193389 0.005903804548363866 0.005924465817786497 0.009931076031569057 0.009121930538848064 0.03870794946188469 0.044032190763001466 0.07067214681600979 0.07830676323276134 0.28237825475398437 0.28796089922895896 0.3179959718950995 0.3034100162939653 0.3022834404020142 0.32510685569184733 0.31115351017094384 0.06971876871614165 0.03632088519373333 0.057980083236219275 0.2653335725934491 0.2749172282334041 0.2458113406418529 0.034534578031774635 0.03716531351492775 0.04393584003154887 0.040871092262161395 0.009606260606037554 0.03850021351665375 0.006809292733446996 0.007257426997605179 0.042382348741096254 0.042965933042247405 0.03522866093338699 0.03748752302571628 0.06219623317044762 0.26623290313690834 0.21461351309598545 0.254892546382039 0.299920745002999
-9999.0 -9999.0 -9999.0 -9999.0 -9999.0 0.0042596506145207965 0.0025331704998037773 0.0028285145872709787 0.0034207266266697875 0.005826151366607503 0.006721229026348551 0.008310317808628186 0.008935697948628635 0.006612971619359548 0.0064449905616808705 0.006055599941372695 0.005204755117169572 0.004499254839979453 0.007913084966561174 0.008856446334986333 0.03748517424719196 0.039277174798026976 0.0442060850819697 0.04591840447100857 0.07883435904159689 0.07286366467771882 0.0793209556740395 0.08400521550094686 0.0719576259705711 0.06776562476561446 0.06734473652357706 0.0468436932808552 0.03717935085241844 0.03925430496321711 0.06485959243821601 0.26755567960276033 0.04088962660829502 0.03731419697415923 0.008247815647558936 0.010611790498724237 0.009727195516743692 0.039332477905919074 0.04121133670095068 0.043579074564329454 0.039182128234611945 0.03655682812051594 0.03742103137527921 0.03794216382483206 0.03527317044056305 0.04270822286472031 0.03765286743278096 0.05599825264211997 0.3540430763599969 0.40042596122701785
-9999.0 -9999.0 -9999.0 -9999.0 -9999.0 -9999.0 0.002833629518364409 0.002906920172251681 0.0033793912885022983 0.004429193609795471 0.0052921722845066695 0.006639426714630331 0.008606890142191875 0.006579086839009792 0.00707664601003693 0.005357872798398715 0.005761287417556373 0.006215141647076446 0.009346635851596593 0.010376702065616032 0.008344680174110908 0.03619921857100242 0.014213295118855935 0.05265086990919751 0.05499650387875643 0.08179031308421475 0.09202852382817014 0.059503135462948054 0.04270313118875101 0.08990155314712679 0.0467306739485524 0.03962228112974056 0.04208732497118984 0.04290368337283561 0.075662662786913 0.04422008743672784 0.04554150439698959 0.00785566440606488 0.006429552230910837 0.0062455470132572076 0.011029864981975316 0.042778851444335596 0.2584440735531963 0.06472004362425396 0.03725411474435383 0.06113985801142049 0.037324421604411434 0.038138086821066265 0.00843772394874995 0.008483138102454248 0.04489938759922556 0.07755362265134658 0.4602053621046998 1.1118539339958617
-9999.0 -9999.0 -9999.0 -9999.0 -9999.0 -9999.0 -9999.0 0.003144635851746428 0.004755818776920149 0.004688605904466982 0.005565952447417228 0.005934186142234949 0.008398793878128986 0.005160130637465072 0.005548294726827009 0.004673298285369064 0.004985670256641 0.007548041541943374 0.0077406334116129644 0.008261007438269121 0.008054469312924679 0.008294666593507055 0.010769078998122185 0.015299620036725145 0.05456145113355699 0.052365217597089064 0.05993973367871833 0.05919754404099867 0.047598847115628236 0.06143891633817086 0.0782182114185388 0.04081768670557738 0.04368576984552514 0.03998911357711868 0.04246198244892675 0.0484184572196445 0.01041060992987003 0.007440018253507912 0.007248222577808817 0.008839546322509512 0.041718989784237805 0.04217252833866379 0.2937959738795183 0.26834471873485277 0.26232605898185 0.06696021970823669 0.041546161521064454 0.042807820326962065 0.010221554162893843 0.009647850405845051 0.047617985969892314 0.08723942542336144 0.3530573253028938 0.28198777660881297
-9999.0 -9999.0 -9999.0 -9999.0 -9999.0 -9999.0 -9999.0 0.002637923719335475 0.004192131454844716 0.005285630171312462 0.0071720958192006854 0.004456188275601478 0.005758656532644392 0.005676658287192291 0.004927544683806639 0.006113975883582754 0.006614978361986961 0.009435415205733221 0.00881272573128778 0.009058007963034182 0.008750077097501328 0.009422609105511476 0.008725139957341444 0.010681826800218596 0.044349655158611966 0.048963252068008264 0.015161516826578791 0.015287877004103178 0.04747737869013905 0.04427425605804829 0.07821506275829983 0.08267299481398185 0.04179321802535364 0.037705856136623396 0.009667542060189757 0.008820884504335618 0.006376557477479898 0.00724883449018515 0.008319246361993785 0.03585862981793135 0.041626811011082294 0.2789926458223688 0.3735694599903224 0.37240006644567525 0.26095147962326914 0.0413479746408648 0.04488410666823008 0.013154951504691897 0.012439612814844367 0.04257365246105139 0.013362066503192828 0.04473214371839562 0.07331365730148469 0.07239039327090378
-9999.0 -9999.0 -9999.0 -9999.0 -9999.0 -9999.0 -9999.0 -9999.0 0.0027229415942268483 0.004731794982123189 0.004545312514485425 0.005584922524091862 0.004662386695839341 0.005307164991759219 0.005813661882845377 0.006230730410587584 0.007130035198956866 0.011111843939869503 0.009393260968412188 0.008939271032665784 0.009122876661041546 0.011035975433834408 0.005661929955720287 0.008434548460528124 0.042686778278816895 0.09195251521113178 0.014456608782905594 0.013585207587044255 0.04468691583033225 0.04779326762703877 0.07979699205178639 0.04884120140266193 0.04830537020664947 0.009861812904376457 0.006188145677663757 0.0054529293743429885 0.0076284566534168515 0.007644840999566985 0.04359227390883866 0.03790067050388057 0.06550664379014519 0.24641114937100841 1.019231395496937 1.128856750115755 0.420033453835296 0.07597264921576187 0.04728007249978966 0.013359014451546537 0.009899632925810531 0.010708606667809798 0.011829288851876835 0.0452077866184912 0.009452333706380467 0.039138693100863896
-9999.0 -9999.0 -9999.0 -9999.0 -9999.0 -9999.0 -9999.0 -9999.0 0.0051882897028750746 0.0024982476442922245 0.004080983601028404 0.00461705784016803 0.005089131550625251 0.007196088878582834 0.00619489281710954 0.00598468617387154 0.005151851222970361 0.041430148826858366 0.034750545801224934 0.03916657942724481 0.033764449857962224 0.009937588954437599 0.008426566768688637 0.010032077487512992 0.04784934684135459 0.4454919395770456 0.07620000753912033 0.014878420781592029 0.014722956771730565 0.050337484499639776 0.04649693069409827 0.05515303638053335 0.04662828265708044 0.010416511354749674 0.006226794960669057 0.006534576366311913 0.010264490373813209 0.04196230641931104 0.047120543389205634 0.0416178687166128 0.07882898990163024 0.23412332680245432 0.29404682095613693 0.384085826207193 0.43119433004164576 0.3159718902968997 0.05002605363206764 0.05125763835023431 0.009997490351810346 0.011009673954372027 0.04347071662185234 0.009317690649867615 0.01073419877289172 0.02947818572944181
-9999.0 -9999.0 -9999.0 -9999.0 -9999.0 -9999.0 -9999.0 -9999.0 -9999.0 0.003549057689158292 0.0030597638940511457 0.0048505167107310305 0.00673153255146621 0.006206655607040622 0.006103266057926188 0.0044935771742063615 0.029104266679352377 0.03599946478545572 0.03452338414008937 0.0401175455449386 0.008673617617686825 0.011462730565330816 0.007502779661081957 0.04324169638178305 0.3147154177219698 0.47897671323089774 0.42387186929129184 0.05301482200026197 0.05084098137505636 0.05011987309062221 0.05134348302964863 0.04545165103290071 0.04281934945481641 0.010883812761746266 0.007255085898177446 0.006723230243850835 0.010869750049245735 0.04293225276628501 0.04683420031930884 0.047950484724579565 0.05499188504818873 0.0361317785459416 0.0592179070246874 0.3336687526949522 0.08556304201616942 0.08639799037823388 0.05247994753113547 0.05121296507788971 0.04564597922504523 0.04300213327168156 0.03867610261768819 0.0383598297361261 0.031150827242343363 0.03506120845760527
-9999.0 -9999.0 -9999.0 -9999.0 -9999.0 -9999.0 -9999.0 -9999.0 -9999.0 -9999.0 0.003324446159269741 0.002024079506439383 0.005392906447765771 0.00602617814550208 0.006641864218611246 0.004429682678441206 0.027399061070637155 0.03264043337541698 0.034444411801751354 0.04139874880603894 0.0401347757225248 0.01038548954947338 0.008783295383509063 0.03475911360290479 0.0668573666216405 0.3170833954349754 0.4434320197895133 1.3792971003316206 0.08193435271161605 0.05146751940815627 0.011244434719058163 0.013054819218924377 0.011023441214832305 0.008243889079637294 0.007898766704195141 0.011200619571897396 0.010857335301470065 0.04298320692379952 0.044495605992091916 0.04658527978414776 0.04036611324429355 0.042733293642184894 0.04776843227558766 0.0505609221650942 0.048140767192673406 0.047421137015617676 0.04758923665227393 0.04456394670453333 0.012986138316320119 0.03528147789568784 0.03040031240183245 0.03194505379308471 0.038102177706757875 0.04030745199642589
-9999.0 -9999.0 -9999.0 -9999.0 -9999.0 -9999.0 -9999.0 -9999.0 -9999.0 -9999.0 -9999.0 0.002709368528953637 0.004484801795700561 0.004363506829649934 0.006600579887088358 0.0038099891890631195 0.027139987063830053 0.03125547998317406 0.03206427351646815 0.03365031696094218 0.03593123115404809 0.042198093930469076 0.04375953477340697 0.03670412331306019 0.03935036392130286 0.2827940291389793 0.478629143736016 1.5383075457380075 0.42081767973897843 0.05106528210789173 0.038286372794693053 0.009760147958353478 0.009170533573039074 0.008928031531370733 0.011467776401422233 0.012195270733282363 0.011916808970112183 0.04882583864886203 0.04141259909955924 0.043711126999088516 0.04691546774875052 0.04811891627000532 0.04913585744795565 0.051396362116817355 0.011996093311011197 0.01085710354650967 0.04457316868813845 0.04377281176954149 0.012025075071299152 0.032551620062820114 0.04495720545763569 0.04341281698620958 0.043268018266732745 0.04408625079862375
-9999.0 -9999.0 -9999.0 -9999.0 -9999.0 -9999.0 -9999.0 -9999.0 -9999.0 -9999.0 -9999.0 -9999.0 0.003000643706557099 0.004585619147329836 0.0050590100334098114 0.004364708305293398 0.006105274673649997 0.031681263582883014 0.03191029860850321 0.03217174046025601 0.03207578064865186 0.36698208455328774 0.278423992303719 0.2693543151596132 0.04018578181498049 0.03841836243405399 0.31021621210094125 0.39901583976968286 0.043901971456177934 0.03952346955820857 0.009773693744554895 0.039536018216280285 0.045813649766190644 0.0482767534504798 0.335860115283772 0.39276522156217325 0.058051421857797665 0.043305787456534815 0.04030934410753509 0.04406031421888298 0.04745506075797681 0.047194925972717086 0.012474780914163527 0.01207046099276896 0.012808008959358193 0.011890343140442463 0.05465942971029432 0.05592754753764016 0.012332192564504461 0.03411069873048568 0.04070065889812745 0.038561440380877686 0.034439723898677964 0.036603270142533645
-9999.0 -9999.0 -9999.0 -9999.0 -9999.0 -9999.0 -9999.0 -9999.0 -9999.0 -9999.0 -9999.0 -9999.0 -9999.0 0.0022591027226626 0.0029874725802828254 0.00529566317610094 0.007277484532798605 0.03307375116251585 0.031707432459109924 0.032533791555019766 0.06547553298079178 0.06351146897863683 0.31142139723192896 0.0667444687727077 0.040932530545320735 0.009302135507719416 0.044181495620201794 0.06784224120204509 0.04345840925951287 0.03760349938633247 0.009009196268493504 0.07504430697105326 0.04898613581206372 0.32519630278901307 0.4642110562039731 0.3434157541095542 0.35833127220761624 0.3446408735075667 0.08525652014268106 0.04579351434662443 0.053019597321783685 0.05146569040495136 0.016137786439239292 0.051121917536897314 0.048637585804583536 0.053190005140816246 0.04208402897143646 0.01303193127305027 0.014460460095498806 0.013035668720285441 0.04124121841505063 0.041091229088096176 0.036925760107857274 0.03924165983308273
-9999.0 -9999.0 -9999.0 -9999.0 -9999.0 -9999.0 -9999.0 -9999.0 -9999.0 -9999.0 -9999.0 -9999.0 -9999.0 0.019784226783995128 0.0018263111467634768 0.005582378776613647 0.007210610557450784 0.034521566239194106 0.05683660514613221 0.05054505120636509 0.06252340109678474 0.06342677785711555 0.2847007296732946 0.042732026584155335 0.009247271569069716 0.008534829918885397 0.03854935410451108 0.037750826853178744 0.04062644495308305 0.009265812975434898 0.00941887553708415 0.04239162399558398 0.06859662982208643 0.42447279808453403 1.3079148226401456 0.4485414192258189 0.3224949888805922 0.3344645653131573 0.3946522475494206 0.08036260843165044 0.05930539728556441 0.05710143569295417 0.05060766835890023 0.035179762258511604 0.01501978808536067 0.013738943176726819 0.03666606617605392 0.013454862200104981 0.013995359304985026 0.012258506899643232 0.01130735419351774 0.008777870188668014 0.010817070570326841 0.03552374918816074
-9999.0 -9999.0 -9999.0 -9999.0 -9999.0 -9999.0 -9999.0 -9999.0 -9999.0 -9999.0 -9999.0 -9999.0 -9999.0 -9999.0 0.003348946011245438 0.0059409929848008095 0.00666912366096221 0.03147322262139028 0.051293083991233696 0.052116550883143556 0.057959387512489705 0.03939599356696897 0.06558131461038469 0.06429961290589158 0.008231407532365774 0.008656960519647988 0.010381953210888074 0.04002258650161094 0.041635574604517854 0.009848575414706217 0.0428846909651683 0.04133701216019579 0.06566091615249874 0.3282704072420035 0.4129091381855727 0.4218093342418825 0.08982217969169805 0.08593975031330547 0.07556920922633602 0.09447623009621642 0.05864316249864772 0.03900086777984195 0.03957742495784288 0.04110114774239342 0.04266400962277795 0.04488264584028744 0.012711552309369795 0.015416788959755833 0.013779235112181338 0.01036776966701729 0.011263823820639212 0.008138306646844168 0.0075352696526272325 0.011712661714691734
-9999.0 -9999.0 -9999.0 -9999.0 -9999.0 -9999.0 -9999.0 -9999.0 -9999.0 -9999.0 -9999.0 -9999.0 -9999.0 -9999.0 0.016219963819897515 0.004794684848656367 0.005936294499696794 0.028122837231447713 0.031138133366474238 0.03181133818433229 0.03913922968013143 0.04049545053494693 0.040080564113803646 0.06507641896660138 0.03526523238685859 0.00907046889410386 0.010253529336070722 0.04032096268436372 0.011392044729372703 0.01126837701143138 0.03727781036323446 0.0331813830448947 0.0384810099782599 0.039830321206936 0.040977812606431845 0.051657392959960746 0.04232252345035651 0.04384790247015427 0.015137975617897507 0.015054869031125044 0.015168610291988644 0.014022670959549878 0.01588146824744782 0.01588325865635091 0.04285719961923028 0.00890929630665925 0.009648940598343477 0.012212027482725322 0.01027283968175571 0.006493026469712059 0.008873594808098273 0.009854613606011576 0.00852411177802636 0.0345328826859734
-9999.0 -9999.0 -9999.0 -9999.0 -9999.0 -9999.0 -9999.0 -9999.0 -9999.0 -9999.0 -9999.0 -9999.0 -9999.0 -9999.0 0.0 0.005072139480676209 0.0061528610611197 0.03144195016924261 0.03343793191259134 0.03457473438779189 0.0400144273518189 0.03802836062380373 0.04166853038389849 0.041927868288829585 0.03530783897502164 0.035654192708329 0.033428205348829135 0.009688047350595358 0.009379102351233876 0.006389017321372622 0.010872168587129898 0.007713331128951265 0.0078803131855018 0.03881745190519289 0.0437906552446533 0.0434712797809146 0.007748037146143017 0.007957436305705516 0.01625837166977746 0.014136831564685592 0.01172598063998272 0.012317150467549463 0.016687348066994772 0.009181062423827518 0.008636183504357587 0.028439364011078216 0.009915822997695521 0.010778094863289785 0.01021312666538022 0.008114831414625078 0.009707792341741716 0.01026311295014591 0.038647206677872054 0.03770619064850989
