data/moz/moz_beta.asc
ncols	234
nrows	368
xllcorner	195196.26821073
yllcorner	7004178.4200866
cellsize	5000
NODATA_value	-9999
[rows 108 to 134 of 368, columns 61 to 121 of 234]
0.08831224213951112 0.084725457877712 0.08155808657399442 0.08488271679604648 69512501.4630424 2925479683.408599 3036563012.261717 0.0 0.0 3133840710.7215004 3092024550.655703 3001161000.8006797 3116955125.3082867 3033061240.7321343 3018694662.3885736 0.0 0.0 0.0 3099832309.422279 3153266895.625761 3145212562.7410593 3194502893.0570545 3156631286.3807535 0.0 0.0 3226319703.0029206 3240682255.2995334 39775344.77593662 171535191.11568573 40720769.95943008 32071953.331660327 0.0880816161796614 0.09500184996303813 -9999.0 -9999.0 -9999.0 -9999.0 -9999.0 -9999.0 -9999.0 -9999.0 -9999.0 -9999.0 -9999.0 -9999.0 -9999.0 -9999.0 -9999.0 -9999.0 -9999.0 -9999.0 -9999.0 -9999.0 -9999.0 -9999.0 -9999.0 -9999.0 -9999.0 -9999.0 -9999.0 -9999.0
53760850.772702284 0.09157817581576275 0.09575336764838124 0.08640206238821943 66690973.17091635 0.07058949677632427 3083874309.516775 0.0 0.0 3093943072.8428 3146620843.2264714 3071459682.5592647 3061752652.497747 0.0963957553833374 3180306454.3021708 0.0 0.0 0.0 3105696014.057643 3115556106.1732044 3024848026.5810046 0.09012423282000485 3152544023.444311 0.0 0.0 3163769444.694915 0.09825364894274585 24760354.445798177 106949940.02347341 48030050.04294821 40216654.9482155 62009239.95912237 2985593628.4447584 -9999.0 -9999.0 -9999.0 -9999.0 -9999.0 -9999.0 -9999.0 -9999.0 -9999.0 -9999.0 -9999.0 -9999.0 -9999.0 -9999.0 -9999.0 -9999.0 -9999.0 -9999.0 -9999.0 -9999.0 -9999.0 -9999.0 -9999.0 -9999.0 -9999.0 -9999.0 -9999.0 -9999.0
0.09666228064637793 0.08451250246245955 0.08152204054410608 0.08393434522534159 0.0814406677956531 0.07986947704981508 2971029137.961467 0.0 0.0 3088885617.507896 3113586865.078734 3103554336.2269683 3155470130.2646794 3177740669.470783 3175303563.1020947 0.0 0.0 0.0 0.0 3085112826.6782823 38757470.07261035 51230182.15391096 55379836.54590531 0.0824314568625566 0.07821807850396192 0.08698222389631072 153653765.4731284 92759199.16007538 100671991.67940493 93374131.38121898 150612363.3445998 -9999.0 -9999.0 -9999.0 -9999.0 -9999.0 -9999.0 -9999.0 -9999.0 -9999.0 -9999.0 -9999.0 -9999.0 -9999.0 -9999.0 -9999.0 -9999.0 -9999.0 -9999.0 -9999.0 -9999.0 -9999.0 -9999.0 -9999.0 -9999.0 -9999.0 -9999.0 -9999.0 -9999.0 -9999.0 -9999.0
3040532195.1266274 0.08501047615816604 0.09393833703778397 0.07758539082467952 0.0846328952514879 0.07354206321246966 2897049187.989154 2997318454.2051806 923648143.3724751 3042623008.432875 0.0 0.0 0.0 3152793280.1440835 3087510366.447316 0.0 3074021881.3395905 2985226359.830516 0.0 0.0890551749501805 42531176.146284595 13402337.466870984 43111637.08457226 0.09275284038571277 0.08127737344619969 46405653.87531128 157423622.0866845 190276171.5180169 163154794.1345466 123957852.64464152 143845758.47739607 -9999.0 -9999.0 -9999.0 -9999.0 -9999.0 -9999.0 -9999.0 -9999.0 -9999.0 -9999.0 -9999.0 -9999.0 -9999.0 -9999.0 -9999.0 -9999.0 -9999.0 -9999.0 -9999.0 -9999.0 -9999.0 -9999.0 -9999.0 -9999.0 -9999.0 -9999.0 -9999.0 -9999.0 -9999.0 -9999.0
2993852144.0584517 0.08149671716989136 0.0855320972612383 0.0821956619615828 0.0802158306435965 2931199417.7090306 2894721224.813272 2911665027.86399 0.0 0.0 0.0 0.0 0.0 0.0 3195017364.796152 3037906388.634159 3101701206.3219695 3099996965.964898 0.07983665156457598 48551270.58348482 41508207.00163217 36776167.940940164 33057700.172386173 0.0961871040764964 0.08821518759616832 52202893.24060921 187430666.16633752 161547886.46192154 179070938.96055412 82988045.03223929 114136917.83694717 -9999.0 -9999.0 -9999.0 -9999.0 -9999.0 -9999.0 -9999.0 -9999.0 -9999.0 -9999.0 -9999.0 -9999.0 -9999.0 -9999.0 -9999.0 -9999.0 -9999.0 -9999.0 -9999.0 -9999.0 -9999.0 -9999.0 -9999.0 -9999.0 -9999.0 -9999.0 -9999.0 -9999.0 -9999.0 -9999.0
0.07312210467735614 0.07773444021730587 0.07994360878128928 0.07436816084201553 0.06799711880032615 0.0666786665185294 2934715061.427299 2923430362.4439697 3062740904.944005 0.0 495596673.2906074 0.0 0.0 0.0 3172459309.571743 3107666751.7671585 3053001782.75518 3113547112.113742 59266385.66629796 55567547.84737547 51054487.85710934 53164712.88677765 34815580.50821165 52536570.84793389 49021165.27469772 171234811.70543817 154230549.38165754 184835414.11165917 132115544.81118812 94150259.74215406 97478865.77553163 87551180.98228042 -9999.0 -9999.0 -9999.0 -9999.0 -9999.0 -9999.0 -9999.0 -9999.0 -9999.0 -9999.0 -9999.0 -9999.0 -9999.0 -9999.0 -9999.0 -9999.0 -9999.0 -9999.0 -9999.0 -9999.0 -9999.0 -9999.0 -9999.0 -9999.0 -9999.0 -9999.0 -9999.0 -9999.0 6358046254.6306
0.06946904109902302 0.07256525370423032 0.07772504695662118 0.07706529579924058 0.07263069508813987 0.07369953312223342 0.06622392253547285 0.06791888815237272 2913295363.0008545 2989819079.4858747 0.0 0.0 0.0 3074517024.995949 3125529248.0340505 3091819931.1389713 3114129198.312941 57050257.79991276 47582330.99926941 49336434.431554765 57755137.83689708 50119302.29601105 49257518.463590354 53916949.97821055 36118649.06909754 104879075.9197282 169613440.55063128 177884871.51575005 122009423.08626592 151764108.74992818 109220924.79387012 -9999.0 -9999.0 -9999.0 -9999.0 -9999.0 -9999.0 -9999.0 -9999.0 -9999.0 -9999.0 -9999.0 -9999.0 -9999.0 -9999.0 -9999.0 -9999.0 -9999.0 -9999.0 -9999.0 -9999.0 -9999.0 -9999.0 -9999.0 -9999.0 -9999.0 -9999.0 -9999.0 -9999.0 -9999.0 6686739335.725703
2924006006.3196683 0.06917372007301695 0.0676023171051367 0.08096059329551596 71884105.88015056 0.07199090437724145 0.06939508475479624 0.06833385131648015 0.07106151823338253 2996009028.1368656 0.0 1265542895.4667954 452539407.10801536 0.0 3150287237.9831977 3101747841.021812 0.08963154016947567 50027977.836498715 50597710.23885343 47506046.88389064 0.08771814838418737 0.08787442718394697 61188888.97076154 222268316.95703557 218572492.90440252 190891559.33993745 136294234.83956265 98449337.07773495 89331858.82718986 110793484.26963922 50979705.500205845 -9999.0 -9999.0 -9999.0 -9999.0 -9999.0 -9999.0 -9999.0 -9999.0 -9999.0 -9999.0 -9999.0 -9999.0 -9999.0 -9999.0 -9999.0 -9999.0 -9999.0 -9999.0 -9999.0 -9999.0 -9999.0 -9999.0 -9999.0 -9999.0 -9999.0 -9999.0 -9999.0 -9999.0 -9999.0 1214718482.542992
2922925636.2268734 0.07455840729357306 0.06538038401523104 0.07453583050199077 63891126.676708765 68090804.33589959 0.0747753750286313 2995020993.203729 0.07092516136631141 0.07189328836301953 2886488363.604804 1514172934.2686987 0.0 0.0 0.0 3145214393.385481 50270282.34314222 48470306.075459786 48226480.26092748 49661405.800444365 0.08677893788511891 53266920.92552017 174766535.68258804 178112783.8938287 180511914.792069 227141242.71426356 188013312.5093397 128386202.69259693 93746673.45573172 179205099.00387356 -9999.0 -9999.0 -9999.0 -9999.0 -9999.0 -9999.0 -9999.0 -9999.0 -9999.0 -9999.0 -9999.0 -9999.0 -9999.0 -9999.0 -9999.0 -9999.0 -9999.0 -9999.0 -9999.0 -9999.0 -9999.0 -9999.0 -9999.0 -9999.0 -9999.0 -9999.0 -9999.0 -9999.0 -9999.0 -9999.0 1249202345.916719
2984603241.6831555 0.07021451276830082 0.06472003344466036 100610134.07481664 83918679.10201083 82985580.59210987 0.07196146235554822 0.06616900955192376 0.060669530479219046 80951052.55602014 2933793815.1951723 2906952765.085443 0.0 0.0 0.0 0.0 53539457.52616764 49788317.658306226 0.08380351201401823 59679656.19246626 52017762.22035259 40822118.361180276 142867508.1352892 168153231.08082876 207601334.11611748 166251296.82126972 220195121.38451046 159005865.08178666 3015380211.127064 -9999.0 -9999.0 -9999.0 -9999.0 -9999.0 -9999.0 -9999.0 -9999.0 -9999.0 -9999.0 -9999.0 -9999.0 -9999.0 -9999.0 -9999.0 -9999.0 -9999.0 -9999.0 -9999.0 -9999.0 -9999.0 -9999.0 -9999.0 -9999.0 -9999.0 -9999.0 -9999.0 -9999.0 -9999.0 -9999.0 -9999.0 0.0
0.08385425791335599 0.07810107506982697 0.06627089148588454 0.056803767363105606 0.053480904223297564 0.052931936967504124 0.06226964583209809 0.06344515996513998 0.06999403924406238 76889484.16708261 0.06773300150937835 2969453914.9001107 0.0 0.0 0.0 0.0 0.09057181722464987 39153025.34180483 41589482.78988163 55538891.097388476 47854437.2358277 60519260.488466434 171072686.18763316 199752294.04257664 184141570.10834676 168360716.89742887 183386104.19544676 0.05853659062682866 -9999.0 -9999.0 -9999.0 -9999.0 -9999.0 -9999.0 -9999.0 -9999.0 -9999.0 -9999.0 -9999.0 -9999.0 -9999.0 -9999.0 -9999.0 -9999.0 -9999.0 -9999.0 -9999.0 -9999.0 -9999.0 -9999.0 -9999.0 -9999.0 -9999.0 -9999.0 -9999.0 -9999.0 -9999.0 -9999.0 -9999.0 -9999.0 0.0
283706822.3702549 0.06932516601953509 0.07126196174815871 2839100712.928419 2856393104.4949293 0.06321646318793882 126775840.83871846 105513712.77638455 91554319.11406842 0.07263512445149994 0.08215119954873627 3013748727.4595685 0.0 0.0 0.0 0.0 3036411277.8216834 59324802.82885148 52807082.40447433 58183944.98750242 0.07617309971954334 60988394.78718387 64143758.7383096 216122118.34159216 200310665.58640623 183232458.47831193 175991480.67475805 -9999.0 -9999.0 -9999.0 -9999.0 -9999.0 -9999.0 -9999.0 -9999.0 -9999.0 -9999.0 -9999.0 -9999.0 -9999.0 -9999.0 -9999.0 -9999.0 -9999.0 -9999.0 -9999.0 -9999.0 -9999.0 -9999.0 -9999.0 -9999.0 -9999.0 -9999.0 -9999.0 -9999.0 -9999.0 -9999.0 -9999.0 -9999.0 -9999.0 406495023.95491236
73989569.39416029 92934770.76219088 0.06705591112617662 2865832777.7536135 2883658812.346194 0.061227707901514605 0.05947658728487575 0.05159372889925088 0.06257410343591673 3002801973.0162997 0.08023238335843516 2979227991.349336 1177691982.752045 897677391.6434203 0.0 0.0 3036353785.8856983 0.0 3136725786.5252304 3172567457.9101567 0.08234995181283673 71676482.45757486 64372444.88261638 54916873.65257314 165395603.29969996 35740579.2147126 66106728.144111484 3019274491.9345245 -9999.0 -9999.0 -9999.0 -9999.0 -9999.0 -9999.0 -9999.0 -9999.0 -9999.0 -9999.0 -9999.0 -9999.0 -9999.0 -9999.0 -9999.0 -9999.0 -9999.0 -9999.0 -9999.0 -9999.0 -9999.0 -9999.0 -9999.0 -9999.0 -9999.0 -9999.0 -9999.0 -9999.0 -9999.0 -9999.0 -9999.0 -9999.0 315589331.70358014
2984355076.5305595 0.07183019094987207 0.06615643781027433 0.06233944327393846 0.06557105172130011 0.06184892982016418 0.05629974646219655 0.05527516553242805 2759605018.1096845 2820756328.367177 2958344220.0613494 2981113913.982753 3030877958.7273297 0.0 0.0 3090376013.1453686 3029217871.2160587 0.0 3091214461.147739 3079148320.354618 0.08578950767975278 69997587.21534766 65649601.64924619 54115235.24795782 42696730.5276476 58196916.98134837 44557344.34967119 29598724.281318936 0.1057884516168793 0.45502784503374505 -9999.0 -9999.0 -9999.0 -9999.0 -9999.0 -9999.0 -9999.0 -9999.0 -9999.0 -9999.0 -9999.0 -9999.0 -9999.0 -9999.0 -9999.0 -9999.0 -9999.0 -9999.0 -9999.0 -9999.0 -9999.0 -9999.0 -9999.0 -9999.0 -9999.0 -9999.0 -9999.0 -9999.0 -9999.0 -9999.0 390374323.3728642
2991347819.4147677 2940510743.6421967 0.06830773927889372 92092859.13950671 0.06624387902529633 0.061779692274841196 0.059473656528643774 0.07438676900644035 0.06313965973117519 2769961978.228793 2934930409.181385 3051818559.01383 3082896428.9419756 2987738785.9727907 2990650316.7865224 3051220939.98128 3048768580.176964 3071940604.994382 3047154234.1791487 3020844505.2382617 0.08026708630517236 0.08783623184225711 0.09380300098734325 0.09262906218859548 0.09944760116111787 132589764.48205088 31103514.9612481 39399629.22121411 32942851.271723323 0.1009999690970117 -9999.0 -9999.0 -9999.0 -9999.0 -9999.0 -9999.0 -9999.0 -9999.0 -9999.0 -9999.0 -9999.0 -9999.0 -9999.0 -9999.0 -9999.0 -9999.0 -9999.0 -9999.0 -9999.0 -9999.0 -9999.0 -9999.0 -9999.0 -9999.0 -9999.0 -9999.0 -9999.0 -9999.0 -9999.0 -9999.0 315280627.6686904
2854995470.0141883 0.06737004232580994 0.06741028147110918 89257477.79921296 95700326.5874861 0.0643142251645022 0.06330911748171315 0.06170521540595787 89101998.11372201 128113963.83206731 2816872808.600258 2996908275.260376 75520906.21935152 87181743.76080127 3031419159.658595 3003900060.4092126 3043773322.475678 3047985057.0124645 0.07813776383693699 62393982.3003976 0.08299456564390531 0.0787149658481747 0.09184360343442881 0.09465338772237882 0.09825099657090677 0.09485639184868488 0.09135190509732659 42187312.30119041 31196209.900734536 18135485.37170265 0.07316836846768195 -9999.0 -9999.0 -9999.0 -9999.0 -9999.0 -9999.0 -9999.0 -9999.0 -9999.0 -9999.0 -9999.0 -9999.0 -9999.0 -9999.0 -9999.0 -9999.0 -9999.0 -9999.0 -9999.0 -9999.0 -9999.0 -9999.0 -9999.0 -9999.0 -9999.0 -9999.0 -9999.0 -9999.0 70985008.7421373 371628501.6402265
2896037958.409854 2893384208.401455 0.0667883504883223 97535811.48296289 300118372.11625254 126882897.94158958 0.06052166588997875 0.06760448024480323 86297309.70537443 241869348.66661516 130907283.56665021 102569209.39667778 205247311.2864595 198863005.8523987 241704496.4798675 293512826.5796046 67623487.65076527 0.08567209494844052 0.08196080154859234 3051526842.864436 0.07723848906207872 0.07230206420913358 0.08949278497132236 3143068121.0256696 3145122861.777562 0.09845019334299093 0.09046593188876087 0.08703161051901358 19113557.490776476 21662973.43380708 3063749171.0508995 -9999.0 -9999.0 -9999.0 -9999.0 -9999.0 -9999.0 -9999.0 -9999.0 -9999.0 -9999.0 -9999.0 -9999.0 -9999.0 -9999.0 -9999.0 -9999.0 -9999.0 -9999.0 -9999.0 -9999.0 -9999.0 -9999.0 -9999.0 -9999.0 -9999.0 -9999.0 0.0 176769261.1416677 269931861.7787289 303246442.35293216
1422451275.3274913 2987623705.60736 0.07470237886944307 0.06348757801566653 93166030.3339771 350568499.6591176 105833306.60283718 0.06735411789964617 0.06670783045060201 267181709.2219002 261525729.11421853 373750288.9789855 283399885.67757374 266808884.59391618 211601890.42194277 209710507.10481542 223442125.91814175 0.07527361244539826 3096180488.5625095 3128101538.1400228 3095419716.1725497 3081819971.5404243 0.08821741271080358 3121513653.8268266 0.09329132065021896 0.0935130732985606 0.09151208695464137 0.09259835020316008 25028614.219339136 0.10514429084411442 -9999.0 -9999.0 -9999.0 -9999.0 -9999.0 -9999.0 -9999.0 -9999.0 -9999.0 -9999.0 -9999.0 -9999.0 -9999.0 -9999.0 -9999.0 -9999.0 -9999.0 -9999.0 -9999.0 -9999.0 -9999.0 140773358.66821623 123809489.98304328 29443904.900466476 44992854.50465642 188545123.28105846 267473390.4188982 175706278.0876712 177083384.42565385 195402481.28850442 212511784.67458963
1528605127.2379918 2923517250.34562 2951534138.8217673 0.0719802729395781 87629629.71677805 89996364.3949801 86073252.21815367 81722742.67092943 74401098.98047286 54941240.82899364 68946394.5018549 234892423.24827215 227867589.62553033 292259347.65652704 189550629.52805763 188566331.87161985 209701349.48388675 0.07733944703274595 3099465117.8714504 3143283339.987322 0.0 0.0 0.0 3031501048.2993126 3153135291.383199 0.09391952561505101 0.09746827279283132 0.09684507275523553 23061445.038282227 0.10190615598194304 -9999.0 -9999.0 -9999.0 -9999.0 -9999.0 -9999.0 -9999.0 -9999.0 -9999.0 -9999.0 -9999.0 -9999.0 -9999.0 -9999.0 -9999.0 -9999.0 -9999.0 -9999.0 -9999.0 -9999.0 118058421.3263568 106688016.28392315 109259290.20649162 159029946.0774379 292742877.07106674 144558169.80954593 242176823.9265425 158184822.97863442 242391569.8586018 194897880.50278053 255062197.75284925
2041507894.9087648 1003474119.969986 2953551450.5438576 0.07213397175549228 0.07960422001638653 0.0695657114753717 96825214.04611933 89308498.17890431 60768290.65454042 53204029.89587011 56852640.30939354 201254916.95374018 156890492.09939462 283166383.87925476 209256941.4242336 40593652.508351825 0.08689702282146189 3078183361.624019 3148016604.873136 3177038130.246155 0.0 0.0 0.0 0.0 3147904888.997918 0.09428300011485846 0.10047884905251042 0.09937192782346796 30360682.29283807 17170205.41041176 3131108733.6316643 -9999.0 -9999.0 -9999.0 -9999.0 -9999.0 -9999.0 -9999.0 -9999.0 -9999.0 -9999.0 -9999.0 -9999.0 -9999.0 -9999.0 -9999.0 -9999.0 -9999.0 -9999.0 97558093.31327309 105924799.3329167 97290723.93330568 118110354.87052876 149576888.31270075 154834840.97097453 159331472.25944084 165155386.4821083 156457436.1368028 154483184.89752606 153081728.35080293 140441446.32936943
2093291392.4696267 1630031626.469747 1258336374.717931 2988195437.5865355 3004157151.22998 0.0750817849918417 0.06999470924653287 0.0699459182133595 60920775.139208674 73954296.12089004 244472374.7833928 243924578.9292136 186205810.9883154 210039052.07099184 288426864.17674255 0.08135528994302756 3108675758.472188 3098222275.458174 3152448722.0665474 0.0 0.0 0.0 0.0 0.0 3332394599.420575 3322479966.583813 3192239862.1474814 0.09829191139548565 26429800.129076026 21339847.21572545 4531910.49404751 0.0 0.5088518254405456 -9999.0 -9999.0 -9999.0 -9999.0 -9999.0 -9999.0 -9999.0 -9999.0 -9999.0 -9999.0 -9999.0 -9999.0 -9999.0 -9999.0 -9999.0 -9999.0 81575916.99551037 67174358.95385468 95317432.30420622 143050888.2042996 128095359.9608689 124074873.96025385 218183499.07664144 109903840.40641102 128874717.60577464 143755607.1786829 143068399.54631346 110178132.0625062
2225209438.566945 1582233560.7079926 1619390171.6933942 1096045094.5000374 3027349421.3016367 3016942645.77395 3004623545.119906 0.08632676901388656 0.08664075793760793 64131895.157340154 237771554.8805148 234993929.36108342 49441218.76285238 57064029.64110009 0.0626879842120539 0.06964881011221426 3093712576.037981 3154417728.458494 0.0 0.0 0.0 0.0 0.0 0.0 0.0 3294750804.0756 3221267007.3041086 3247549566.6212144 25217086.901850402 94675526.22674412 0.0 0.0 0.0 0.0987381771880634 -9999.0 -9999.0 -9999.0 -9999.0 -9999.0 -9999.0 -9999.0 -9999.0 -9999.0 -9999.0 -9999.0 -9999.0 -9999.0 -9999.0 0.0 42382942.38936946 78347965.24557446 91799760.8520829 75942146.94876476 57479913.77165483 97169927.4697675 101348109.47069527 123460392.1383174 103159710.72826353 112595287.85522816 122113932.14867465 115683045.16350473
1934915422.9857836 1955710483.5261025 1743746168.3440335 1617829403.1127849 2893273480.4434133 3007265084.034726 0.07618952641410341 0.08555601208803804 45719558.19870944 279926142.8502985 97888205.98152396 0.07594311806296869 0.08954755118979518 0.08894914996651654 0.07329241467490599 0.06798296902224807 2935412322.5956826 3128070489.1762652 3115488257.8345757 0.0 0.0 0.0 0.0 0.0 0.0 0.0 3245825382.568825 0.10785364493220624 0.11080622141545864 0.0 0.0 0.0 0.0 0.0 -9999.0 -9999.0 -9999.0 -9999.0 -9999.0 -9999.0 -9999.0 -9999.0 -9999.0 -9999.0 -9999.0 -9999.0 -9999.0 -9999.0 449570524.24265033 145006544.6584893 28161736.80790916 28861241.364592794 100139047.75464676 41903160.060535744 52062847.480294794 67623213.50139494 92499974.45558445 111888850.58126047 112132349.70205124 92784580.80331352 91897362.4888641
1623170193.9680495 2055742373.0163572 2847536211.0560637 2870118557.182477 2866260896.7039933 2886826467.8211412 0.07028587266675196 0.07789970017005378 50169854.76952434 58396303.59978797 62075969.8552876 91601372.81295621 0.06696780650988407 0.07338403112302319 0.07017914312756125 0.08384166153588249 65448207.026781246 2892100727.3092513 696999883.9025437 0.0 0.0 0.0 0.5392656338723201 0.5407791236077176 0.5533386646837122 3212298510.2966685 3181332263.662977 0.09923681034853638 0.09126538597921338 28310794.062578436 6890339.556990502 0.0 0.0 0.0 0.0 -9999.0 -9999.0 -9999.0 -9999.0 -9999.0 -9999.0 -9999.0 -9999.0 -9999.0 -9999.0 -9999.0 -9999.0 -9999.0 174031574.7079292 128860776.54891467 97293240.84657761 35704075.84693666 58434887.69346102 112941745.28231283 67426017.62368853 59871979.824568525 87303416.7870515 83929068.6275514 74524357.1368871 94052592.16533066 71945162.80605139
1446919624.8250484 1929559471.8507495 2805307100.2527165 2834760498.6532407 0.07093055344214809 0.06686325445323836 0.0668087786803788 0.0705247583592336 59143776.0825598 0.08415660493854793 60675446.48920702 1985865956.8055315 1351284038.1911356 498154515.96500146 836191464.4137987 3959769068.8572497 2777137310.4907327 2944397363.630641 1621303593.334383 0.0 0.0 0.0 0.0 0.5584311938233547 0.5653385060732214 3283227922.7213864 3293454938.705246 0.10728737764681237 0.13282209344332663 0.14727820252554996 12881540.013982253 0.0 0.0 0.0 0.0 9053853.090790758 -9999.0 -9999.0 -9999.0 -9999.0 -9999.0 -9999.0 -9999.0 -9999.0 -9999.0 -9999.0 -9999.0 -9999.0 0.0 20383451.262109865 17544243.632753093 123088429.71365885 64006242.32090676 98153955.8458277 98757629.69793825 88123620.00182027 91177063.35221626 135538107.78432962 143280676.14607573 103942005.77757949 85315675.36348493
1587295180.3405366 1326143491.3922503 2932692344.360763 2874670241.818777 2825086674.729674 0.07096849046062302 0.06441623829285938 91743513.81622021 87756874.9799889 0.07237642732179998 952473502.6916242 941543079.8304209 3781836570.61113 0.0 0.0 0.0 20209197746.593193 1619350367.2455673 19508142075.240463 1292845411.5534997 0.0 0.0 0.0 0.0 0.0 3302732659.8129706 3308196285.547797 0.12992168905886478 0.10769623403890076 3017470.4294688217 0.0 36557080.82445006 39671476.19773271 0.0 0.0 0.0 0.0 0.0 -9999.0 -9999.0 -9999.0 -9999.0 -9999.0 -9999.0 -9999.0 -9999.0 -9999.0 148211516.82209665 21493033.86187052 0.0 23819609.426205054 29052025.576301668 78569208.45922159 40784863.9623861 50689912.160899416 63992809.47793055 83161579.43516448 184070513.26117876 185008764.6091797 127760891.1850344 77104550.02336554
1636818019.7904925 1068214771.8971338 0.0 2979417813.133447 2876592235.566336 2890095439.9186344 2914585928.765598 87740218.96891198 310666051.4044805 15610245659.04977 3138934805.4300947 175533238.3170434 0.0 0.0 20377216700.439095 20744361005.38632 20251578210.155434 0.0 20261786138.723766 3010766111.1939034 2953160246.345739 0.0 0.0 3290294342.4107547 0.1095618444199848 0.10241474182207987 0.12197142598269237 0.1229125692683521 0.0 0.0 9112986.371360447 31963622.328488104 2743958.3484245874 17493586.858605146 0.0 0.0 0.0 0.0 -9999.0 -9999.0 -9999.0 -9999.0 -9999.0 -9999.0 -9999.0 0.0 83087694.0193806 12677215.336128773 0.0 14113950.374124201 13429668.342708968 28160430.16693912 19916988.503417883 41422341.34794174 33038871.975030906 25016771.135748666 33506843.96436556 56874661.371268176 118991796.90155998 106605983.50249194 12899483.90354555
