data/moz/moz_beta_1.asc
ncols	234
nrows	368
xllcorner	195196.26821073
yllcorner	7004178.4200866
cellsize	5000
NODATA_value	-9999
[rows 96 to 119 of 368, columns 108 to 161 of 234]
-9999.0 -9999.0 -9999.0 -9999.0 -9999.0 -9999.0 -9999.0 -9999.0 -9999.0 -9999.0 -9999.0 -9999.0 -9999.0 -9999.0 -9999.0 0.004863958262816465 0.005186129435768173 0.03087830344406989 0.03288797394076035 0.034691983996257836 0.03592810546654902 0.038778074226247544 0.03690053519079271 0.04420436912436553 0.00930837165093297 0.00828140598043051 0.008541553483395322 0.008506394212665606 0.0066863679117464 0.00472531272699205 0.00466106780080884 0.006060363780439504 0.009093890581974238 0.011899129417647139 0.05229685914136252 0.011980711060993628 0.0093556847691339 0.010148468048108537 0.00671994990121835 0.007510602801394079 0.011201424929275505 0.010422851281206059 0.012777656171970757 0.011644168226373802 0.010686625045592696 0.03812703986274337 0.032558192266671386 0.014615637398802667 0.013780461219138512 0.012161112933276647 0.012282934599300929 0.03435114797480076 0.03410044358347842 0.033203869836389774
-9999.0 -9999.0 -9999.0 -9999.0 -9999.0 -9999.0 -9999.0 -9999.0 -9999.0 -9999.0 -9999.0 -9999.0 -9999.0 -9999.0 0.0 0.029656998662305496 0.00541555215692182 0.007305070274950875 0.03164521515999397 0.03242778533445062 0.03603646109666869 0.0355669494727357 0.035061454460345226 0.009010677990741067 0.006776368847465978 0.008183393676439832 0.009169096210366476 0.007447294204594349 0.005467145393968539 0.004570663735314277 0.006005283536515289 0.005830286498881952 0.04229307121026783 0.044124740768549574 0.05100623970608448 0.01256307850932656 0.007874042371717805 0.009329990954139958 0.006497658918014841 0.006437786084354302 0.010392969865501806 0.010605594975090903 0.013265213842316407 0.017402111009385986 0.01920047551733394 0.03980030704692965 0.030937491548960763 0.010523120305629938 0.011534062120521502 0.01231537278591056 0.011435617669368459 0.012224976871516153 0.012287926019034333 0.013241869453971015
-9999.0 -9999.0 -9999.0 -9999.0 -9999.0 -9999.0 -9999.0 -9999.0 -9999.0 -9999.0 -9999.0 -9999.0 -9999.0 -9999.0 0.541260767320848 0.002526890656508408 0.0037214970627515334 0.006462154493066174 0.0063477427309001 0.030187675595030664 0.008361080221831192 0.00890475367145594 0.0070254444753385 0.00781548369476631 0.006746046266327795 0.007941198320584802 0.007694312336637703 0.034442750381653085 0.005279812216889547 0.005639006014733408 0.006036622642407875 0.006992507241462989 0.008563872147712382 0.011091955174313424 0.012163802266962094 0.009514994299178214 0.00800895491055589 0.007816471367976143 0.007487004936615166 0.008529610787366526 0.010373578371592909 0.014666733585483073 0.011696132619109676 0.015005938873854955 0.012769934487541938 0.013679490689798996 0.010473429686310843 0.008051163785772907 0.010585327294787051 0.00885977416512021 0.009705458521979815 0.01025308585959545 0.01210498365385105 0.006955736872421888
-9999.0 -9999.0 -9999.0 -9999.0 -9999.0 -9999.0 -9999.0 -9999.0 -9999.0 -9999.0 -9999.0 -9999.0 -9999.0 -9999.0 -9999.0 0.0017680486841217655 0.003676464774583519 0.004218124521168154 0.004883882633776631 0.005403570457849887 0.005105905442777286 0.0041647931229417 0.0070017106004775865 0.00785728774015653 0.006952015894942079 0.007571180899932658 0.008067590790578397 0.005673075425239346 0.005676337050885092 0.004635275260884299 0.007138961827775363 0.010417651641562815 0.008728520474558854 0.008853806441179389 0.00830174529097303 0.009259640975225327 0.0119325001405435 0.009473292229151982 0.012950305001269043 0.013390859030265233 0.00835464421084474 0.011761813862937585 0.007709365550099755 0.009188075914707884 0.012703371035450203 0.011140337747320737 0.005683495025732993 0.005304590825357674 0.007305316758131594 0.007398506536723134 0.008635211994247568 0.00784724450324446 0.005659983615296555 0.0069574759079801644
-9999.0 -9999.0 -9999.0 -9999.0 -9999.0 -9999.0 -9999.0 -9999.0 -9999.0 -9999.0 -9999.0 -9999.0 -9999.0 -9999.0 0.0014138450972128295 0.0022363976661016285 0.0037335099776461796 0.0038514134662353122 0.0039153147560606165 0.003609008544145582 0.004444211682223643 0.0039897504515468704 0.006266093882140685 0.006068579542869398 0.0071609400257520274 0.006141606207681216 0.005075401294692964 0.006111963717338926 0.006520026183195049 0.007837886538265608 0.008380885801724303 0.00933065682312498 0.00775144413646256 0.009367493668323252 0.026673985037099387 0.013038621820819885 0.010832091519963897 0.013430826595126595 0.014448925876077271 0.015715959427785364 0.016806249967735595 0.017398429986994497 0.007798446602184201 0.00661954607054287 0.009356377144361567 0.010082369130616269 0.00612196090529295 0.0038418568818371687 0.005401929527886207 0.006410781146212474 0.006149045943400527 0.008012384726847538 0.006900837008348554 0.008180182691450853
-9999.0 -9999.0 -9999.0 -9999.0 -9999.0 -9999.0 -9999.0 -9999.0 -9999.0 -9999.0 -9999.0 -9999.0 -9999.0 -9999.0 0.003222986639302718 0.0028679023604041517 0.004178127268041477 0.003791297241573205 0.0028721816667114097 0.004191991983608826 0.003793045888614807 0.004012705626046742 0.00380458502043518 0.006043566326891775 0.004943116306507839 0.006129490767245345 0.006831294155593943 0.006400269867394242 0.006995341094655093 0.007311751980789735 0.007464978756921958 0.005727309407823485 0.006795177793553854 0.005943512120144526 0.009948430841277346 0.009484985099694098 0.008890216524278141 0.009010782755975647 0.00975046692210422 0.01289810384398613 0.013420422475887171 0.01656804917045947 0.008618038479979807 0.006848870857247684 0.0078067993096865695 0.012092949866979584 0.005538173480300683 0.00496533471437232 0.005219070914478197 0.0063137841047530025 0.007934209504741357 0.007886148571913026 0.007809102069012478 0.009358430730159368
-9999.0 -9999.0 -9999.0 -9999.0 -9999.0 -9999.0 -9999.0 -9999.0 -9999.0 -9999.0 -9999.0 -9999.0 -9999.0 0.021524733646006735 0.0024714630682992206 0.0033309907209312112 0.003861385530173363 0.002846658304743504 0.003481440937837456 0.0035020123093469787 0.005171584673763984 0.005273406513353171 0.006823563858864468 0.006288647477205537 0.005268362122767585 0.007556015356904984 0.008542776243977215 0.007329684540136535 0.007691183826479168 0.007773418460946368 0.008645865343039792 0.006810128120433621 0.0045913875669838684 0.005784172203007218 0.006646168836910384 0.006926368160225025 0.011790137724467313 0.010501124685464634 0.011590062635682206 0.013035262980014718 0.013876092460808514 0.015479825231987576 0.013587628449452658 0.011800011953221222 0.011206163960060354 0.009132790529299417 0.0071235046873300645 0.008005004340944678 0.007483472273550681 0.007507298254519714 0.007706572705661341 0.008314657487801344 0.007157352369055581 0.007851339372633492
-9999.0 -9999.0 -9999.0 -9999.0 -9999.0 -9999.0 -9999.0 -9999.0 -9999.0 -9999.0 -9999.0 -9999.0 -9999.0 0.02318675126043055 0.001953228932654602 0.0035077905474260505 0.0033265502758371146 0.003159139882769252 0.003591552206058902 0.0040432185733950765 0.004312797371217797 0.005786039166720428 0.004772710906596733 0.0068385000757400505 0.008747596542101258 0.007943865583874414 0.007412375909288293 0.008786428566202582 0.008561779451712614 0.007314213792025426 0.007269679227259782 0.006634247318979588 0.004651996122554711 0.006227697174128805 0.005017687269560992 0.007085179826658299 0.006338647167547218 0.008371368104389076 0.009922856272362817 0.009666992886134096 0.009743021093886658 0.012445867114449827 0.014856109507026458 0.012702826998862368 0.010346311784281756 0.009285491567470097 0.006934657563401486 0.007566818537060163 0.006938004908353914 0.006771848506132559 0.008011487561293232 0.009037359431639419 0.010999157976706081 0.011800074979827227
-9999.0 -9999.0 -9999.0 -9999.0 -9999.0 -9999.0 -9999.0 -9999.0 -9999.0 -9999.0 -9999.0 -9999.0 -9999.0 0.003381902746710061 0.001859033157695608 0.0030499072840611463 0.0031354264763399117 0.0041099313959821575 0.003410237233992821 0.003843607115610165 0.0043199811617627235 0.004183351519426785 0.004762867887348613 0.005645230422880431 0.00608376237071843 0.007377175855562034 0.008534343626716427 0.007548854078945074 0.007176176714819686 0.0063813498185851395 0.007396061219309382 0.00860259678923636 0.004261140366139299 0.003631336707005876 0.0033180323065978364 0.006703743460477121 0.005477167129391469 0.007577142477236222 0.00689605436883471 0.006488957638413378 0.007659474544656764 0.009296462334933931 0.010982447461520366 0.010442022668894393 0.01319086871707192 0.011051834929518023 0.006963255366265008 0.007931705826187867 0.0080717849683421 0.005897975881052123 0.010536135250548884 0.010646616863404 0.012700395036119234 0.010598144532081041
-9999.0 -9999.0 -9999.0 -9999.0 -9999.0 -9999.0 -9999.0 -9999.0 -9999.0 -9999.0 -9999.0 -9999.0 -9999.0 0.0010378305719251045 0.0022648789628778847 0.003723460607808672 0.0028414093712540297 0.003041101528019687 0.0028127396353298836 0.003481835135898406 0.003562965410116663 0.0035753120220290823 0.0037910666766078852 0.004519510967801703 0.005005932137898288 0.005970376187165384 0.006202716831746658 0.005690630325688721 0.008040900318181854 0.00966868543877649 0.008070047966210157 0.006792867443216993 0.006768550618720853 0.006942610184713495 0.008284903270108572 0.0069379308099405705 0.009516143135617985 0.005661177519441912 0.005526913673612303 0.006164955224370783 0.00555954637606955 0.008440439717637168 0.007447531668957259 0.007303965044775459 0.009521191048335488 0.01926451594586094 0.011927985056416596 0.0073581967365579795 0.006835693087755405 0.01166001700064363 0.01362866451756248 0.013236773140735401 0.011132625454077361 0.014678279384400394
-9999.0 -9999.0 -9999.0 -9999.0 -9999.0 -9999.0 -9999.0 -9999.0 -9999.0 -9999.0 -9999.0 -9999.0 -9999.0 0.0010417636421647663 0.002985857867220855 0.0033318807983437385 0.0023745417354025995 0.0030905042300311916 0.003264485871018407 0.003432152526485277 0.003334716549478508 0.0028917174199981953 0.003204969802407617 0.004716041606581009 0.005124837013011607 0.004924680970277796 0.0041488721766101185 0.0036072942952785807 0.00655589508560677 0.006126161592090292 0.008115662265627377 0.008343469313101398 0.009365745497898504 0.007908871333219183 0.007784603359719333 0.007447805966693465 0.009399758780061572 0.006542078013897129 0.00846520817994798 0.007704229851177678 0.008427798950621686 0.010398217584645729 0.008917925384775151 0.009252895950034 0.007099357454891008 0.01597283622745857 0.012737907682642468 0.012986010551272065 0.013897040936538173 0.016165588850594628 0.01915962735172075 0.016319277962711567 0.01326636201104672 0.01351559267970387
-9999.0 -9999.0 -9999.0 -9999.0 -9999.0 -9999.0 -9999.0 -9999.0 -9999.0 -9999.0 -9999.0 -9999.0 -9999.0 0.0014467631869831507 0.001733715622798895 0.0031387451382094353 0.003381239250098044 0.003173251059927237 0.0031403299295001126 0.002818471364695402 0.0026790891189445443 0.0028819016573413962 0.003513434999368537 0.004415318354459105 0.004674292315407628 0.003460725755478337 0.003449856297761473 0.006824280418056746 0.0049127676225000525 0.007073748548003459 0.007145221274359365 0.006506127925034597 0.009794511138510917 0.007693372820798544 0.007483689690817139 0.009674818386152953 0.009563484169003078 0.010897397744105199 0.006728812615127165 0.006501203939389585 0.00765956432136276 0.007962611216480286 0.007192476206895109 0.008604934899664053 0.011609482624224447 0.01254479420769629 0.013352189555775537 0.014813889998064284 0.011938617338176324 0.013247858118341468 0.017489201701135826 0.015304939796870134 0.013253996714578468 0.01610669085581694
-9999.0 -9999.0 -9999.0 -9999.0 -9999.0 -9999.0 -9999.0 -9999.0 -9999.0 -9999.0 -9999.0 -9999.0 -9999.0 -9999.0 0.0022031114310725546 0.0025312942925030985 0.0030599472043246604 0.003129103730132946 0.002940546356626967 0.003466174632707195 0.0028782249401931572 0.003594745905708252 0.004013248461931765 0.004380790187266696 0.004030104225537906 0.016730498993879503 0.01823726055648521 0.006399648404710907 0.004646296524899872 0.0052100371876648574 0.0065874651077990586 0.008284682820990251 0.008576774818678587 0.00583979722036226 0.006123120721930595 0.0055373471647821885 0.006661062946746751 0.0064541305266655 0.006214847950367188 0.005225935288674379 0.0043709719202952284 0.008042823395440903 0.008417521390191772 0.009299451670885887 0.00883937493859429 0.008928609947613571 0.0072409989596478605 0.01095928845441524 0.013208031300670624 0.014100574070950818 0.014105544242754751 0.015464189771959444 0.016248900901312657 0.020231089429383106
-9999.0 -9999.0 -9999.0 -9999.0 -9999.0 -9999.0 -9999.0 -9999.0 -9999.0 -9999.0 -9999.0 -9999.0 -9999.0 -9999.0 0.0011986901578098883 0.0028065363663274663 0.0033401230116548736 0.0032386335689973244 0.0031299885214622785 0.003471954421182165 0.0034480911614142846 0.003446121285688522 0.0034057316837869515 0.0029660701429877496 0.0032246818170431554 0.003968564947643809 0.00444230777914431 0.0048168970873203815 0.005534015287229814 0.0053704027435226 0.007821933943872013 0.007172575865707898 0.008250092095666593 0.009791303509708365 0.00719970449948722 0.01330627891727427 0.010126813354174192 0.006495898488102571 0.007502541396126125 0.006859762137585687 0.006404045066779237 0.006983006287556575 0.007358115616787024 0.010811809533880385 0.010908418658670885 0.014349343210237307 0.009677556170418447 0.012423426257385569 0.012321792369406542 0.01256568605087846 0.014301636008847828 0.013668799250010003 0.013959623885254829 0.013259769220693406
-9999.0 -9999.0 -9999.0 -9999.0 -9999.0 -9999.0 -9999.0 -9999.0 -9999.0 -9999.0 -9999.0 -9999.0 -9999.0 -9999.0 0.001054887109273175 0.00296198794487433 0.0033806875297998904 0.003254703822784001 0.003308657977083381 0.0023525145340172015 0.00380849750534326 0.0035281773680161076 0.0034715013991052607 0.0043444257425289306 0.004177521966488075 0.003846170469402867 0.003353372038882953 0.004297983900861973 0.005366572644476699 0.006856878520824471 0.008598523528695655 0.00791865685264003 0.005405610541048583 0.007556839408725722 0.010987773328353809 0.01752433175544629 0.011536461846637373 0.007951571916574059 0.007264658027557586 0.006626247102323521 0.009561425689131764 0.008687435392232377 0.009054353238583446 0.010812643241531913 0.011860895146952674 0.013975769427138865 0.009789712720563604 0.013390388927324106 0.013640528149727882 0.013884441429545188 0.013700253920412853 0.015567095877570653 0.017547610278956023 0.023773141329329193
-9999.0 -9999.0 -9999.0 -9999.0 -9999.0 -9999.0 -9999.0 -9999.0 -9999.0 -9999.0 -9999.0 -9999.0 -9999.0 -9999.0 0.0009284564393700437 0.001827546562375506 0.0018429104531135516 0.0017073554724842013 0.002378411187058567 0.002016587342420723 0.0025844458227393353 0.002094466541606857 0.0026003696470370545 0.0028448590823739787 0.002493537465575081 0.0033779629110296523 0.0029628041273013083 0.005369391472407587 0.006194858468233646 0.006911959423502273 0.007393608611778184 0.009165160910792135 0.010307694468307134 0.010447055310057832 0.00998522486171953 0.01705448552762256 0.015863261879176374 0.01047345454438972 0.011900476204873538 0.01031418281372017 0.00817270859230922 0.009347433746939419 0.010185202226823373 0.011471233290295566 0.016454730514175713 0.013079626370616467 0.011941605549999004 0.01402811257814166 0.016517156408969547 0.015607262477312403 0.018095948784864476 0.017936141946262082 0.0235431639435471 0.022347028027042158
-9999.0 -9999.0 -9999.0 -9999.0 -9999.0 -9999.0 -9999.0 -9999.0 -9999.0 -9999.0 -9999.0 -9999.0 -9999.0 -9999.0 0.0012239306568612523 0.0019600078148233973 0.0021741026570140896 0.002044846089282427 0.002428984247977151 0.0023818667009603864 0.002470652593258112 0.003045141193427033 0.0031853605686627054 0.0032338332767895767 0.004900058911524071 0.00544588567698592 0.006052380080987805 0.005888856474117577 0.0058080126239599345 0.007668004904571246 0.009768839388340007 0.01173512743638189 0.013867551398271975 0.009902080307249657 0.009819597156720802 0.017938261362243368 0.016744090902837135 0.01456613608309514 0.012978107550956998 0.013818682329133391 0.014777399759897001 0.012871634006364123 0.017026908368351166 0.017999086156964775 0.01598932352337784 0.021574056857184543 0.019407384903713038 0.012914960537837155 0.0123264458049064 0.014570789504241921 0.014572997527621541 0.018411830125266145 0.02261520267373296 0.02732840969654815
-9999.0 -9999.0 -9999.0 -9999.0 -9999.0 -9999.0 -9999.0 -9999.0 -9999.0 -9999.0 -9999.0 -9999.0 -9999.0 0.011102543806944152 0.0014136979525198976 0.0017170250977912574 0.003337645115299843 0.002311925929997474 0.002285742711665604 0.0024263959322604134 0.0024182565087803904 0.002670345525773873 0.002826412006470857 0.004466911140628658 0.004482669692228132 0.004508803048957309 0.0054014362488704155 0.0056840630168654175 0.007180543278389812 0.008378331509729706 0.01060222576327492 0.013447997773287632 0.01286865163352943 0.013052400419953928 0.013100540710274703 0.016242861844161408 0.017948193490024265 0.01680401442917306 0.015466563433971165 0.01881186955784335 0.016056730268097754 0.016994272316792913 0.017976625888452884 0.015532939920898655 0.018670403435831446 0.021166065513706298 0.014535567611732567 0.01794828901791751 0.016795553328195545 0.012782949800609098 0.020993775403448666 0.020731258074496405 0.02295280164197161 0.01639772443106644
-9999.0 -9999.0 -9999.0 -9999.0 -9999.0 -9999.0 -9999.0 -9999.0 -9999.0 -9999.0 -9999.0 -9999.0 -9999.0 0.010446410504074808 0.0015474566686905578 0.0028934486383909584 0.0034834871365449147 0.002511608790152601 0.002215595604378813 0.001955783310922241 0.002023536985417594 0.002458088634266934 0.0030270770837110723 0.004392130020139822 0.005055028186082797 0.004692801467933733 0.00538854057634093 0.006340152515183817 0.007690045225189218 0.01069059327591866 0.010241042605443796 0.013377035950915562 0.009415587998631356 0.010376019824899402 0.009370363605249048 0.01464076626264779 0.014942110870118843 0.011806001921744382 0.020548530015870176 0.017946130211517593 0.019069547901663052 0.020937089184722403 0.017603410216769585 0.013448512130984355 0.018135268174383833 0.02074887253592761 0.01872436331034823 0.030809691584831347 0.0320817422156628 0.020827741303232686 0.019497649274598013 0.011605517713094973 0.016031229929786128 0.012879713983466363
-9999.0 -9999.0 -9999.0 -9999.0 -9999.0 -9999.0 -9999.0 -9999.0 -9999.0 -9999.0 -9999.0 -9999.0 -9999.0 0.0020051258838527895 0.001418721338837465 0.0030914017750998755 0.003323980596782663 0.0023308564962957446 0.0019059176401918594 0.001944010065160862 0.0024273411405613624 0.002705881561587485 0.004221578523606846 0.0045831657793869085 0.005117994370537458 0.004879383498565374 0.02205220199679246 0.021107341474409257 0.022265023868117732 0.02382202781832743 0.00969150719132585 0.01215011297151757 0.011358975431944513 0.011103760012320458 0.013275268434168094 0.014822293159146401 0.017359160774437107 0.013622088725806818 0.01918312736724771 0.020669954225920727 0.02175776184475686 0.01981287475885612 0.019516395470459875 0.019857467852906287 0.021418504177098074 0.021904204205752252 0.026065277750735482 0.018034361357304424 0.02599851718991082 0.028058632200582686 0.030993692677978267 0.018954191706668396 0.013761923063678261 0.013304117024645346
-9999.0 -9999.0 -9999.0 -9999.0 -9999.0 -9999.0 -9999.0 -9999.0 -9999.0 -9999.0 -9999.0 -9999.0 -9999.0 0.001956241599170018 0.0013137473220667512 0.0030500851206746323 0.0023049136315910156 0.0023341749034984515 0.001813771351473055 0.002217874152501664 0.0026768849733645574 0.003932133837509244 0.004410489608291302 0.0047710126922787316 0.01850729095806485 0.019639133045191003 0.02294201579033658 0.02205478023212996 0.026794298203310002 0.008989927434968754 0.011867077031622977 0.01185980259506338 0.011531916478413657 0.013874750517754697 0.014043571995300467 0.01619942532480141 0.013757603900418984 0.013143557991587273 0.019788639606779606 0.024247668775865826 0.023195339507586742 0.02305925788029601 0.021588261421082375 0.019121421035879195 0.012471067536134143 0.022094244418013945 0.018860353327170336 0.02260629008615519 0.01661731608963982 0.017877781705589166 0.025219809668661313 0.01690298003387758 0.01698865799800908 0.018549104848565864
-9999.0 -9999.0 -9999.0 -9999.0 -9999.0 -9999.0 -9999.0 -9999.0 -9999.0 -9999.0 -9999.0 -9999.0 -9999.0 0.0015579804691028562 0.0020466257968498546 0.0018422100399978485 0.0020507005570135025 0.001653580720267143 0.0017462690670100322 0.002233979875907177 0.0024912393884235773 0.0037589324382977197 0.004375069253425482 0.004931172142230304 0.019780317787060377 0.06734693400453583 0.14620390761140709 0.14210778297144308 0.029807509104200044 0.010921939731228923 0.011712302081696425 0.013388963286866956 0.012891207217127465 0.01058570206183711 0.010614703049248683 0.011475308852082339 0.011217163531667757 0.018595464224204238 0.022693930844557127 0.027443905409428745 0.02481127980577105 0.026262875008842182 0.01982680079555381 0.014529534832038836 0.015067593914968971 0.017654107308987387 0.013898034177923629 0.027494286147509244 0.019838502984164726 0.021301419469982368 0.02195596534925079 0.02059497988307077 0.019464958013782858 0.018335180745789333
-9999.0 -9999.0 -9999.0 -9999.0 -9999.0 -9999.0 -9999.0 -9999.0 -9999.0 -9999.0 -9999.0 -9999.0 -9999.0 0.001406425686180613 0.0017002684595129507 0.001536396759873092 0.0014867492824959553 0.0017797098789358971 0.0025093982520438336 0.003010649460307689 0.0038452905536737305 0.004102193886272042 0.0050856222104890495 0.02027850010658188 0.021304704737528504 0.06371661948775811 0.13962214868240927 0.14556002937173948 0.029379841206531632 0.010709455321747408 0.010412957357533493 0.011691112727253608 0.01223164358218642 0.011152069445822957 0.012650138725849651 0.014516799753466718 0.014445276443214151 0.011713359785313808 0.014565894099536814 0.020703988732392983 0.023450491578901098 0.016738564714792053 0.019857081004838382 0.013995636724413339 0.014868679828587947 0.013782256657102778 0.01937061257124149 0.026322842804611023 0.02300524140547588 0.024778367669259657 0.027632464695504535 0.020586079464062015 0.022568773852519215 0.022411053716526685
-9999.0 -9999.0 -9999.0 -9999.0 -9999.0 -9999.0 -9999.0 -9999.0 -9999.0 -9999.0 -9999.0 -9999.0 -9999.0 0.0008550238313222992 0.0016245626485817866 0.0017818489015707275 0.0019746493496757295 0.003443601016815189 0.0032452019011723833 0.0032231608981755423 0.003027381382409291 0.0048733346978641475 0.005172903739400543 0.020964162552505355 0.003780825526478374 0.026676338029817663 0.1545107144446272 0.022287815312354412 0.008486810816125637 0.007759883511979966 0.00887728067162805 0.011046506572101038 0.011659735723126327 0.010957076022706817 0.010363494968639718 0.011757258878992887 0.010103681259997256 0.011704349910431214 0.01589893645656452 0.014431957477650246 0.014588852025165053 0.017305497475191816 0.021407945935086093 0.023390650400637876 0.030112420453717918 0.020358892180218083 0.021095368593117003 0.022464416815023164 0.028349378313915187 0.02259288880890724 0.025289834808458284 0.018286365863079676 0.020461568326381508 0.02366786202484606
