data/moz/moz_traveltime.asc
ncols         234
nrows         368
xllcorner     195196.26821073
yllcorner     7004178.4200866
cellsize      5000
NODATA_value  -9999
[rows 175 to 209 of 368, columns 79 to 157 of 234]
1758 813 1852 4127 6844 8066 4710 3317 2681 3051 2134 1479 2706 3374 4236 5776 7273 7426 6239 4763 3285 2924 3218 2294 1511 1363 2307 3569 4882 6106 6668 7154 7375 6928 5691 4489 3390 2992 3938 4624 4482 3504 2039 499 770 920 1257 871 1213 1783 2971 4454 6088 7221 6351 5039 3802 2784 2823 2856 709 -9999 -9999 -9999 -9999 -9999 -9999 -9999 -9999 -9999 -9999 -9999 -9999 -9999 -9999 -9999 -9999 -9999 -9999
1052 720 1268 2994 5573 6105 3889 2177 1812 1569 1276 1792 3157 3900 4524 5785 7043 6860 5700 4286 3044 3153 3550 2637 1390 1761 3185 4506 5888 7116 8181 8787 7892 6385 4747 3691 3323 3286 4278 5515 5189 3673 2195 992 1495 1637 1933 1030 1248 2001 3056 4472 6021 6503 5524 4062 3088 3326 3545 652 -9999 -9999 -9999 -9999 -9999 -9999 -9999 -9999 -9999 -9999 -9999 -9999 -9999 -9999 -9999 -9999 -9999 -9999 -9999
2397 1308 511 1647 1923 3858 3726 1080 996 1201 1441 1676 2181 2637 3622 4951 6176 5807 4724 3624 3275 2714 2171 1813 1511 1983 3414 4693 5737 6661 7938 9098 7773 6251 4679 3937 3849 4207 4050 5216 5806 4317 3119 2394 2840 2869 2700 1585 1565 2185 3362 4181 5264 5126 4598 3454 3775 3923 -9999 -9999 -9999 -9999 -9999 -9999 -9999 -9999 -9999 -9999 -9999 -9999 -9999 -9999 -9999 -9999 -9999 -9999 -9999 -9999 -9999
2975 2077 823 732 1108 3107 1411 916 2018 2620 2961 2923 2893 2827 2990 3942 5124 4830 4066 4045 4430 3863 2999 2133 1487 2071 2685 3424 4253 5676 7231 8841 8357 6833 5284 4214 4368 4505 4147 4999 6174 5322 4655 4106 4428 4393 3678 2289 1903 2657 3269 4241 4814 4231 3785 3581 3616 -9999 -9999 -9999 -9999 -9999 -9999 -9999 -9999 -9999 -9999 -9999 -9999 -9999 -9999 -9999 -9999 -9999 -9999 -9999 -9999 -9999 -9999
1435 1247 814 356 684 1120 494 1726 3027 4126 4490 4364 4300 3712 3335 3478 4056 4476 5098 5489 4451 3176 2474 1764 1730 1818 2505 3214 4235 5888 7394 9010 8946 7500 6325 5390 5358 5119 4551 5231 6625 6694 6095 5560 5939 5686 4568 3261 2378 2575 3003 4137 5205 5200 3918 3244 -9999 -9999 -9999 -9999 -9999 -9999 -9999 -9999 -9999 -9999 -9999 -9999 -9999 -9999 -9999 -9999 -9999 -9999 -9999 -9999 -9999 -9999 -9999
977 863 714 950 280 347 1063 2450 4018 5578 6262 6024 5852 4830 3940 4214 4433 4892 6108 5345 3735 2202 1757 1988 2909 2535 1965 2985 4567 6072 7205 8358 9347 8473 7427 6818 6742 6065 5809 6312 7427 8339 7749 7197 7262 6232 4800 3280 2713 3329 3311 4104 4911 5241 3592 1261 -9999 -9999 -9999 -9999 -9999 -9999 -9999 -9999 -9999 -9999 -9999 -9999 -9999 -9999 -9999 -9999 -9999 -9999 -9999 -9999 -9999 -9999 -9999
2197 2345 2157 1761 338 451 1887 3327 4777 6386 7652 7512 7091 5895 5108 5102 5963 6222 6154 4452 2875 1772 2433 3382 4065 3698 2289 2596 3918 5021 6144 7627 9234 9566 9030 8537 8249 7575 7313 7664 8412 9467 9197 8699 7772 6120 4599 3279 3680 4414 4177 4779 5005 4751 1999 -9999 -9999 -9999 -9999 -9999 -9999 -9999 -9999 -9999 -9999 -9999 -9999 -9999 -9999 -9999 -9999 -9999 -9999 -9999 -9999 -9999 -9999 -9999 -9999
2167 3440 3588 2084 416 890 2544 4243 5770 6743 7318 7615 7584 7010 6386 5801 6653 6505 5676 3916 2241 1779 3111 4642 5474 4536 3128 2400 2696 3921 5982 7412 8556 9692 10138 10032 9749 9168 9015 9374 9941 10663 10645 9562 8077 6466 4930 3711 4281 5505 4984 5427 6047 4480 -9999 -9999 -9999 -9999 -9999 -9999 -9999 -9999 -9999 -9999 -9999 -9999 -9999 -9999 -9999 -9999 -9999 -9999 -9999 -9999 -9999 -9999 -9999 -9999 -9999
2492 3763 4158 2475 837 628 2257 4076 5524 5611 5746 6035 6231 6127 6047 6018 6322 4912 4257 3486 1900 1981 3536 5208 6242 5350 4301 3492 2598 3335 5016 6524 8226 9469 10522 11254 11208 10591 10503 10814 11407 12001 11617 10104 8608 6998 5679 4716 4780 5494 6221 6441 7385 1894 -9999 -9999 -9999 -9999 -9999 -9999 -9999 -9999 -9999 -9999 -9999 -9999 -9999 -9999 -9999 -9999 -9999 -9999 -9999 -9999 -9999 -9999 -9999 -9999 -9999
3704 4794 4770 3093 1272 568 2024 3767 4782 4155 4292 4606 4794 4699 4963 5986 5715 4070 2742 2815 1721 2031 3466 4711 5782 6154 5704 4608 3117 2828 4734 6279 7457 8602 9572 10945 12375 12296 12176 12422 12987 13352 12248 10701 9219 7845 6817 6186 6255 6136 6931 7716 8380 3458 -9999 -9999 -9999 -9999 -9999 -9999 -9999 -9999 -9999 -9999 -9999 -9999 -9999 -9999 -9999 -9999 -9999 -9999 -9999 -9999 -9999 -9999 -9999 -9999 -9999
3913 4559 4715 3282 1486 618 1910 3586 4278 3072 2841 2901 3153 3861 4899 5840 5619 3971 2478 1854 1381 1622 2544 3646 4531 5092 5857 5234 3876 2778 3525 5094 6149 7474 8849 10370 11956 13283 13667 13984 14578 14446 12964 11374 10111 9142 8178 7054 6400 7733 6662 5705 4378 -9999 -9999 -9999 -9999 -9999 -9999 -9999 -9999 -9999 -9999 -9999 -9999 -9999 -9999 -9999 -9999 -9999 -9999 -9999 -9999 -9999 -9999 -9999 -9999 -9999 -9999
4671 3961 3517 3101 1696 621 1404 2840 3871 3054 2221 2114 2348 3342 3753 4782 5878 4658 3058 1562 1651 2148 1776 2409 3018 3757 4742 4542 4446 3408 3036 3904 5075 6638 8175 9668 11268 12866 14339 15212 15185 14751 13438 12132 11288 10197 9920 9078 6067 9091 7577 3355 906 -9999 -9999 -9999 -9999 -9999 -9999 -9999 -9999 -9999 -9999 -9999 -9999 -9999 -9999 -9999 -9999 -9999 -9999 -9999 -9999 -9999 -9999 -9999 -9999 -9999 -9999
3685 3720 2821 2000 1575 887 749 1779 2965 2833 2005 1735 2063 2434 3021 4158 5608 4697 3029 1524 1800 3081 2567 2023 1965 2740 3413 2873 3297 3898 3708 3706 4920 6499 8031 9552 11061 12717 14092 14132 13568 13538 12729 11720 7491 6601 5410 -9999 -9999 -9999 -9999 -9999 -9999 -9999 -9999 -9999 -9999 -9999 -9999 -9999 -9999 -9999 -9999 -9999 -9999 -9999 -9999 -9999 -9999 -9999 -9999 -9999 -9999 -9999 -9999 -9999 -9999 -9999 -9999
2093 2247 1895 1183 859 746 1113 1043 1656 1489 1299 1665 2338 2645 3033 3802 5213 4579 2909 1462 1727 3325 3841 3438 2677 2273 2671 2866 3232 4014 5175 5034 5875 7177 8676 10151 11620 13117 13338 12692 12138 11898 11098 3816 -9999 -9999 -9999 -9999 -9999 -9999 -9999 -9999 -9999 -9999 -9999 -9999 -9999 -9999 -9999 -9999 -9999 -9999 -9999 -9999 -9999 -9999 -9999 -9999 -9999 -9999 -9999 -9999 -9999 -9999 -9999 -9999 -9999 -9999 -9999
1178 1561 1851 1785 693 1075 1025 1174 1342 1458 1697 1881 2225 2552 3148 4261 5568 4597 2934 1412 1610 3219 3460 3604 3639 2829 2404 2552 3868 5026 6157 6488 7065 8035 9370 10850 12270 12326 11724 11103 10498 7512 2048 -9999 -9999 -9999 -9999 -9999 -9999 -9999 -9999 -9999 -9999 -9999 -9999 -9999 -9999 -9999 -9999 -9999 -9999 -9999 -9999 -9999 -9999 -9999 -9999 -9999 -9999 -9999 -9999 -9999 -9999 -9999 -9999 -9999 -9999 -9999 -9999
1291 2314 2345 1305 541 1471 825 1445 1509 1940 2916 2450 3135 3868 4266 5207 5983 4803 3157 1592 1246 2278 2179 2403 3800 4061 3572 3650 4419 5834 7252 8160 8611 9267 10269 11558 12384 11243 10615 9743 4145 -9999 -9999 -9999 -9999 -9999 -9999 -9999 -9999 -9999 -9999 -9999 -9999 -9999 -9999 -9999 -9999 -9999 -9999 -9999 -9999 -9999 -9999 -9999 -9999 -9999 -9999 -9999 -9999 -9999 -9999 -9999 -9999 -9999 -9999 -9999 -9999 -9999 -9999
784 1287 1109 716 734 1992 1075 855 1056 2319 3709 3660 3748 4079 5047 5729 4982 4218 2748 1290 1008 1176 1469 2338 3643 4886 5067 5201 5694 6604 7996 9414 10117 10711 11438 11730 11154 10431 7648 2770 -9999 -9999 -9999 -9999 -9999 -9999 -9999 -9999 -9999 -9999 -9999 -9999 -9999 -9999 -9999 -9999 -9999 -9999 -9999 -9999 -9999 -9999 -9999 -9999 -9999 -9999 -9999 -9999 -9999 -9999 -9999 -9999 -9999 -9999 -9999 -9999 -9999 -9999 -9999
558 646 625 370 1233 2245 1547 446 1298 2799 4310 5294 5394 4971 5223 4957 3755 2834 2041 1002 1431 1873 1406 1707 2949 4011 4678 5573 6623 7495 8612 10054 11239 11768 11598 10763 9780 9293 2331 -9999 -9999 -9999 -9999 -9999 -9999 -9999 -9999 -9999 -9999 -9999 -9999 -9999 -9999 -9999 -9999 -9999 -9999 -9999 -9999 -9999 -9999 -9999 -9999 -9999 -9999 -9999 -9999 -9999 -9999 -9999 -9999 -9999 -9999 -9999 -9999 -9999 -9999 -9999 -9999
303 101 143 445 888 1099 1322 489 1189 2697 4105 5066 5795 5162 4534 4088 2658 1472 813 1097 1253 2168 2633 1786 1946 2617 3495 4538 5518 6772 8118 9358 10606 10634 9934 9432 8510 3971 -9999 -9999 -9999 -9999 -9999 -9999 -9999 -9999 -9999 -9999 -9999 -9999 -9999 -9999 -9999 -9999 -9999 -9999 -9999 -9999 -9999 -9999 -9999 -9999 -9999 -9999 -9999 -9999 -9999 -9999 -9999 -9999 -9999 -9999 -9999 -9999 -9999 -9999 -9999 -9999 -9999
589 278 513 291 380 230 236 189 971 1979 2847 3639 4407 4753 3737 3475 1973 752 1223 2180 1787 1747 2857 2823 2125 1900 2295 3252 4504 5936 7201 8361 9692 9417 8564 8051 3335 -9999 -9999 -9999 -9999 -9999 -9999 -9999 -9999 -9999 -9999 -9999 -9999 -9999 -9999 -9999 -9999 -9999 -9999 -9999 -9999 -9999 -9999 -9999 -9999 -9999 -9999 -9999 -9999 -9999 -9999 -9999 -9999 -9999 -9999 -9999 -9999 -9999 -9999 -9999 -9999 -9999 -9999
438 1079 888 968 1027 511 605 309 253 741 1486 2165 3072 3926 3123 3073 1945 699 1501 2903 2392 2544 2907 3860 3526 2853 2125 2427 3677 5011 6162 7434 8696 8027 7201 5041 -9999 -9999 -9999 -9999 -9999 -9999 -9999 -9999 -9999 -9999 -9999 -9999 -9999 -9999 -9999 -9999 -9999 -9999 -9999 -9999 -9999 -9999 -9999 -9999 -9999 -9999 -9999 -9999 -9999 -9999 -9999 -9999 -9999 -9999 -9999 -9999 -9999 -9999 -9999 -9999 -9999 -9999 -9999
1351 2321 1705 994 699 1161 1672 1599 884 367 465 911 2086 2942 2336 2014 1988 744 1137 2498 2950 3424 4048 4688 4849 4243 3166 2332 2840 4056 5355 6753 7706 6915 4912 -9999 -9999 -9999 -9999 -9999 -9999 -9999 -9999 -9999 -9999 -9999 -9999 -9999 -9999 -9999 -9999 -9999 -9999 -9999 -9999 -9999 -9999 -9999 -9999 -9999 -9999 -9999 -9999 -9999 -9999 -9999 -9999 -9999 -9999 -9999 -9999 -9999 -9999 -9999 -9999 -9999 -9999 -9999 -9999
1725 1718 1308 988 1295 1924 1173 990 589 961 1189 600 822 1585 1337 1162 2005 924 593 1303 1716 2458 3032 3498 3996 4694 4198 3226 2771 3151 4574 5956 6325 5137 1094 -9999 -9999 -9999 -9999 -9999 -9999 -9999 -9999 -9999 -9999 -9999 -9999 -9999 -9999 -9999 -9999 -9999 -9999 -9999 -9999 -9999 -9999 -9999 -9999 -9999 -9999 -9999 -9999 -9999 -9999 -9999 -9999 -9999 -9999 -9999 -9999 -9999 -9999 -9999 -9999 -9999 -9999 -9999 -9999
1315 2090 2654 1607 1007 1417 929 1289 1223 1976 1906 825 630 587 624 1158 2047 887 578 1722 2000 2117 2518 2781 3085 3682 4838 4513 4011 3297 3877 5134 5230 1200 -9999 -9999 -9999 -9999 -9999 -9999 -9999 -9999 -9999 -9999 -9999 -9999 -9999 -9999 -9999 -9999 -9999 -9999 -9999 -9999 -9999 -9999 -9999 -9999 -9999 -9999 -9999 -9999 -9999 -9999 -9999 -9999 -9999 -9999 -9999 -9999 -9999 -9999 -9999 -9999 -9999 -9999 -9999 -9999 -9999
1434 2929 3145 2160 1297 1218 1859 2762 2935 2954 1653 1026 1765 1085 590 550 1076 717 471 1908 3158 3526 3903 4036 4098 4028 4742 5258 5181 4592 4037 4237 1877 -9999 -9999 -9999 -9999 -9999 -9999 -9999 -9999 -9999 -9999 -9999 -9999 -9999 -9999 -9999 -9999 -9999 -9999 -9999 -9999 -9999 -9999 -9999 -9999 -9999 -9999 -9999 -9999 -9999 -9999 -9999 -9999 -9999 -9999 -9999 -9999 -9999 -9999 -9999 -9999 -9999 -9999 -9999 -9999 -9999 -9999
1311 2267 1994 2018 2211 2533 3094 3939 4156 2774 1345 1450 2682 2106 932 424 266 733 334 1545 2928 4322 5220 5215 4476 3649 3525 3893 4315 4611 3971 1348 -9999 -9999 -9999 -9999 -9999 -9999 -9999 -9999 -9999 -9999 -9999 -9999 -9999 -9999 -9999 -9999 -9999 -9999 -9999 -9999 -9999 -9999 -9999 -9999 -9999 -9999 -9999 -9999 -9999 -9999 -9999 -9999 -9999 -9999 -9999 -9999 -9999 -9999 -9999 -9999 -9999 -9999 -9999 -9999 -9999 -9999 -9999
900 1321 1790 2746 3721 4099 4662 5326 4639 3004 1546 1411 2059 2214 1077 582 347 243 216 864 2397 3664 4708 4644 3380 2257 1963 2399 2857 3066 1293 -9999 -9999 -9999 -9999 -9999 -9999 -9999 -9999 -9999 -9999 -9999 -9999 -9999 -9999 -9999 -9999 -9999 -9999 -9999 -9999 -9999 -9999 -9999 -9999 -9999 -9999 -9999 -9999 -9999 -9999 -9999 -9999 -9999 -9999 -9999 -9999 -9999 -9999 -9999 -9999 -9999 -9999 -9999 -9999 -9999 -9999 -9999 -9999
1276 2158 2415 2609 3338 3302 4456 5641 4700 3128 1842 2111 1641 2346 2091 1770 1001 388 46 543 1556 2722 3493 3728 2490 1455 1819 2477 2262 598 -9999 -9999 -9999 -9999 -9999 -9999 -9999 -9999 -9999 -9999 -9999 -9999 -9999 -9999 -9999 -9999 -9999 -9999 -9999 -9999 -9999 -9999 -9999 -9999 -9999 -9999 -9999 -9999 -9999 -9999 -9999 -9999 -9999 -9999 -9999 -9999 -9999 -9999 -9999 -9999 -9999 -9999 -9999 -9999 -9999 -9999 -9999 -9999 -9999
1152 1394 2253 2724 2411 3046 4290 5589 4851 3333 2233 2751 2046 2462 2910 2375 1158 661 152 187 868 1867 1807 2151 1558 938 1156 1735 -9999 -9999 -9999 -9999 -9999 -9999 -9999 -9999 -9999 -9999 -9999 -9999 -9999 -9999 -9999 -9999 -9999 -9999 -9999 -9999 -9999 -9999 -9999 -9999 -9999 -9999 -9999 -9999 -9999 -9999 -9999 -9999 -9999 -9999 -9999 -9999 -9999 -9999 -9999 -9999 -9999 -9999 -9999 -9999 -9999 -9999 -9999 -9999 -9999 -9999 -9999
1250 1505 1618 1895 2332 2703 3930 4741 4100 2851 3088 3587 2637 2208 3439 2457 1047 303 463 166 482 843 530 950 620 840 749 61 -9999 -9999 -9999 -9999 -9999 -9999 -9999 -9999 -9999 -9999 -9999 -9999 -9999 -9999 -9999 -9999 -9999 -9999 -9999 -9999 -9999 -9999 -9999 -9999 -9999 -9999 -9999 -9999 -9999 -9999 -9999 -9999 -9999 -9999 -9999 -9999 -9999 -9999 -9999 -9999 -9999 -9999 -9999 -9999 -9999 -9999 -9999 -9999 -9999 -9999 -9999
1440 1618 1546 2037 3215 3405 3914 3946 3395 3127 4093 4274 2937 2375 3706 3082 1791 627 421 325 126 72 283 499 735 -9999 -9999 -9999 -9999 -9999 -9999 -9999 -9999 -9999 -9999 -9999 -9999 -9999 -9999 -9999 -9999 -9999 -9999 -9999 -9999 -9999 -9999 -9999 -9999 -9999 -9999 -9999 -9999 -9999 -9999 -9999 -9999 -9999 -9999 -9999 -9999 -9999 -9999 -9999 -9999 -9999 -9999 -9999 -9999 -9999 -9999 -9999 -9999 -9999 -9999 -9999 -9999 -9999 -9999
1909 1885 1868 2182 2695 2765 3130 3333 3688 3553 3664 4055 3537 2534 3793 3838 2642 1770 1064 85 -9999 22 219 450 -9999 -9999 -9999 -9999 -9999 -9999 -9999 -9999 -9999 -9999 -9999 -9999 -9999 -9999 -9999 -9999 -9999 -9999 -9999 -9999 -9999 -9999 -9999 -9999 -9999 -9999 -9999 -9999 -9999 -9999 -9999 -9999 -9999 -9999 -9999 -9999 -9999 -9999 -9999 -9999 -9999 -9999 -9999 -9999 -9999 -9999 -9999 -9999 -9999 -9999 -9999 -9999 -9999 -9999 -9999
1817 2153 2131 2282 2413 3034 2777 3740 3961 3090 2664 2901 2732 2648 3510 3638 3897 3343 2085 365 -9999 2 -9999 -9999 -9999 -9999 -9999 -9999 -9999 -9999 -9999 -9999 -9999 -9999 -9999 -9999 -9999 -9999 -9999 -9999 -9999 -9999 -9999 -9999 -9999 -9999 -9999 -9999 -9999 -9999 -9999 -9999 -9999 -9999 -9999 -9999 -9999 -9999 -9999 -9999 -9999 -9999 -9999 -9999 -9999 -9999 -9999 -9999 -9999 -9999 -9999 -9999 -9999 -9999 -9999 -9999 -9999 -9999 -9999
2323 2627 2941 2520 2569 2790 2415 3446 2990 2155 2056 2265 2465 2571 2732 2926 3556 3956 1974 0 -9999 -9999 -9999 -9999 -9999 -9999 -9999 -9999 -9999 -9999 -9999 -9999 -9999 -9999 -9999 -9999 -9999 -9999 -9999 -9999 -9999 -9999 -9999 -9999 -9999 -9999 -9999 -9999 -9999 -9999 -9999 -9999 -9999 -9999 -9999 -9999 -9999 -9999 -9999 -9999 -9999 -9999 -9999 -9999 -9999 -9999 -9999 -9999 -9999 -9999 -9999 -9999 -9999 -9999 -9999 -9999 -9999 -9999 -9999
1853 2944 2841 1902 2385 2746 1936 2074 1926 1872 2263 2233 2358 2552 2788 3433 3951 3606 2054 -9999 -9999 -9999 -9999 -9999 -9999 -9999 -9999 -9999 -9999 -9999 -9999 -9999 -9999 -9999 -9999 -9999 -9999 -9999 -9999 -9999 -9999 -9999 -9999 -9999 -9999 -9999 -9999 -9999 -9999 -9999 -9999 -9999 -9999 -9999 -9999 -9999 -9999 -9999 -9999 -9999 -9999 -9999 -9999 -9999 -9999 -9999 -9999 -9999 -9999 -9999 -9999 -9999 -9999 -9999 -9999 -9999 -9999 -9999 -9999
