data/moz/moz_beta.asc
ncols	234
nrows	368
xllcorner	195196.26821073
yllcorner	7004178.4200866
cellsize	5000
NODATA_value	-9999
[rows 200 to 224 of 368, columns 55 to 109 of 234]
-9999.0 -9999.0 0.2162759348224585 0.05392817092434143 0.11025197215956113 0.11929374494333679 0.12301275320131058 0.06504243873937778 0.04282061385062502 0.047491561222855506 0.06436694773833924 0.0632726902302583 0.06339160275719373 0.07089156951560226 0.06943118006106659 0.07718302783954327 0.07930208803115907 0.088716281023859 0.08548607706168966 0.10515220659139858 0.11930517779733088 0.12426698768945617 0.12331766614292597 0.10855735959813992 0.10117009284052218 0.103099539091745 0.11386257721225933 0.1191379488602333 0.11012818939424279 0.11769860057627365 0.12673191923657487 0.13096936053722152 0.11284735297214296 0.10234914714528039 0.09649760537848708 0.09872550744390513 0.1143600596826481 0.11300417720008381 0.09756774984768832 0.11351020394830155 0.11495925061398106 0.11763340755165662 0.129961690356602 0.128754880829704 0.1302648169043077 0.14330380796086448 0.1518187019050335 0.1498266791742281 0.23960735501954708 0.1577698380034814 0.15760796198763635 0.23454321219814686 0.22190754502595217 0.23300804472912068 0.23979978176767963
-9999.0 -9999.0 0.21765886380771682 0.05094462661161361 0.10555668855098374 0.11052933776936222 0.11926859421394809 0.12038353566436225 0.06062681889132938 0.057975465049511704 0.05995923460426059 0.07296428733212126 0.06431333855939038 0.09179703551476297 0.08238170977703191 0.07687464848223265 0.07978267078296711 0.07540919267170113 0.10123140604577933 0.09237119895787987 0.1103700621001425 0.1194624741167296 0.12248879450652216 0.11205747116691044 0.10121471071345192 0.10580031841512416 0.11222633117361411 0.11562559016042545 0.11636423122967027 0.11956432795804256 0.13549155658209244 0.12041891089976488 0.12070970059969925 0.12269223698805384 0.10260763545298537 0.09079783654296242 0.09612020901832735 0.10873074849332821 0.10699611567596437 0.12938290767929805 0.11502074848311186 0.11348925156789733 0.11285037064509658 0.12460225805792219 0.13841308674932265 0.12422042950645837 0.1466414008212129 0.1439169097124676 0.15207703444200055 0.15819523076278355 0.15563849868779517 0.15980422693864188 0.22112704887342746 0.19370344654300212 0.0
-9999.0 -9999.0 0.0 0.08431434180014488 0.09204588794430782 0.091051163134707 0.10746059685818966 0.11730677294697317 0.11525540926624492 0.071823614892845 0.06385003986210674 0.07112698976312187 0.08117247089055803 0.08286468026135832 0.0910571212398636 0.08811246801625744 0.09875433850459243 0.105924128828176 0.11513264844306319 0.11688742801442821 0.1189272225766417 0.17253486443973026 0.16679821707864845 0.11936117583183269 0.11391212741893066 0.127107281389356 0.14024275375676137 0.20226194280752013 0.21852212431833284 0.13439877253306848 0.11546922636305836 0.11865524210251152 0.12234664971244001 0.14456705719932483 0.13871589527811365 0.11468311990347616 0.10359039479943326 0.11957890581377997 0.10534674878752967 0.10004304178273708 0.10932005155100631 0.1189575968583897 0.11170030824372779 0.11023780680263404 0.1352253709822375 0.1393891970134007 0.13868438497584723 0.12952805418189714 0.130734145446902 0.13470857772862038 0.12903926716953915 0.11915653936675016 0.1222840515736867 0.0 -9999.0
-9999.0 -9999.0 0.041427647083607445 0.018409368594205215 0.04253006797906454 0.09291013494082945 0.10345519151440688 0.10582592071359441 0.09672520835547478 0.10631104498594673 0.07981882760178947 0.06798973076551329 0.07641551933667727 0.07997713755237261 0.10363653841297565 0.08757757671679382 0.10006455167579402 0.10642503274895646 0.16899187792471515 0.1757330355299591 0.17877255277960738 0.2809680928172306 0.1727691379362958 0.16532325219619523 0.12616552246217383 0.14164690426259857 0.13317205517733005 0.20867954902867716 0.20920258426209193 0.23291890489176048 0.13148604268324057 0.14445692586623984 0.15100977622663952 0.13758722788296773 0.15351680336474932 0.14981777696931187 0.12668528072212568 0.11893555347018411 0.10849764013310818 0.10661396912226788 0.10057611749984595 0.10109828778077616 0.11756543039224124 0.12380345604838175 0.12957748276673137 0.12998509489132282 0.13624544182098072 0.1327122938428765 0.12028386962450194 0.12477663559114827 0.12399712909244592 0.1047689239731388 -9999.0 -9999.0 -9999.0
-9999.0 -9999.0 -9999.0 -9999.0 -9999.0 0.09231096948189538 0.09444600278880923 0.09095698415334397 0.0953160106848741 0.10071668990995375 0.08052655092077445 0.07575945351250356 0.08479615711677853 0.0690467530076435 0.07745751542393654 0.0863041001574937 0.1137504655124951 0.10725670429456978 0.10901377478206115 0.17225059642628204 0.27846735474541634 0.17366451304991895 0.18192948995162705 0.16699899646099214 0.11867280486957295 0.1369966278135438 0.13804671665024115 0.12673801966714596 0.2061546840697109 0.22727378130534687 0.20757715926228884 0.22792905010461093 0.16714761439827217 0.14535654468661346 0.14702122187291766 0.1626018141041882 0.1423734649352979 0.12240615054081516 0.12129866550124875 0.1238655464489282 0.11607543100659325 0.0 0.0 0.09580213872130633 0.12401568272397136 0.13503471805835413 0.1380039199495573 0.1334336293030252 0.12129802413708829 0.11456079942287431 0.10106449304515351 0.0 -9999.0 -9999.0 -9999.0
-9999.0 -9999.0 -9999.0 -9999.0 -9999.0 0.17570098114200092 0.0 0.08699472576667214 0.0 0.058312215759428826 0.052199610077724945 0.07622465823877449 0.07110719829789512 0.061582367871928015 0.06788556552625048 0.09328309703197389 0.11350266876694194 0.1183225682922656 0.17534027606984595 0.1635998600215537 0.2730976912109398 0.17762837900058928 0.11450141700110421 0.10300392399963067 0.12571609893374033 0.128032482742504 0.1191554739542653 0.12451935645889252 0.2225092046042849 0.1501277533467189 0.2210850197326702 0.15066011474576965 0.14233738659711817 0.13742616943187616 0.1635721729612621 0.17239455820440636 0.1714188931170473 0.13119653314862229 0.12345726167571915 0.13063065671268104 0.1414739694548016 0.11010735271592331 0.10441854847410782 0.0 0.10631059908342794 0.11858632175632251 0.11619642473860611 0.09889374017591894 0.0 -9999.0 -9999.0 -9999.0 -9999.0 -9999.0 -9999.0
-9999.0 -9999.0 -9999.0 -9999.0 -9999.0 -9999.0 -9999.0 0.0 0.054706312369356046 0.047305335421782044 0.049604330513025104 0.06999138088821268 0.05961006705705432 0.07106422599672255 0.09248432650953249 0.11171214399460562 0.12192617083602535 0.11328281811583393 0.17144081089121696 0.1673944251072176 0.16565695720429194 0.11768620772527635 0.1063108962090036 0.09770946660229629 0.10856528952795254 0.10346016603065032 0.1117988213058934 0.10404656610475262 0.12720422782702093 0.13705839891523905 0.1443498114922394 0.15804171333935926 0.15784857555993695 0.17435390892485642 0.16833645414187468 0.16034387240258677 0.13540863659668773 0.13034102616614515 0.13485213104007418 0.13175831906298968 0.14023234184543332 0.13250559320485736 0.1363606989257346 0.0 -9999.0 0.10455657924485716 0.10618491837923773 0.0 -9999.0 -9999.0 -9999.0 -9999.0 -9999.0 -9999.0 -9999.0
-9999.0 -9999.0 -9999.0 -9999.0 -9999.0 -9999.0 0.0937408578812429 0.03950828969344374 0.042574706551633965 0.052016542184767735 0.055733226498014106 0.05400331836427302 0.058682268351703724 0.08252262514640267 0.1066222684517686 0.11405120903751836 0.17687605697280778 0.10862432041739084 0.16284871149315178 0.11495005944917326 0.11212715016175545 0.11698877237212821 0.09188963672514298 0.09778374478956799 0.10724463167897412 0.09663447879233263 0.0923544680861172 0.11630361821270592 0.13312499865830071 0.13585265836402133 0.13157884911471313 0.15442007376444292 0.1557505548920565 0.15264372998998033 0.15381738886826404 0.16139336120954598 0.1289024615888117 0.11322845609969037 0.12594598650859237 0.12131796913269802 0.1305638806246546 0.12868141185582307 0.12171354577230169 0.14183324067195494 -9999.0 0.0 -9999.0 -9999.0 -9999.0 -9999.0 -9999.0 -9999.0 -9999.0 -9999.0 -9999.0
-9999.0 -9999.0 -9999.0 -9999.0 -9999.0 -9999.0 0.04818120809994891 0.04185006224907099 0.04646063340475666 0.05530746112428457 0.060731765398487854 0.07278071404084792 0.07727062406360795 0.0809962422945219 0.10640383143079839 0.11046233265299904 0.10767681175581571 0.10376766587397025 0.09895353015475601 0.10115667691906263 0.11635419145880083 0.10282182167714797 0.09023666583387795 0.09369745457566676 0.11041066274554581 0.11980745276714048 0.12066050067467793 0.12927642532373546 0.128069636000194 0.14834745992340884 0.14396801130702913 0.1346154402906297 0.1467845544954967 0.12826790460698073 0.12039058019405119 0.12414150952404529 0.11123466387958693 0.1257863085395573 0.11883841987249973 0.12565080553931082 0.11455145794340067 0.11688601121737298 0.1112554397514388 0.0 -9999.0 -9999.0 -9999.0 -9999.0 -9999.0 -9999.0 -9999.0 -9999.0 -9999.0 -9999.0 -9999.0
-9999.0 -9999.0 -9999.0 -9999.0 -9999.0 -9999.0 0.023943359135426407 0.05668178894518648 0.07345932563207105 0.06579054018638582 0.0651884314926816 0.07852119844928485 0.07850463549465558 0.07622865218234401 0.08538886066376355 0.0864818366235724 0.08763421681529639 0.08257295518976751 0.09001734729283281 0.10104398375473365 0.10483487178268444 0.10166399843332104 0.0908440881444621 0.07589832233843768 0.11796361090048589 0.1301072204317513 0.12809720274512038 0.12453015143433639 0.1253128906970136 0.14629664499258987 0.12975807025706132 0.1166841269246663 0.11757614448241098 0.12186418195054625 0.14078888433886427 0.11643840991210622 0.13572508251561527 0.1410563695312303 0.13364403144574435 0.12420453112253116 0.13323676606168572 0.13315804796284159 0.125422728772371 -9999.0 -9999.0 -9999.0 -9999.0 -9999.0 -9999.0 -9999.0 -9999.0 -9999.0 -9999.0 -9999.0 -9999.0
-9999.0 -9999.0 -9999.0 -9999.0 -9999.0 -9999.0 0.04648857787908605 0.06539126942968289 0.08038504525447018 0.07400720815879623 0.06766905034100373 0.0936812506651878 0.07981113037856108 0.06706919977113407 0.07127239848542984 0.09104047023708671 0.08926761575798885 0.1018948892907832 0.12262762924103483 0.12969316119219282 0.12177692687336693 0.09579690833431867 0.1002292550538515 0.11484558973588897 0.11791817141186148 0.1323946464563699 0.13341143869346136 0.14427028362845218 0.12941698573165392 0.12426049687293678 0.10717261623557596 0.12403908220128793 0.1245030204717678 0.13685781647839038 0.1473284016293399 0.14109486683639885 0.12467291876877193 0.155567875925015 0.13587328959683256 0.15284268314712965 0.15547813197476643 0.1561266034294188 0.14146523598836547 0.0 -9999.0 -9999.0 -9999.0 -9999.0 -9999.0 -9999.0 -9999.0 -9999.0 -9999.0 -9999.0 -9999.0
-9999.0 -9999.0 -9999.0 -9999.0 0.09781624177022528 0.015614011367577035 0.04964422955484116 0.05571714557738835 0.06467187273937901 0.07088517433169791 0.0816545580139471 0.10185707224956668 0.08512692480966658 0.08600817014865504 0.09456319942253795 0.10622543243617502 0.12190479216630147 0.1162682181241745 0.1923174808409401 0.19712242205426683 0.20435977820091747 0.13672722836374387 0.1309629942835504 0.11399102591514292 0.11615483722312896 0.11739897659548107 0.13873684566870786 0.15263015921960138 0.14899294829660348 0.1373741891632288 0.1374638002333168 0.15611187739717908 0.15679627837730406 0.17648482251323777 0.19040116584563727 0.1492996616141983 0.1474277046695356 0.13972867187350113 0.1460366737182936 0.14276368342993273 0.1550762198395546 0.14864893657129 0.13430577644793812 -9999.0 -9999.0 -9999.0 -9999.0 -9999.0 -9999.0 -9999.0 -9999.0 -9999.0 -9999.0 -9999.0 -9999.0
-9999.0 -9999.0 -9999.0 -9999.0 0.04133218905272963 0.048657531988363804 0.05249513164139529 0.06802370204662062 0.06688654477327152 0.09290093899985273 0.09599099263326319 0.09946858733538562 0.08652450823317794 0.1033048711198614 0.10707221368487134 0.12549608355849257 0.19482116832276858 0.1992694131783575 0.24246667922456153 0.25237346507064035 0.21218607321100108 0.13597924785465546 0.12548409199509872 0.11151707983348029 0.10881692772833582 0.12470653692847176 0.1397343755050957 0.15982717809029112 0.17033480920481162 0.16603504451773624 0.18095565758636253 0.1468102827771569 0.16527511958664057 0.2537041241990992 0.18486069836765862 0.17184172292487052 0.14321053433027675 0.1468485961595154 0.15312826033303295 0.16672151829693097 0.15288396206625243 0.1479475635079537 0.12251485130874142 -9999.0 -9999.0 -9999.0 -9999.0 -9999.0 -9999.0 -9999.0 -9999.0 -9999.0 -9999.0 -9999.0 -9999.0
-9999.0 -9999.0 -9999.0 0.009322633476407058 0.04309249960950892 0.052596366908703486 0.058570230671582284 0.059697600620321485 0.06151314629348632 0.08954886072165243 0.0998589547568638 0.09511505906553384 0.1017724152228419 0.15941882329709584 0.16580894973864746 0.26849149389921895 0.2359628283981627 0.37636424537599633 0.3916761992229707 0.2071727965805426 0.13499350741876254 0.13306720595068355 0.12821377825616917 0.1303898059637468 0.11894108665129781 0.14316042526619896 0.14972051019968025 0.18587728776821236 0.1634008347570138 0.1682825257789585 0.18940684741840885 0.14975722910512132 0.1478106076269227 0.2260064231571756 0.24847211298308078 0.1597964315091774 0.13392700614048914 0.1471970782187604 0.1509375692577595 0.15332793947073242 0.13745883385973212 0.13040959223401474 0.10965488582353834 0.24429050080661407 -9999.0 -9999.0 -9999.0 -9999.0 -9999.0 -9999.0 -9999.0 -9999.0 -9999.0 -9999.0 -9999.0
-9999.0 -9999.0 -9999.0 0.009748860832799895 0.045775952294061326 0.05513415169911391 0.06402533781236412 0.06328775170802287 0.06832707672990539 0.07243557690398084 0.08768446360322059 0.09310281517706584 0.10177701367466757 0.09919795066932623 0.15115252956952926 0.25364389997093134 0.37394249726298157 0.5064973170469719 0.21131052322569518 0.13414037286869215 0.12073000045742151 0.12453623099517969 0.13982300931660754 0.14510395043872845 0.14178958185470558 0.15000007638959773 0.15655347697004088 0.18574587401134263 0.18953374146328222 0.182787615285467 0.18010318876731946 0.1361533635656733 0.14869890927193205 0.15069440981514753 0.15913225643037834 0.25066870297404736 0.143947748856258 0.1516349717457964 0.1682220073044142 0.153537596083068 0.12499052894257318 0.11152467609718361 0.11907755681390676 0.19809113329520134 -9999.0 -9999.0 -9999.0 -9999.0 -9999.0 -9999.0 -9999.0 -9999.0 -9999.0 -9999.0 -9999.0
-9999.0 -9999.0 0.016708858056974144 0.04288683243266395 0.05572446250202964 0.06134559684982958 0.06456844681038075 0.06761787858158193 0.06479006129444508 0.07512134616178881 0.08534444957801282 0.14082271963315546 0.15072133291755888 0.14650806912096634 0.15271227618173802 0.15367656253623269 0.37001578141218006 0.20558460610859294 0.20773170155788465 0.12859572095046692 0.10788172115283774 0.10974028526024912 0.12045583363667621 0.11675246383626096 0.14715993107334033 0.15121639498426537 0.17771085289439384 0.17183324498313618 0.16276851037592263 0.15980565754824255 0.15955960951334344 0.13589548541819085 0.15926755146657479 0.1617854821369298 0.16461245396716176 0.15781077260331072 0.16170094050623213 0.14654529353461343 0.17518334605490662 0.16275254803523703 0.1378634828054999 0.1125633193979946 0.0 -9999.0 -9999.0 -9999.0 -9999.0 -9999.0 -9999.0 -9999.0 -9999.0 -9999.0 -9999.0 -9999.0 -9999.0
-9999.0 -9999.0 -9999.0 0.011482491925478261 0.0523991613643771 0.05941417062160451 0.06530717749159945 0.07150160260812352 0.07608870753399681 0.07076853895129913 0.06867552385246387 0.0927534156307851 0.09404239079937608 0.15581009143528218 0.15771459248250602 0.15531484563737663 0.18860366971996662 0.185654499230898 0.11926709563907491 0.11959034839990387 0.11254742119045445 0.12265564840835098 0.1358109030646829 0.14044755973140424 0.13163994572801688 0.14463376294783925 0.15376854754942101 0.16382359788271383 0.15922581312962605 0.16746529246981562 0.17195944531963978 0.13051351685977713 0.15268389596987203 0.15886496345883305 0.16330116871137276 0.15363741231227218 0.2415761938223468 0.2301726839801163 0.24689469491702362 0.17375104275901468 0.17585495197464593 0.13614583736717414 0.0 -9999.0 -9999.0 -9999.0 -9999.0 -9999.0 -9999.0 -9999.0 -9999.0 -9999.0 -9999.0 -9999.0 -9999.0
-9999.0 -9999.0 0.027711675015107243 0.04748011407372116 0.056967635707256735 0.05688441657258595 0.059877985241058 0.06649763183865927 0.07438627939063781 0.07034989393179222 0.07059009497281357 0.0833455552136155 0.09581258195492189 0.09903443771706939 0.15968599534709216 0.15741161042999832 0.1703763975415635 0.1867569610330219 0.12867317326764033 0.09897967186666348 0.12935635860856512 0.13299543848009104 0.15393859094705886 0.13978895983675302 0.12450790147898248 0.1321457478151603 0.15344548016753207 0.12985270226401152 0.12870015963136025 0.15834936969176877 0.15944842962286326 0.15927163897727412 0.1509684542722343 0.15115690082150793 0.16473957066045947 0.24431731084779704 0.24023254357775486 0.23339084736709403 0.2553656340003587 0.16434421619294903 0.15114034135068088 0.1375799350063791 0.0 -9999.0 -9999.0 -9999.0 -9999.0 -9999.0 -9999.0 -9999.0 -9999.0 -9999.0 -9999.0 -9999.0 -9999.0
-9999.0 0.2434010762949268 0.04554701571436589 0.05134924569017648 0.058075401040625044 0.06622090333390743 0.06074839396343231 0.07284148358359104 0.07808578761163715 0.07205380486342615 0.0741015099303106 0.08331416217198204 0.10245326168153339 0.10502052642841739 0.16445614405875328 0.16189471971489464 0.19064877073379313 0.19596115167290304 0.12395713094396354 0.13498189786442308 0.1358073881180437 0.13715341496270517 0.12669919303718474 0.1335939357347165 0.13447774658947076 0.13441279273424045 0.12828133662233226 0.12743391790591505 0.12957204064206307 0.145415156939508 0.17277215013944058 0.15597674348862142 0.2392840143760211 0.23039253944975785 0.2372885314819102 0.23697481166926623 0.15139495219728324 0.16213733936493072 0.2599175621544541 0.1645970827539882 0.12540400330251608 0.20861978345764504 -9999.0 -9999.0 -9999.0 -9999.0 -9999.0 -9999.0 -9999.0 -9999.0 -9999.0 -9999.0 -9999.0 -9999.0 -9999.0
-9999.0 0.02862181235357812 0.050413868764674456 0.05640601663416514 0.06517381334465984 0.062168466080013814 0.06542728578879507 0.07216443016173092 0.08120264304846102 0.08451660831013927 0.08478959797775193 0.10435621607046056 0.10513703969327992 0.10753045978758209 0.16461071765060353 0.17004491348488812 0.25596089106357667 0.1955629765002483 0.20527272173030572 0.13974218232191488 0.1287993406428731 0.13211465471223324 0.12018446390543665 0.1244876405647021 0.13371124155765524 0.11814312815022834 0.13249598482215447 0.12618455455631042 0.1287109234646396 0.13646125186111088 0.16347302673647018 0.1556259771368333 0.24378753200111616 0.228804282902932 0.2762351473466777 0.24473317332388192 0.15051801013462907 0.1636579773415979 0.255408730204162 0.16336751028187446 0.12352046149744329 0.0 -9999.0 -9999.0 -9999.0 -9999.0 -9999.0 -9999.0 -9999.0 -9999.0 -9999.0 -9999.0 -9999.0 -9999.0 -9999.0
0.017719979338325424 0.0509564460861132 0.053009030440572896 0.06095835942751544 0.06061740248049313 0.0672353096172452 0.07324729320987992 0.07688891187023228 0.07936565311143559 0.08726002093215773 0.09146872445518334 0.10790263676791625 0.1572125887513024 0.15648163421044098 0.15874562229255865 0.1751213171624407 0.2563764104902293 0.20809447620962007 0.21556765013367019 0.14079780713962567 0.14209061859055222 0.11588447089450951 0.1184530385533303 0.13663276975078514 0.14384440533238793 0.14859667484968714 0.13230991156323857 0.12619894605913143 0.1373063499846516 0.14101285599549784 0.14791947729072444 0.14082870843304013 0.15828543564532738 0.2567787139203145 0.2692424898116318 0.2567334547429943 0.16719218519393333 0.17388939440530182 0.2615574644890985 0.16257781899981666 0.13289545306507955 0.0 -9999.0 -9999.0 -9999.0 -9999.0 -9999.0 -9999.0 -9999.0 -9999.0 -9999.0 -9999.0 -9999.0 -9999.0 -9999.0
0.052626195169060266 0.059697573532029063 0.0612945941842285 0.06360965516834045 0.06901452412951008 0.0710324738955876 0.07419875021196078 0.08562675598435801 0.09240167867010612 0.08322586776854761 0.10464720115289805 0.10997194314942504 0.1609235505485236 0.17254537411138124 0.1160351928111177 0.11618763254346721 0.1706567840006533 0.14220201199908228 0.14458970364483767 0.1382728859076996 0.12086874602008063 0.11647409485510522 0.14533828417746447 0.1491911527559972 0.15126977959204266 0.13701074307166286 0.12998398031494865 0.140658218610202 0.12628086860240811 0.1562996648388619 0.16313554253663382 0.1480913410096834 0.16061765193184466 0.2889388840188084 0.29140694907190556 0.25899791666393235 0.2675708037087309 0.236894469493833 0.26198364106923466 0.16296583985248633 0.14669482896229127 0.14375026546907022 -9999.0 -9999.0 -9999.0 -9999.0 -9999.0 -9999.0 -9999.0 -9999.0 -9999.0 -9999.0 -9999.0 -9999.0 -9999.0
0.058030767529258995 0.061635355783447754 0.07112726187753757 0.07080507490449987 0.06794997460199885 0.07841308500574105 0.08198490017009454 0.08570551952215405 0.08719377769869127 0.10055980966189151 0.10560707507107421 0.10571707792766556 0.1598989035175836 0.1737154710044646 0.11259985504145077 0.11744272457781517 0.11686568253559021 0.13390676740434387 0.12801278452112624 0.1256462020529113 0.12854306103164856 0.12380851330876529 0.12348451614769358 0.13011698437295607 0.138068654744263 0.12877888882332103 0.1258146462640394 0.13795571367445864 0.15457565976313578 0.2287618028283381 0.23467693873435191 0.15260806521767897 0.15000623612480754 0.22755845167873348 0.2274069724448397 0.24584725277057626 0.26531661517538374 0.1725221881382775 0.2536246195897363 0.1460185317681774 0.15439430526269443 0.15385809694029043 0.2657886161429667 -9999.0 -9999.0 -9999.0 -9999.0 -9999.0 -9999.0 -9999.0 -9999.0 -9999.0 -9999.0 -9999.0 -9999.0
0.07276814637207546 0.0679435023521951 0.08529634000081315 0.08385217136427332 0.08065346334227871 0.07982503315662043 0.09400353770060213 0.09293479411660892 0.09740867567017723 0.14926048326176747 0.1569000360350322 0.16017605288301576 0.1069378771298526 0.1176069884075158 0.1199142181506539 0.12771140871305828 0.11569425777298088 0.11872184347183165 0.12588041430407534 0.14532476209814663 0.12586233998496218 0.1277751776771924 0.12972142143752627 0.13430004122769398 0.13702154723608212 0.12112195168758697 0.1240574691490407 0.13148240353375817 0.1609624671354509 0.1663946565649148 0.16240543252735062 0.22197870503688152 0.15430845565958898 0.15926501840881893 0.1493813739421802 0.15754455277963614 0.24864025628873404 0.1718177134893819 0.17881138871645677 0.23680721077676084 0.14124020717233055 0.17473564497964025 0.16101955633136544 0.0 -9999.0 -9999.0 -9999.0 -9999.0 -9999.0 -9999.0 -9999.0 -9999.0 -9999.0 -9999.0 -9999.0
0.07288433129392768 0.07660792757500853 0.08591425603096885 0.08905087682122233 0.08327639196926055 0.07538276621546479 0.07422533459671724 0.07735758931605569 0.08476820044868172 0.10532844872375532 0.15522434171053767 0.1610078434246963 0.1661037066181335 0.12296034751267493 0.1232037282561223 0.1343551170631615 0.1188941431076336 0.1189202838349386 0.13512459133472687 0.1375020451995338 0.1436873622807495 0.13795820934762956 0.13433570211420845 0.13236404513280894 0.13013633592445464 0.11118230559322302 0.13220680814932367 0.1439587605361385 0.1471929097104231 0.1510233678439896 0.1551568263898879 0.15519114433022912 0.16272929555327395 0.17273107252025988 0.140978744171575 0.2397875559896862 0.3116683776887745 0.2377789111556217 0.2511330199863784 0.27028599861349434 0.25673202878543594 0.15588691144436212 0.15994830229207685 0.22417380531875766 -9999.0 -9999.0 -9999.0 -9999.0 -9999.0 -9999.0 -9999.0 -9999.0 -9999.0 -9999.0 -9999.0
