data/moz/moz_beta.asc
ncols	234
nrows	368
xllcorner	195196.26821073
yllcorner	7004178.4200866
cellsize	5000
NODATA_value	-9999
[rows 125 to 149 of 368, columns 165 to 219 of 234]
0.22626554599770757 0.22451525245299803 0.24554759824851377 0.21905791483706322 0.15187915176920275 0.15545788570170951 0.17572049589680827 0.19457005295922958 0.1675685563020595 0.21526652278440866 0.16658984855035683 0.14764625445741025 0.15257920936860603 0.15846043842765567 0.15266459385940714 0.17382778198701837 0.19650831535404883 0.22081402570749523 0.14610310951447925 0.14720874856924607 0.17098385361528337 0.1960424647074312 0.15087285797342437 0.12259572540469407 0.1402335745635161 0.12372624364436331 0.12516686563632587 0.1110429945764863 0.11722149731890456 0.12481032364010136 0.13402535459684675 0.14296356905171576 0.14436944820419637 0.13605068014656332 0.10416683230554742 0.13135353759178423 0.114075914556562 0.12347814374550561 0.12137250156870298 0.11794121626098611 0.10858082955315672 0.10975153701634333 0.10434323608290098 0.109137982763749 0.09908295974095545 0.11576753334707107 0.08068237157679764 0.06223515379699038 0.06094142975773273 0.0 -9999.0 -9999.0 -9999.0 -9999.0 -9999.0
0.2224967142616117 0.22041602186846532 0.20112099603591982 0.20874952636578611 0.1483625932622217 0.14368232133260192 0.16097590837063244 0.168354311779199 0.16712191094226175 0.15901009524265075 0.12955349477273387 0.14347024557695987 0.14967508497227178 0.16132066695287967 0.20783339434990283 0.22479221705725122 0.23461039965492916 0.22717333727974626 0.18563137770176055 0.18365765262329367 0.19700127094150213 0.20178197629391217 0.18509608431799254 0.12356253682153677 0.12760921332643926 0.11725590621417388 0.11897950086675414 0.10937275100780071 0.12419641230236321 0.11631904666743342 0.1284939642815075 0.13375022412855925 0.13067511557541645 0.12579921716841067 0.11441076117133148 0.11275067852698513 0.1339521993312713 0.12191687020045586 0.10874514388845723 0.10509743443953758 0.11487320106311379 0.12013766368288131 0.10568212248055953 0.10205581233761804 0.08996519243838665 0.10521220892751139 0.07246611885660252 0.05989049766485459 0.0 -9999.0 -9999.0 -9999.0 -9999.0 -9999.0 -9999.0
0.22880802256252195 0.22269027960630033 0.22621653975595893 0.16894832913488078 0.14655373563810464 0.15754439927524616 0.16512466023232594 0.1572533229586024 0.150212268948368 0.14590667153773437 0.13301352879222866 0.12462203618262052 0.14163172788956563 0.17277741155729967 0.2071841517126015 0.17476537550312204 0.17145380771494265 0.32733639069747844 0.3040159057112563 0.2963359646216032 0.1961725351941944 0.18822252372365694 0.19788160265636973 0.12230846448189775 0.11973902797565761 0.1152763150474183 0.12348824392303381 0.11456161108226431 0.11604371487460165 0.12897393205098118 0.1367136486622305 0.12796342754610363 0.13904252776986256 0.12950782367077748 0.12418853476923533 0.11817634170369917 0.14983231383229892 0.1289725046578389 0.1168256275391759 0.12045355108524547 0.14405633787832386 0.13134821885269157 0.1064974776344877 0.07944356716249533 0.08514067441360439 0.08104093926020965 0.061277271289789596 0.05629124839418555 0.0 -9999.0 -9999.0 -9999.0 -9999.0 -9999.0 -9999.0
0.18791923712899664 0.1967689351009558 0.14445476188503842 0.1369551062513747 0.15301482562385366 0.16107360051024008 0.16058314751051542 0.14801923198733122 0.14577436062370613 0.15164508422748535 0.13380667662717374 0.1341149812332992 0.14991098586773724 0.13429498964424655 0.13975904152001792 0.17804379367060041 0.26649325211926606 0.32576985384346385 0.5261462829342378 0.29684372599060904 0.18425570603447394 0.18041832232105454 0.15528939408247594 0.1162184440044288 0.12712977594830588 0.13138443153425228 0.10590678929399511 0.1128475122811471 0.13575736776115382 0.13359408283295582 0.13373398783239707 0.13466082764096815 0.13365948199842134 0.13750493313751339 0.1259343929956598 0.11839750804360541 0.1315014441509366 0.11515677890021436 0.10965150152653577 0.11602981115522507 0.11130740364511492 0.11622597042343694 0.09686129886062395 0.0 0.07050453669871583 0.06755549572499771 0.06327489164994558 0.0 -9999.0 -9999.0 -9999.0 -9999.0 -9999.0 -9999.0 -9999.0
0.15352482100834244 0.13832410604210627 0.13570707668025087 0.14603907774580205 0.1536587089729701 0.15537754727133474 0.14963008554130086 0.18149987065654655 0.14831938160499822 0.17024470164508154 0.1822773423980563 0.219473279674688 0.17134190414276085 0.17772705029847136 0.1488868823323216 0.18652403740584908 0.30853941241166105 0.4358035309391731 0.546739677971025 0.4224511167593564 0.19296888910560112 0.17777127492335368 0.14333990977376687 0.11922547905523177 0.12254164444410014 0.14096421620366714 0.12281896562363999 0.1288790481954778 0.13903021734545754 0.1402280172505829 0.1588861127654607 0.16107315341221118 0.15467317906661834 0.17334754932551139 0.15327252381523362 0.11378881437348418 0.11237021251738288 0.10248819883000748 0.10711821419224574 0.11361408511886452 0.09136637696297266 0.09315614324650073 0.06990822178441601 0.0 0.06083847614782759 0.061757803695504356 -9999.0 -9999.0 -9999.0 -9999.0 -9999.0 -9999.0 -9999.0 -9999.0 -9999.0
0.14135979054829478 0.13510707366965322 0.13439670836374457 0.2004767783776534 0.19371123052495368 0.19402876332421282 0.21386179447183878 0.1450127717775802 0.16694871797565214 0.2537858470952029 0.21621086205886725 0.1960173995310209 0.19936789517496728 0.19514335335427638 0.16805852121673784 0.2752606120854813 0.3042227279836785 0.4237402211284676 0.5419116416409325 0.5168845069901337 0.31627656944889293 0.19904136231406747 0.17221153897486458 0.13232945751490582 0.11226403236865543 0.1274635188744144 0.12532765628738007 0.13986471240307688 0.13050595713484459 0.14308333889058253 0.16247651088989745 0.16328612851628788 0.16747972259884505 0.15066055006661178 0.16006768253121959 0.1239538303651556 0.11318605582615192 0.1020466576987113 0.10162238032887341 0.10917978977053203 0.08151210941308176 0.0 0.0 0.0 -9999.0 -9999.0 -9999.0 -9999.0 -9999.0 -9999.0 -9999.0 -9999.0 -9999.0 -9999.0 -9999.0
0.2178085520054282 0.1580085826682439 0.19568837751732515 0.21981922279611596 0.21878470115476317 0.22027498688905997 0.1946760862083462 0.1695994505164233 0.224522819186369 0.21452531034191466 0.21831753312367735 0.20195510479869022 0.19614211785127453 0.19130286192601684 0.16999723861222715 0.2759852292708574 0.279344760770335 0.30052426698950924 0.4082790840130358 0.47897968481465236 0.5281175246744885 0.2857404354300887 0.16776377021547703 0.174414602789105 0.13955605462740153 0.12389257664475864 0.12100961366412159 0.12354493071322524 0.1322240752029417 0.13791468318740352 0.1529236714143826 0.17249063312140017 0.16539448429341078 0.12795848432852724 0.14222302459824882 0.12944183397371314 0.10208054790116804 0.09160662209030651 0.09402311390839309 0.0874347933395712 0.07338957764562772 0.06540262416642097 0.06869126474017694 0.0648197012943632 0.0 -9999.0 -9999.0 -9999.0 -9999.0 -9999.0 -9999.0 -9999.0 -9999.0 -9999.0 -9999.0
0.2184468735803425 0.2153801128890122 0.19588457832430528 0.2000292434918972 0.34033555838286433 0.33463480775709387 0.22482470597066584 0.2179804490572003 0.189220224212998 0.21025934960198847 0.22507587173829258 0.3075754081412976 0.30423098783430325 0.2932859497580404 0.28243185624247963 0.24987980993575226 0.2624491444963218 0.27744937541425047 0.3026389446698599 0.5295872842696779 0.494117971480578 0.27726522623474353 0.17025138372345458 0.18645393507077432 0.10524727525101504 0.1240978774251552 0.13217544351073449 0.13726791806130575 0.1252561015492658 0.12631213515655768 0.14438800584227432 0.1566366845244146 0.16061763232795925 0.12530680755627402 0.11648448085154639 0.12452836015376244 0.10500180622674041 0.09234837736457102 0.09892085662317121 0.08343801748397196 0.08635104902273458 0.06499658490111182 0.06651329653039666 0.05361377546920643 0.0 -9999.0 -9999.0 -9999.0 -9999.0 -9999.0 -9999.0 -9999.0 -9999.0 -9999.0 -9999.0
0.22247180161137775 0.19825696448108215 0.19727744618881254 0.3113411836357722 0.3333626870060517 0.33922259872219596 0.3227400539122782 0.29125680459059167 0.30614270657566034 0.20397482840359554 0.32432424864401393 0.32245427540917676 0.4409528954876838 0.3003816447236994 0.28197161588943304 0.25887246883779247 0.2520321962148419 0.2697694326005139 0.3027868853945986 0.5068231239435222 0.39761023845304344 0.2896814168548161 0.19056183624995893 0.17720030862380956 0.1088048994634422 0.11051040368542395 0.1321793921626774 0.11917315942090728 0.10592708823227424 0.11733362996551475 0.1165222248066131 0.12904387422071653 0.13126918798789255 0.11279642410681524 0.10635960788078547 0.11446770408828988 0.11787042346196691 0.12075276992250093 0.10245659010649247 0.10140714239341818 0.08693556128587088 0.07115956830007844 0.059487481820751385 0.05141760155681853 -9999.0 -9999.0 -9999.0 -9999.0 -9999.0 -9999.0 -9999.0 -9999.0 -9999.0 -9999.0 -9999.0
0.15322680394208296 0.20821297798290672 0.20974188752273207 0.3126144298599748 0.32185954956853113 0.33620120861274344 0.44616175087741844 0.40529652069322036 0.41908923748856286 0.31364746552173006 0.3159753976093144 0.43931996659476547 0.5752449142372207 0.41992541261938415 0.2994582326731261 0.2552249382494521 0.1565255397485893 0.2892111670667387 0.31044786085465775 0.30622465245438746 0.38509194128425667 0.29224079632323585 0.2880552987544434 0.16197333693530774 0.11222558991203914 0.11603917978128014 0.11932231880898289 0.11115246818148454 0.11852060001242418 0.11787413291016352 0.1312898852437249 0.12088431656009431 0.12420227285816736 0.12012393814450835 0.11722114046586908 0.10509945348954423 0.11355182352385794 0.113638165163861 0.09617799667454298 0.09005730219475187 0.08289337156914185 0.0668700958823106 0.05883344061900351 0.0 -9999.0 -9999.0 -9999.0 -9999.0 -9999.0 -9999.0 -9999.0 -9999.0 -9999.0 -9999.0 -9999.0
0.19555377111163505 0.18385785543589817 0.22311791733951433 0.31257016954421757 0.30678563071467607 0.8069596250999765 0.8069011202624119 0.0 0.8006365907327977 0.0 0.8013542610953921 0.8085585661387467 0.5099995017714348 0.42610355987670423 0.31811793097074603 0.28025319639158697 0.2929515090997964 0.1885653328694081 0.15835892947173896 0.24242155183430775 0.2541813238017763 0.2814505873280047 0.17715234151079873 0.16072658823918184 0.10747577720514549 0.10056375626475628 0.1020499550588592 0.10902969923329776 0.11593533188818556 0.11846173933384144 0.11485330588078131 0.11935184148883148 0.09960689537113777 0.11724436760192329 0.11304780525446942 0.11688992224462509 0.11008266010879322 0.09608040815430696 0.08785467101952557 0.08530793027814428 0.0786271561306807 0.0 -9999.0 -9999.0 -9999.0 -9999.0 -9999.0 -9999.0 -9999.0 -9999.0 -9999.0 -9999.0 -9999.0 -9999.0 -9999.0
0.20492284891889423 0.20865820009551017 0.20374772445185682 0.30147081938522763 0.42057162123569947 0.7696274257046557 0.0 0.0 0.0 0.0 0.7806458944798582 0.515117107623992 0.568327484424916 0.4304618885235946 0.29250590882928473 0.27173509289509395 0.2665723215667397 0.17195186587804714 0.1407730661315592 0.1426215672831705 0.26765249041747047 0.1702275153159983 0.14384325800507533 0.11277380474098939 0.10358172360225607 0.09569904271932635 0.09923770838545859 0.10364456274364313 0.1060965173663174 0.09650156558115733 0.10944810108774906 0.10112355361266735 0.1002475125785261 0.09525024328120478 0.11888298937385922 0.09841610342851262 0.08903767402579404 0.08037767092389338 0.07592568254851872 0.07298480029068151 0.0 -9999.0 -9999.0 -9999.0 -9999.0 -9999.0 -9999.0 -9999.0 -9999.0 -9999.0 -9999.0 -9999.0 -9999.0 -9999.0 -9999.0
0.2938436392640166 0.31270471834219193 0.3061235829270518 0.2894203226128718 0.40175336140212187 0.5340396916659091 0.7622014777471445 0.0 0.0 0.0 0.7842091093686552 0.517702891535527 0.41605034608089714 0.3140838535676136 0.31297281736545507 0.18227761598986963 0.17421605600094478 0.27984522776388876 0.14797291012314884 0.14220489838659692 0.17725567727367886 0.1500246631354439 0.12958643922282898 0.10931243742744962 0.09938326985549047 0.10033485321669268 0.09289582816995286 0.09675891199364685 0.09759543194803134 0.10169912698747438 0.09861871754688484 0.10777997402821884 0.09652439949244085 0.09400540973375475 0.08512814372712381 0.08540967329432375 0.073186479125203 0.0 0.06959317062615841 0.0 -9999.0 -9999.0 -9999.0 -9999.0 -9999.0 -9999.0 -9999.0 -9999.0 -9999.0 -9999.0 -9999.0 -9999.0 -9999.0 -9999.0 -9999.0
0.4209675036014165 0.2959376409474926 0.29901592977284563 0.29403153757622247 0.3001165370760653 0.3958730561382363 0.5031261843977688 0.7823224872100714 0.0 0.0 0.7714532574677336 0.5512844375878424 0.41009758780672956 0.31416610252271143 0.19776613300841536 0.1655303423902457 0.16010173590845822 0.16399461245285313 0.16937091786478323 0.15447725736652138 0.15621238475454402 0.15383140111210203 0.1254708691075031 0.11048370826707228 0.09678718082263615 0.09458426955086734 0.09965939608980011 0.097451322284097 0.09625587201075135 0.08650402156967116 0.08884080321828078 0.09724837428026552 0.08257768307636415 0.08040066457962597 0.07669633245791466 0.07177149669364213 0.0 -9999.0 -9999.0 -9999.0 -9999.0 -9999.0 -9999.0 -9999.0 -9999.0 -9999.0 -9999.0 -9999.0 -9999.0 -9999.0 -9999.0 -9999.0 -9999.0 -9999.0 -9999.0
0.4090546640775612 0.407124169243692 0.4172738641823128 0.28977561142750236 0.29755581306078455 0.2857082920170768 0.38693157376443427 0.757272562367888 0.7494366977745063 0.7363734043135964 0.5332851896736074 0.2801870020702393 0.2926691696158245 0.19802141240404011 0.18093366716425008 0.17051652708713938 0.15950875690336963 0.16674325860342937 0.16696089246750778 0.18441001255058265 0.11959105049647502 0.14480481083924204 0.1335634612013112 0.11571800372569128 0.10093092555631532 0.09153186489941907 0.09395577100590193 0.08990929732984031 0.08940675192353685 0.071280599914506 0.07288242373386714 0.07993575583645328 0.07542129349647866 0.07014994931682204 0.0 -9999.0 -9999.0 -9999.0 -9999.0 -9999.0 -9999.0 -9999.0 -9999.0 -9999.0 -9999.0 -9999.0 -9999.0 -9999.0 -9999.0 -9999.0 -9999.0 -9999.0 -9999.0 -9999.0 -9999.0
0.25558815966980314 0.3621960737583141 0.39458314095230834 0.28273686280533955 0.28129303590218585 0.28960189331462877 0.2602533466391529 0.38285179370349737 0.28453464761657377 0.2986074571430851 0.3141652258234834 0.28636500729630776 0.1752761447372759 0.13974004642593102 0.14421379059278644 0.1725261919574237 0.17064485793380835 0.17912148513666418 0.1630612817925806 0.1618055702483187 0.10358152206251961 0.11465384039690932 0.10120318135287124 0.11006006000350146 0.1149226334822783 0.09949215144711213 0.0904131520518052 0.08302995439899623 0.06759020385204985 0.06532623499490901 0.06647600147505792 0.06971534980672527 0.0 -9999.0 -9999.0 -9999.0 -9999.0 -9999.0 -9999.0 -9999.0 -9999.0 -9999.0 -9999.0 -9999.0 -9999.0 -9999.0 -9999.0 -9999.0 -9999.0 -9999.0 -9999.0 -9999.0 -9999.0 -9999.0 -9999.0
0.2585558568283342 0.2783787614181194 0.2833633849065399 0.2831401897834632 0.28510402625734754 0.2913459477958265 0.274936338016194 0.2737283906411526 0.24734747385005743 0.15506794860516945 0.18038334710720508 0.1653470044377782 0.14146830670363575 0.10723674238981051 0.10632338667058498 0.10311398445547729 0.12342367166322374 0.12279626333976097 0.1304837238382073 0.12913664586652976 0.105964875817812 0.10242788143120064 0.09915643751124176 0.11467096807595735 0.11730146608741329 0.09015437354898452 0.08969268883015287 0.07511652641889655 0.06774975721189977 0.0 0.0 -9999.0 -9999.0 -9999.0 -9999.0 -9999.0 -9999.0 -9999.0 -9999.0 -9999.0 -9999.0 -9999.0 -9999.0 -9999.0 -9999.0 -9999.0 -9999.0 -9999.0 -9999.0 -9999.0 -9999.0 -9999.0 -9999.0 -9999.0 -9999.0
0.14439016522532575 0.1712353961305497 0.19297451039281338 0.18118036931303133 0.2932229987928158 0.28693387573735074 0.14120482797275188 0.1357669145886916 0.11278286337867698 0.13865120109903875 0.13669183376808572 0.14240579744249768 0.11347939450669764 0.10109708998105248 0.10486588316119524 0.10491490449965815 0.13005628970277955 0.12174272989098081 0.12474705815382854 0.12209100343666766 0.12279797419262592 0.09805860990624503 0.09940009033441169 0.09203075484834139 0.09746262832762365 0.0901821059474045 0.08962074353098327 0.07750547915464165 0.06814514332240586 0.06589320559095119 -9999.0 -9999.0 -9999.0 -9999.0 -9999.0 -9999.0 -9999.0 -9999.0 -9999.0 -9999.0 -9999.0 -9999.0 -9999.0 -9999.0 -9999.0 -9999.0 -9999.0 -9999.0 -9999.0 -9999.0 -9999.0 -9999.0 -9999.0 -9999.0 -9999.0
0.11827962296389027 0.14068953849885055 0.13582966911771852 0.16069760837602776 0.17669193575846862 0.17640432891155752 0.1417674343587578 0.12385273643702988 0.10471151623512612 0.10707378692029945 0.12663774203096118 0.1262276650287769 0.12725710971844928 0.11748989211589689 0.1175391526153338 0.11481191415808703 0.11924490636353105 0.13265823638203902 0.12903245272487343 0.11953850289811553 0.12080479887597474 0.097564884833572 0.10142591819619177 0.09157271832273046 0.08948911265263307 0.06745173940220782 0.07136330649862178 0.07399405882009753 0.0 -9999.0 -9999.0 -9999.0 -9999.0 -9999.0 -9999.0 -9999.0 -9999.0 -9999.0 -9999.0 -9999.0 -9999.0 -9999.0 -9999.0 -9999.0 -9999.0 -9999.0 -9999.0 -9999.0 -9999.0 -9999.0 -9999.0 -9999.0 -9999.0 -9999.0 -9999.0
0.12541978443008242 0.13182769856188792 0.1139219986542943 0.10247442578321227 0.11093252107109224 0.14959819115503084 0.14134698441196258 0.1293118172043802 0.10593148907583091 0.11498660541030808 0.1146693464376157 0.12429964493142967 0.12574312008068483 0.12716211542012604 0.11948926912084323 0.11696343337662375 0.11472768565308922 0.11424254700473933 0.11215828633557746 0.13591350869529997 0.10947561317615512 0.09950426157114038 0.08803030088234641 0.0693128163152321 0.07005366136434968 0.060809224049411414 0.07087926723780133 0.0 -9999.0 -9999.0 -9999.0 -9999.0 -9999.0 -9999.0 -9999.0 -9999.0 -9999.0 -9999.0 -9999.0 -9999.0 -9999.0 -9999.0 -9999.0 -9999.0 -9999.0 -9999.0 -9999.0 -9999.0 -9999.0 -9999.0 -9999.0 -9999.0 -9999.0 -9999.0 -9999.0
0.12670530884637374 0.15336267511354099 0.13967549154102052 0.1077545134578179 0.1265664783646121 0.12831390104640406 0.12377211043295716 0.11247986812724278 0.11817379033728241 0.10976382623075753 0.12020853732962793 0.12459263463175943 0.11173843887403348 0.12264759964331481 0.11970568202984758 0.11252063222175465 0.09147260500175707 0.08130066794653312 0.09110525670581278 0.08941695206623203 0.09410650475797033 0.09420443248638063 0.0778380784319367 0.0696468810075371 0.06773050315455043 0.0627948826982825 0.0 -9999.0 -9999.0 -9999.0 -9999.0 -9999.0 -9999.0 -9999.0 -9999.0 -9999.0 -9999.0 -9999.0 -9999.0 -9999.0 -9999.0 -9999.0 -9999.0 -9999.0 -9999.0 -9999.0 -9999.0 -9999.0 -9999.0 -9999.0 -9999.0 -9999.0 -9999.0 -9999.0 -9999.0
0.11044156044561479 0.11408663041431746 0.12287321730102033 0.11814926223423758 0.10208086510608508 0.10805443026331316 0.10123184412976699 0.10155769335321291 0.10471498056096579 0.13711870961167152 0.10953815983893977 0.11710451922476192 0.09957724206804068 0.10275582128751526 0.10645572450591671 0.0912150982696489 0.07642922944229895 0.07962366217823721 0.07591069661065611 0.08801970823642805 0.08852589905137498 0.07781184345025063 0.06884704078562816 0.0 0.0 0.0 -9999.0 -9999.0 -9999.0 -9999.0 -9999.0 -9999.0 -9999.0 -9999.0 -9999.0 -9999.0 -9999.0 -9999.0 -9999.0 -9999.0 -9999.0 -9999.0 -9999.0 -9999.0 -9999.0 -9999.0 -9999.0 -9999.0 -9999.0 -9999.0 -9999.0 -9999.0 -9999.0 -9999.0 -9999.0
0.10806779533009925 0.10857763646323994 0.09772562647122983 0.10227420019057068 0.10590140138632859 0.10645969582902066 0.10482449162771702 0.0967505180495891 0.10165509521167046 0.1084904727677934 0.10669521418754965 0.10534618767379088 0.08242968368713288 0.07989621245559592 0.0783283042833907 0.09775219086391265 0.1207907677217346 0.07295309721606724 0.07312487560427358 0.07184981181562743 0.0 0.0 -9999.0 -9999.0 -9999.0 -9999.0 -9999.0 -9999.0 -9999.0 -9999.0 -9999.0 -9999.0 -9999.0 -9999.0 -9999.0 -9999.0 -9999.0 -9999.0 -9999.0 -9999.0 -9999.0 -9999.0 -9999.0 -9999.0 -9999.0 -9999.0 -9999.0 -9999.0 -9999.0 -9999.0 -9999.0 -9999.0 -9999.0 -9999.0 -9999.0
0.10442666897367957 0.09712851446677571 0.10165982196657122 0.10921660112110629 0.11371073076520836 0.10889143700408048 0.11411601700070288 0.10135521995911026 0.08549473977177355 0.10824798933983652 0.1014223976916325 0.0893181252315796 0.08594717765239396 0.07371851536139462 0.07127609053284568 0.09812058655208102 0.0 0.0 -9999.0 -9999.0 -9999.0 -9999.0 -9999.0 -9999.0 -9999.0 -9999.0 -9999.0 -9999.0 -9999.0 -9999.0 -9999.0 -9999.0 -9999.0 -9999.0 -9999.0 -9999.0 -9999.0 -9999.0 -9999.0 -9999.0 -9999.0 -9999.0 -9999.0 -9999.0 -9999.0 -9999.0 -9999.0 -9999.0 -9999.0 -9999.0 -9999.0 -9999.0 -9999.0 -9999.0 -9999.0
0.10359174304539133 0.09917864720423836 0.09130819841740254 0.07262706490692256 0.07595871206020785 0.08202492356820562 0.0925862972075071 0.0892987777622439 0.08199957036497482 0.08887832117404963 0.08043759755463885 0.080551682050269 0.08151873348503079 0.0 0.0 -9999.0 -9999.0 -9999.0 -9999.0 -9999.0 -9999.0 -9999.0 -9999.0 -9999.0 -9999.0 -9999.0 -9999.0 -9999.0 -9999.0 -9999.0 -9999.0 -9999.0 -9999.0 -9999.0 -9999.0 -9999.0 -9999.0 -9999.0 -9999.0 -9999.0 -9999.0 -9999.0 -9999.0 -9999.0 -9999.0 -9999.0 -9999.0 -9999.0 -9999.0 -9999.0 -9999.0 -9999.0 -9999.0 -9999.0 -9999.0
