data/moz/moz_beta.asc
ncols	234
nrows	368
xllcorner	195196.26821073
yllcorner	7004178.4200866
cellsize	5000
NODATA_value	-9999
[rows 189 to 215 of 368, columns 61 to 121 of 234]
5853888551.042629 1633925440.23769 1468346467.231138 1271910169.3785956 5684037082.709242 1173246683.067756 1135014427.3020544 3924288665.1707954 1006215394.956797 987035048.5457994 3587906149.4464493 2721577060.797196 1872707018.3038518 638810252.593947 1140601723.5228534 847545190.6835172 958313842.108369 1084788989.124392 555624628.6804544 0.0 0.0 0.0 1434986125.4751463 1626972031.1524289 1751340019.9669993 388141098864.4001 1683688940.826029 2526293236.830739 419398583768.1989 266431620082.35135 1186833376232.457 58433250921.539276 59571311122.8173 0.0 0.0 0.0 0.0 57247076738.51541 0.0 0.0 0.0 0.0 0.0 0.0 0.0 0.0 0.0 0.0 0.0 0.0 0.0 0.0 0.0 0.532367419889996 0.0 0.0 0.0 0.0 0.0 0.0 0.0
6772526001.692173 49544537397.4466 6584525907.522151 1472528276.2041407 5738646309.180466 1098138108.0620756 878436587.4586475 911904425.6229436 692213323.0002116 659145252.0913068 634449012.5935283 944088991.6582326 493677967.33951676 506784988.13909113 393002174.4875391 511576192.51314604 521466707.2099473 719885194.2939507 500093287.9698333 171612519.5172734 0.0 284777528201.44635 1568998748.1810288 2047339646.2374837 1205592195.497019 359542923228.02277 2149347702.6303782 565835963443.64 1093403079123.5359 213677266328.3343 1049802303944.6139 56477241261.54507 56784534560.97703 0.0 0.0 0.0 58404869435.549675 59496853953.744354 58671163573.27461 0.0 0.0 0.0 0.0 0.5543786785384001 0.0 0.0 0.0 0.0 0.0 0.0 0.0 0.0 0.0 0.547121197014784 0.5612688381794341 0.5354923619648498 0.0 0.49985181432416714 0.0 -9999.0 -9999.0
7594893524.879313 15985863553.072048 16042643852.15459 1421627222.3244374 6081253824.269514 4634473268.402508 1070742447.1045513 1017343000.9816968 613497857.8235699 650670978.9093637 663946067.5705063 716041231.8060142 605601742.4848845 408077454.03927314 342460952.7313202 536163752.9039394 484848017.3829638 356377603.364635 1069041682.776798 1464477256.962709 933046749.7078227 91404384466.92343 234016796936.21884 472870135195.2996 2061964962.0497522 2260064917.109142 402752576026.2946 571414923750.5779 1097732502411.0742 1098295397808.3878 1053932760027.1826 1046618883759.3535 57284419422.49522 0.0 0.0 56502900761.583176 56549699111.94432 56946841443.15418 57926914709.37873 59686396377.235435 0.0 0.0 0.0 0.5912464056609572 0.5637888809800806 0.5701131319120987 0.6068185328710464 0.5523117758088674 0.0 0.0 0.0 0.5669376213645566 0.5580466373245636 0.5687262029114084 0.5384944690034177 0.5119922168977661 0.5298221937445812 0.0 -9999.0 -9999.0 -9999.0
50040163603.05826 45959699782.00699 45448539962.01606 6782072965.171224 31143832234.251644 25415173903.572716 3806102792.1506906 3912744023.205714 743107256.9718685 640959232.472389 559205861.9481329 596829992.213617 845646162.8099838 973729049.0919157 817876414.8672587 927816402.1422447 1008562306.7637717 237082454.4400133 338996440.5717748 495298282.4905003 1757450047.5652833 1363367641.1011493 247140631574.87354 249860186736.01373 1314366510.3871043 2161209554.0377383 179851427480.69846 1033684171934.656 1063740389553.6273 1116634272466.6833 1048875713268.7358 997856732420.2959 56225318965.082695 57692813295.744286 58291566050.08051 55517114123.410545 55042797489.868866 1059373579138.5592 57712525087.1575 59296450055.27806 57948029656.62853 0.0 0.0 0.0 0.0 0.0 0.0 0.0 0.0 0.0 0.0 0.5455745699998603 0.5482536941777262 0.5374015249217755 0.5236185059938832 0.5166897874432748 0.0 -9999.0 -9999.0 -9999.0 -9999.0
37227186218.68279 6082691904.670398 6670752703.302911 6979724946.375412 34018042557.00893 21319049910.510597 22496361742.58547 3073637486.093086 919411350.9324911 795626467.6236236 630038921.0438724 1288471439.8294346 1202377938.7617872 543764818.7354673 763855557.5250002 1004391656.7971585 662664947.911073 344628719.24477154 266563313.19071245 306871124.8494968 36149850223164.74 1480745075.8653727 2384829630.593748 1876133140.2309897 1344244396.1187766 132502502694032.95 1339064923.6914253 388495288736.0512 1014932755015.0491 1044684287147.6556 1039421352373.2512 1045690862240.4628 56450839417.696075 0.0 56026462328.091385 1014397878282.551 338843890740.368 57771803445.21175 0.0 0.0 0.0 59794408562.078476 59718706468.448875 58934512606.35973 0.0 0.0 0.0 0.0 0.5531964282724214 0.5516095153768601 0.541180615859609 0.5754377193061967 0.5674684498191218 0.569092526325514 0.5146557566102012 0.0 -9999.0 -9999.0 -9999.0 -9999.0 -9999.0
6153643330.345018 5871662824.09107 7604195716.120654 5326171014.513258 29912311799.89465 20708299894.96322 3863550254.09989 3385673023.9561863 3091815937.292638 718117176.2165638 1643502552.6868134 1546906888.4454448 1001337912.0012108 2914977514.35345 6328129398.345172 4728222251.653901 862964886.2321446 518922472.2010158 495777464.13590837 349023633.0668872 78242950885942.77 31480425951929.406 111945548204752.14 113643399364299.81 27093852332511.24 9616211971114486.0 1888607926.5096872 494724201208.9238 524214817839.472 1021927231769.7883 1016325658292.7648 985642790307.6232 56181812250.14888 57692597810.96481 55457499587.03469 1025648271518.3472 1080644515366.5066 57484603993.85218 0.0 0.0 0.0 59115835893.12707 59860619894.168396 60694352520.033295 60180587471.40672 0.0 0.0 0.0 0.5402548178590697 1.191057708381853 0.0 0.562174707579033 0.5912151723494299 0.5703788737891693 0.0 -9999.0 -9999.0 -9999.0 -9999.0 -9999.0 -9999.0
6574939343.094752 6931350357.272249 44367149805.93509 5728634416.0379715 5066184322.050408 21695496321.265343 889278848.8553901 1036335017.9164171 2292699749.920413 1593725183.1992025 628339643.6265501 1332487994.7634242 3775335786.7466063 2828986961.817995 5001556109.8587675 3977441332.4934793 819593216.7996091 1288621881.607058 537249502.6058608 736740116.0548476 556620553928.8364 1214128822.6190503 893160809.8702587 1132911081.8083432 46187145434265.44 8412709680097394.0 106108174039567.92 2195437390.504774 481331973282.7184 618892621975.2775 989205494659.1844 1021346549141.9767 1070902871683.783 56883369677.55688 55966195493.76671 1026113190032.6399 58162671869.22985 58125558585.45137 58970485881.80237 0.0 0.0 0.0 0.0 59682941606.73587 60420154937.01567 0.0 0.0 0.5456762389825814 0.5376664919674051 1.2186629529471178 0.531056351615541 0.5182769625440208 0.5178664451056111 0.0 -9999.0 -9999.0 -9999.0 -9999.0 -9999.0 -9999.0 -9999.0
30803996090.073387 32152543193.05238 42423816760.89598 35805508761.98605 30898060986.871666 4257452183.504928 990234477.3605858 3500481650.118971 2053654110.2694516 1611112496.6264079 547509556.4835045 1163675008.9202948 1216542029.9564075 4271535770.710181 2950827349.1743064 2693469388.6399665 1209715739.0787058 639220859.430036 1327221341.806976 408244222.76000947 178016773922.82486 993443262871.138 1258168049.9974256 1227197302.6980767 1413198420.634424 1342891053.8337522 1326244960.3167987 82985161005364.25 1856646132.1667936 508732747560.38684 812927331603.2347 477626986730.2481 1026849662551.2013 57475405990.15308 56442980732.96708 1047394318119.4456 56910377074.04035 57907144678.185394 58651706601.81725 58687386566.63676 59392931254.34007 0.0 0.0 0.0 0.0 0.0 0.0 0.0 0.5511519337473213 1.18738069059364 0.0 0.48877420043422093 0.5333513786598931 -9999.0 -9999.0 -9999.0 -9999.0 -9999.0 -9999.0 -9999.0 -9999.0
16766962933.530125 28071773633.060074 35050842410.03889 6354171578.6261015 5187346602.440254 733124198.3440715 808236321.417444 3146400292.6754155 1977183816.0110402 1760795431.6263964 562590977.6966429 1381312375.306293 1080763580.295042 2322184092.519085 1703926247.824095 1616019188.832351 1036365528.7260195 993930080.2781869 561318853.5529003 1594049341.8344138 215672310943.35657 586010652482.2576 94656594888.52524 425331900408.1321 0.0 2013376979.4549453 562186602066.4906 80843748264.06662 175339563253.6177 1858848759.7088442 1831758750.8302083 454417586006.6352 1069025895199.9463 1091854863877.2516 1056917354071.4485 0.0 52298283213.35255 1145270067167.3406 1126476263476.9707 57794463307.780716 58657161175.24737 0.0 0.0 0.0 0.0 0.0 0.0 0.0 0.5439850968302901 0.0 1.2513381021044983 0.0 0.0 -9999.0 -9999.0 -9999.0 -9999.0 -9999.0 -9999.0 -9999.0 -9999.0
16734436307.85628 30864380896.45171 44173255366.77601 6172458964.0099945 23707080209.417843 746957327.8520467 866798861.9018865 3232033083.4051867 2341295768.0455513 1735675953.4088016 507798442.4926908 1322851411.9132907 1277263294.2097979 4230816146.5429783 19634154644.303005 607684350.3996346 2384102015.6047444 883447766.1194415 2274131102.4125156 1553351226.9970212 1089929979675.6718 0.0 309119494460.8762 152258059503.88904 1267173946.011077 667083127.423947 315664475951.7556 275224930744.8923 72051492353.9753 1479064413.047864 2308496650.0139213 1759765065.2014735 215376499794.3569 1066599056307.6151 1110684161360.7751 0.0 3609223234.7931395 1140006631808.872 1178512816509.906 1141044010792.8657 59180899796.493034 0.0 0.0 0.5810798518599078 0.5829090576560103 0.0 0.0 0.5518209541655719 0.5395796453733631 0.5271495960665292 0.0 0.0 -9999.0 -9999.0 -9999.0 -9999.0 -9999.0 -9999.0 -9999.0 -9999.0 -9999.0
15388181264.68534 29275805775.807545 44379932905.88948 6535325512.946516 4581667799.5646515 3829283399.9724164 968595177.7061113 2638989460.8261657 1790867751.9299176 1960043243.4203913 540010149.2185047 430944711.71811867 1659550749.3663428 3544663533.3787904 19745933539.199238 19899552621.84148 19848299645.429825 1949314172.3062801 4329065659.382552 146370699.576996 1095622853224.6935 1069584175260.2179 112193134281.84767 166401673062.39633 65770868366.10198 0.0 279861749978.01434 0.0 242645450326.1486 623984406079.3723 0.0 166290978945.916 153330261906.48395 365712642654.352 0.0 1172802589622.4304 0.0 1147633148592.8254 1166549588765.3464 1174388408818.8406 58814935415.75324 0.0 0.0 0.0 0.0 0.5748696744760734 0.0 0.0 0.5620404925278347 0.5105320922124623 0.0 -9999.0 -9999.0 -9999.0 -9999.0 -9999.0 -9999.0 -9999.0 -9999.0 -9999.0 -9999.0
14993046663.160704 24762323754.683697 6503488983.253897 1319280148.5931654 2982954770.9588137 3103703642.350096 3090380773.4720306 2339825346.1967034 2473385885.4243345 1821206900.2358248 633266290.8518171 1055494607.5885334 1250207207.5049686 2941190317.3134 19658966355.9839 19956378454.332115 19899583793.210308 1918669888.4223197 4235317881.4629083 3594171888.848998 1072203586146.7418 1094834717258.092 1055617171862.0336 1088750165307.4902 1125869153559.8386 0.0 43411762414.97263 1312518251.2314057 1794031799.9499016 514596281783.8836 10314478093.38907 39719921892.375694 564566387543.8698 5087077523040.374 2476610469755.61 0.0 0.0 0.0 1139723140280.0698 1187910128684.701 59214837043.61302 58995137501.411415 0.0 59860570932.262245 59843210182.19767 0.0 0.0 0.0 0.0 0.0 -9999.0 -9999.0 -9999.0 -9999.0 -9999.0 -9999.0 -9999.0 -9999.0 -9999.0 -9999.0 -9999.0
15798478191.316269 15559513090.816399 29281311509.365726 3752594147.349529 3496153761.1963587 18224916430.81655 2988775098.283838 7792156625.091029 12318397902.562387 1844695885.0096042 625270250.2995408 1958868996.5772784 4214517029.885853 7550366329.164637 19118262127.958355 19668419017.565723 19849958092.078766 938161453.3690438 4220178179.5641193 1035776150021.4968 1064995464675.4803 1079868802824.1859 1083049511303.4348 1096624433940.876 1159578449065.0125 1100194210089.815 0.0 1109579388030.9033 1290557993.9086554 2253866783.460372 629668568366.5206 154385440083.48264 207957222849.63303 0.0 340698794192.22705 5130488042236.723 6529690479576.792 0.0 1170356993381.1924 1115799245552.9333 58639954629.23345 58332235157.26922 59243194808.19776 59906140202.73857 59631092357.35631 60077813223.163925 0.0 0.0 0.0 -9999.0 -9999.0 -9999.0 -9999.0 -9999.0 -9999.0 -9999.0 -9999.0 -9999.0 -9999.0 -9999.0 -9999.0
18336349339.600246 16217989092.320997 16656273788.219622 16594646269.295185 25911066714.18306 19590881234.832184 12988337367.324203 12057142525.191542 8108930408.148472 9430594877.413977 5078323210.554485 2702976401.5480723 19407474194.51998 19513426760.59328 19636245709.728313 0.0 0.0 19662331746.13107 54660740142.90843 56345168365.12667 57911291461.67519 0.0 0.0 57226852772.780266 1079193160443.8674 1092801578485.757 0.0 1192347285144.406 1171461428713.1077 4310939754.5896 323882210682.2431 1096685522154.3455 1033656985947.1877 1008293172927.3684 137047613819.33517 0.0 2913537138403595.5 561628147.9199826 1158585198357.755 1173908711436.4993 1171346611242.497 1136863439039.7468 1141536833399.499 1156651414921.6147 1134957746588.9783 1094912870985.6913 55743538416.29501 0.0 -9999.0 -9999.0 -9999.0 -9999.0 -9999.0 -9999.0 -9999.0 -9999.0 -9999.0 -9999.0 -9999.0 -9999.0 -9999.0
19220693369.595097 18694898740.738983 20762160487.831066 18588178668.144604 17157783925.794283 22122920579.412334 15863999888.322226 13673692873.9234 18704136571.97423 9681703748.23025 4615356638.898241 18876484801.63513 0.0 0.0 0.0 0.0 0.0 0.0 56228894895.542656 58072989718.645744 57080742350.624466 0.0 0.0 0.0 56878489134.613304 1191961997402.0557 1214385178192.674 1167332767547.1714 59400688151.67884 58994151545.98792 1125683852405.9546 1093983142744.4453 1048221614759.8939 1039558496305.3324 1010892189500.4132 1417657047.259072 0.0 0.0 0.0 0.0 0.0 0.0 0.0 0.0 0.0 282162561779.3886 -9999.0 -9999.0 -9999.0 -9999.0 -9999.0 -9999.0 -9999.0 -9999.0 -9999.0 -9999.0 -9999.0 -9999.0 -9999.0 -9999.0 -9999.0
21304753657.422226 22160255170.08456 21096225678.687965 19838233838.93695 17206295370.00303 16293608449.459229 11046677879.02948 2509470419.0774846 15198998393.60368 10294041567.06578 19323803743.735806 18927644402.86765 19035389658.6559 0.0 0.0 0.0 0.0 0.0 19620945327.668224 57533439856.97856 57656297649.212494 56299645539.61698 0.0 0.0 0.0 0.0 60848025276.37949 58495294495.90284 58682563407.87806 60373765536.69342 1184617251493.851 1108407091560.2097 1103845193157.9294 1114361151060.8171 1081808034138.6249 inf inf 2737112836.008727 0.0 0.0 0.0 0.0 0.0 0.0 419112214052.7847 0.0 -9999.0 -9999.0 -9999.0 -9999.0 -9999.0 -9999.0 -9999.0 -9999.0 -9999.0 -9999.0 -9999.0 -9999.0 -9999.0 -9999.0 -9999.0
inf 23174256274.467808 inf 15562626359.985909 40430345082.39116 15988095559.637186 2320562952.4753833 3298636014.3349786 2620918451.3422403 7173379602.278102 19308781907.484932 19599874206.432556 0.0 0.0 0.0 0.0 19369287283.549446 18664850738.022285 56173205791.86626 56458847371.97362 1094908392332.4907 56024271971.782196 0.0 59028460876.742966 0.0 59087280153.172455 58152126244.428055 57583768518.14926 60475681459.99213 61385714908.995125 61286493702.53309 1143317668214.1008 1112701950975.4321 1141137438653.2026 1181413139123.1243 1055523261564.4042 294387738050.2332 inf 5186640521811279.0 0.0 896786972272.7083 1599484502.7524683 inf -9999.0 -9999.0 -9999.0 -9999.0 -9999.0 -9999.0 -9999.0 -9999.0 -9999.0 -9999.0 -9999.0 -9999.0 -9999.0 -9999.0 -9999.0 -9999.0 -9999.0 -9999.0
-9999.0 inf 15264841701.270678 49073313758.07526 44765729330.487595 20476967734.627197 3540050279.047057 2324392543.3550997 7503133586.571155 19200030320.47334 19816251505.33255 19295448545.75518 0.0 0.0 0.0 19561563732.582687 18869455393.213226 5457704665.056352 1916371340.0027423 328597146832.02 1063097019089.9005 1027539405860.0316 56357105570.969765 57540683752.035286 58381376679.68454 59889703808.71092 59869011296.63766 61583950389.36811 60970746063.13748 60135150185.700966 1159269242311.2126 1140018067606.2122 1157189293556.509 1145473305997.112 1176956985616.873 1148327136933.0205 1162808468855.365 inf -9999.0 5871516271857813.0 1595736261.5776298 inf -9999.0 -9999.0 -9999.0 -9999.0 -9999.0 -9999.0 -9999.0 -9999.0 -9999.0 -9999.0 -9999.0 -9999.0 -9999.0 -9999.0 -9999.0 -9999.0 -9999.0 -9999.0 -9999.0
239044929.33077225 68142940214.00864 59669576736.86707 40719664287.745415 35276770725.50996 4322943047.014294 3659233411.345614 12241806075.752407 18888627278.389538 19342026346.57446 0.0 19011546366.99656 0.0 19396432473.522972 19225270043.4358 19519537173.735653 7752925352.007783 5430429004.684004 2304332289.1639776 628557810.428551 851240829.2201215 0.0 57075120185.19466 57398902547.278595 56889666005.61141 59499021095.9016 59643206102.27891 59305296076.98734 59433451139.32012 60246315578.01684 1134423146735.2412 34528567021.49359 1122738009686.947 0.0 1140879569818.5789 1133558212473.7595 1105558587038.1272 58094370180.644035 -9999.0 inf -9999.0 -9999.0 -9999.0 -9999.0 -9999.0 -9999.0 -9999.0 -9999.0 -9999.0 -9999.0 -9999.0 -9999.0 -9999.0 -9999.0 -9999.0 -9999.0 -9999.0 -9999.0 -9999.0 -9999.0 -9999.0
38155625707.822914 61541515998.773224 50781498424.97416 35857172842.92633 29165001080.965607 18357797875.348606 15316741754.495077 13087907453.315884 18875179216.053875 19123891179.939083 18953446919.62708 18712270765.544556 18411515549.024685 18549712571.76881 19481260799.426353 3684778179.9655957 968317113.0045099 7004866006.589359 1391231113.3248208 1097642364066.904 1101199217174.94 1135883232700.7456 56463401089.2196 58830795717.64485 58338040951.97534 57252569160.627686 58656022019.551544 1131936460077.566 1100076235202.0183 1115479765760.2703 439113435.4032768 0.0 0.0 0.0 6680168383.04299 1085285563317.7557 1060674872053.286 0.0 -9999.0 -9999.0 -9999.0 -9999.0 -9999.0 -9999.0 -9999.0 -9999.0 -9999.0 -9999.0 -9999.0 -9999.0 -9999.0 -9999.0 -9999.0 -9999.0 -9999.0 -9999.0 -9999.0 -9999.0 -9999.0 -9999.0 -9999.0
11979774553.694244 15429356985.778456 16712285405.471916 24066291257.02348 24625032035.732285 14541227879.75346 14551311910.317577 15985491355.687086 10747184317.613764 10207327172.44614 9654946023.11643 12214523498.760233 8564235787.872376 18542667360.182106 18778361361.55201 4068566907.6738625 934233393.6159958 690953009.0449599 1089875446759.9718 1139112728157.24 1131265543349.7559 1117051237070.3213 1120202516214.0535 58601218623.56322 1137757881497.755 1084421460102.0284 1088229427234.2107 0.0 0.0 0.0 0.0 0.0 0.0 0.0 1151104615304.662 1150806294492.974 1120643259818.4932 -9999.0 -9999.0 -9999.0 -9999.0 -9999.0 -9999.0 -9999.0 -9999.0 -9999.0 -9999.0 -9999.0 -9999.0 -9999.0 -9999.0 -9999.0 -9999.0 -9999.0 -9999.0 -9999.0 -9999.0 -9999.0 -9999.0 -9999.0 -9999.0
14539064990.594002 16117934240.308264 17196611625.484222 17484494419.011166 22397160078.52994 18076451098.345028 13770757927.274035 852120858.1478455 2305883011.1332593 8116127331.684323 8900132590.15822 18595802362.710564 55786908069.44858 56661549306.22778 55679376602.148735 6176718167.128118 4558133610.455633 1076490356787.3729 1089682663704.0327 1147904406147.4102 1151765974902.9746 1191308367948.86 0.0 0.0 881497998.8340125 0.0 0.0 1164646944696.3755 1201912324515.5144 0.0 0.0 0.0 0.0 1220479530185.5994 1229111037235.3271 1231211536202.7178 1181381930440.6985 0.0 -9999.0 -9999.0 -9999.0 -9999.0 -9999.0 -9999.0 -9999.0 -9999.0 -9999.0 -9999.0 -9999.0 -9999.0 -9999.0 -9999.0 -9999.0 -9999.0 -9999.0 -9999.0 -9999.0 -9999.0 -9999.0 -9999.0 -9999.0
44695067385.73849 35298504439.07776 25114045535.44427 19776800009.13152 17283210696.984245 18593443820.290794 10878946030.646784 10439339763.807606 6658249681.767672 18864190528.526443 55695570881.35862 54970690506.83506 0.0 0.0 0.0 57501822650.51224 56815400787.39434 1072765580865.0907 1082149654626.4146 1087475169633.3975 1171537753742.6958 1219776769854.319 0.0 0.0 0.0 1231163937552.2634 1233371161984.2173 61798023097.01694 63159602746.89358 1208630190338.3408 1202252918550.9426 1175138214370.1018 1197460608323.3433 1186001002790.6157 1227804587066.5232 1206422612354.6604 0.0 -9999.0 -9999.0 -9999.0 -9999.0 -9999.0 -9999.0 -9999.0 -9999.0 -9999.0 -9999.0 -9999.0 -9999.0 -9999.0 -9999.0 -9999.0 -9999.0 -9999.0 -9999.0 -9999.0 -9999.0 -9999.0 -9999.0 -9999.0 -9999.0
4562261836.15886 22094045103.39198 23079199033.170464 18026285722.45627 18224043142.407974 18443912845.13756 10186569740.568415 18683548729.454674 18916304789.225887 56145895359.72374 0.0 0.0 0.0 0.0 0.0 57413826227.21387 56144405944.8116 1061842426151.8907 1049677273815.0825 1117762955870.4363 1175158846539.1648 1243025747871.3423 1275044454326.3792 1262206908364.1248 1305281972935.8367 1200131476650.5337 60653642717.802536 0.0 62624810115.622086 61329535753.61065 1187580956722.7207 58663206746.48797 59358278189.91597 60803910409.30704 1220615911487.5037 1204032164257.5193 0.0 -9999.0 -9999.0 -9999.0 -9999.0 -9999.0 -9999.0 -9999.0 -9999.0 -9999.0 -9999.0 -9999.0 -9999.0 -9999.0 -9999.0 -9999.0 -9999.0 -9999.0 -9999.0 -9999.0 -9999.0 -9999.0 -9999.0 -9999.0 -9999.0
1030541849.9888806 3528997476.049046 3306846792.0930467 17808907321.72212 18468430232.877037 18168225299.751804 18588163013.90684 0.0 0.0 0.0 0.0 0.46912507162521727 0.4937291254925112 0.0 57297377784.778404 57068213522.3809 56481059790.93859 56746075345.27325 1094006440860.7666 1187404028462.176 1210052692104.9556 62723634018.21535 1254163048195.0635 1268961611639.5105 1327946113392.445 1210176611065.9612 58770894144.241135 0.0 0.0 60076984083.16712 1153713218299.8271 58702267456.90452 59117883317.92202 59380081865.84549 57587591587.587 1140283276360.9338 127396803359.066 0.0 -9999.0 -9999.0 -9999.0 -9999.0 -9999.0 -9999.0 -9999.0 -9999.0 -9999.0 -9999.0 -9999.0 -9999.0 -9999.0 -9999.0 -9999.0 -9999.0 -9999.0 -9999.0 -9999.0 -9999.0 -9999.0 -9999.0 -9999.0
912837995.0676312 3102013405.761733 2578101844.4465804 18609748610.478645 17686594511.029156 18039279314.793053 18588449895.017876 18426896652.25761 6840400438.159418 0.0 0.4652310617956587 0.520230240152536 0.0 57196147951.06364 55546356308.12589 56026378544.368614 57862752687.54844 58466759437.20151 1182539686671.737 1210995390496.792 1232589272942.1838 62710877072.63866 63076481777.379555 1310296054005.04 1302929134811.363 1162039760303.0698 58869935657.41131 59091064819.56988 60006248298.61074 0.0 58335739036.18663 59194650025.20904 60958955129.69407 59402955798.521736 56083021256.10007 1061876288442.9713 1094580755616.118 0.0 -9999.0 -9999.0 -9999.0 -9999.0 -9999.0 -9999.0 -9999.0 -9999.0 -9999.0 -9999.0 -9999.0 -9999.0 -9999.0 -9999.0 -9999.0 -9999.0 -9999.0 -9999.0 -9999.0 -9999.0 -9999.0 -9999.0 -9999.0
901769933.4304271 841499192.1364474 2937353868.202506 16719823759.415073 17531531997.75718 10743338460.359343 7083117384.900835 8932852680.796196 5788059720.2345295 4886987006.705953 0.4589167567353778 0.0 0.0 56527788244.702614 1045403188891.9207 1053866377437.2107 1100347926157.6733 1084714104374.247 1201333964115.5972 1215075976358.5605 61920486997.2442 61328673371.692314 1252211443479.909 1242957879843.293 1242181244677.088 1161082073963.674 60020672326.99167 60287735318.660645 60584527721.68529 59864959292.47695 60278810447.45737 58629162062.620804 61667462422.98168 60389621592.12776 57634903369.4963 1066487485310.7074 0.0 -9999.0 -9999.0 -9999.0 -9999.0 -9999.0 -9999.0 -9999.0 -9999.0 -9999.0 -9999.0 -9999.0 -9999.0 -9999.0 -9999.0 -9999.0 -9999.0 -9999.0 -9999.0 -9999.0 -9999.0 -9999.0 -9999.0 -9999.0 -9999.0
