data/moz/moz_initialpopulation.asc
ncols         234
nrows         368
xllcorner     195196.26821073
yllcorner     7004178.4200866
cellsize      5000
NODATA_value  -9999
[rows 36 to 71 of 368, columns 81 to 161 of 234]
-9999 -9999 -9999 -9999 -9999 -9999 -9999 -9999 -9999 -9999 -9999 -9999 -9999 -9999 -9999 -9999 -9999 1062 90 511 326 161 122 80 51 30 32 45 51 39 31 72 116 227 119 43 18 15 19 25 21 18 17 15 27 57 78 69 43 32 89 166 171 83 36 29 29 30 30 23 14 4 4 4 4 4 5 6 4 5 6 7 6 4 3 2 2 2 2 17 51
-9999 -9999 -9999 -9999 -9999 -9999 -9999 -9999 -9999 -9999 -9999 -9999 -9999 -9999 -9999 -9999 -9999 97 764 293 190 141 95 66 39 29 44 70 80 51 59 82 114 138 96 44 22 16 17 17 18 19 18 15 24 72 75 76 54 40 110 159 181 64 30 24 28 27 27 19 5 5 4 5 5 5 5 3 3 3 5 6 9 9 5 3 4 4 7 41 68
-9999 -9999 -9999 -9999 -9999 -9999 -9999 -9999 -9999 -9999 -9999 -9999 -9999 -9999 -9999 -9999 -9999 230 379 267 211 124 83 47 29 29 48 76 87 78 91 108 141 91 78 40 19 16 16 18 18 19 18 19 28 45 66 90 85 72 78 116 110 34 19 19 24 22 17 7 5 5 4 4 5 5 5 2 2 2 3 4 6 6 6 6 5 6 21 58 91
-9999 -9999 -9999 -9999 -9999 -9999 -9999 -9999 -9999 -9999 -9999 -9999 -9999 -9999 -9999 -9999 -9999 230 314 222 141 99 62 32 29 30 37 80 111 118 153 144 152 118 87 30 17 17 18 19 19 20 17 32 32 34 76 94 100 80 64 66 76 29 18 24 24 23 8 3 4 4 4 4 5 5 3 2 2 2 2 3 5 6 5 6 5 7 23 34 74
-9999 -9999 -9999 -9999 -9999 -9999 -9999 -9999 -9999 -9999 -9999 -9999 -9999 -9999 -9999 -9999 -9999 261 337 148 111 72 66 50 43 49 47 91 147 151 233 197 230 204 80 39 22 19 19 19 17 17 13 36 33 35 85 119 141 101 72 27 26 8 20 24 26 23 12 3 3 3 3 3 3 3 2 2 2 2 2 3 4 5 4 5 11 21 22 25 34
-9999 -9999 -9999 -9999 -9999 -9999 -9999 -9999 -9999 -9999 -9999 -9999 -9999 -9999 -9999 -9999 -9999 186 280 128 95 225 463 428 208 223 263 184 201 199 216 438 304 156 83 59 43 24 19 15 11 11 11 43 53 48 102 140 154 140 90 32 25 18 17 22 23 22 15 7 3 3 3 3 2 2 2 2 2 2 2 2 3 4 4 6 13 15 17 22 24
-9999 -9999 -9999 -9999 -9999 -9999 -9999 -9999 -9999 -9999 -9999 -9999 -9999 -9999 -9999 -9999 -9999 205 177 164 246 633 932 760 327 318 341 251 243 274 337 548 256 117 76 70 50 27 11 11 11 11 22 68 74 77 85 131 147 118 74 49 24 21 10 17 20 17 11 11 9 3 2 2 2 2 2 2 2 2 2 2 2 4 7 7 7 9 14 17 24
-9999 -9999 -9999 -9999 -9999 -9999 -9999 -9999 -9999 -9999 -9999 -9999 -9999 -9999 -9999 -9999 41 198 184 396 398 499 961 757 330 338 422 238 172 184 182 322 199 116 91 64 47 22 11 10 10 10 23 69 87 103 186 184 162 115 72 55 30 23 7 8 9 9 11 14 10 5 2 2 2 2 2 2 2 2 2 2 3 7 7 7 8 9 10 13 34
-9999 -9999 -9999 -9999 -9999 -9999 -9999 -9999 -9999 -9999 -9999 -9999 -9999 -9999 -9999 -9999 59 259 545 464 564 515 725 714 396 186 167 179 141 113 162 342 444 188 133 68 42 17 12 11 10 9 15 40 81 195 276 270 188 160 136 118 77 42 9 9 13 12 15 12 8 7 5 2 2 2 1 2 2 2 2 2 2 7 7 8 9 15 22 26 45
-9999 -9999 -9999 -9999 -9999 -9999 -9999 -9999 -9999 -9999 -9999 -9999 -9999 -9999 -9999 -9999 7 569 749 582 675 727 1634 760 407 131 118 108 89 87 116 202 597 360 192 89 45 29 15 11 10 9 11 30 80 211 291 326 223 221 303 263 167 59 19 30 38 48 37 16 8 7 6 3 1 1 1 1 1 2 2 2 2 5 6 6 7 11 17 21 30
-9999 -9999 -9999 -9999 -9999 -9999 -9999 -9999 -9999 -9999 -9999 -9999 -9999 -9999 -9999 -9999 -9999 57 768 798 824 756 650 208 178 114 91 86 92 85 87 98 296 273 70 48 49 34 24 11 11 10 11 25 82 141 208 196 212 314 532 434 248 87 33 46 69 67 46 23 14 7 5 5 2 1 1 1 2 2 2 2 3 3 4 5 6 13 22 29 30
-9999 -9999 -9999 -9999 -9999 -9999 -9999 -9999 -9999 -9999 -9999 -9999 -9999 -9999 -9999 -9999 -9999 -9999 577 1645 1276 446 273 194 165 114 70 43 90 77 81 51 134 70 40 55 57 36 28 14 11 11 11 13 58 85 132 175 240 429 619 597 383 93 49 55 120 87 54 25 17 10 5 4 4 2 2 2 2 2 2 2 3 5 7 6 8 17 22 28 28
-9999 -9999 -9999 -9999 -9999 -9999 -9999 -9999 -9999 -9999 -9999 -9999 -9999 -9999 -9999 -9999 -9999 -9999 268 1151 1659 747 350 203 162 135 59 43 50 46 63 82 202 73 48 56 48 34 25 20 22 22 15 19 26 83 169 233 434 434 360 406 396 95 58 85 76 66 45 22 17 10 6 5 4 2 2 2 3 2 2 3 4 6 7 7 7 13 20 21 19
-9999 -9999 -9999 -9999 -9999 -9999 -9999 -9999 -9999 -9999 -9999 -9999 -9999 -9999 -9999 -9999 -9999 -9999 -9999 2330 1789 1560 730 270 188 158 84 34 38 51 70 95 277 110 55 54 43 28 22 26 28 28 35 30 36 85 101 107 265 160 204 213 112 65 83 74 59 53 35 43 22 7 5 5 5 5 7 7 9 9 3 3 4 6 7 7 7 9 13 14 15
-9999 -9999 -9999 -9999 -9999 -9999 -9999 -9999 -9999 -9999 -9999 -9999 -9999 -9999 -9999 -9999 -9999 -9999 -9999 806 959 915 2356 1604 430 176 119 40 36 45 53 86 240 144 69 49 24 14 23 36 52 48 51 47 54 50 55 58 57 47 46 46 35 36 55 43 47 107 75 43 30 18 15 17 13 8 9 9 9 9 3 3 3 5 6 6 6 9 11 14 15
-9999 -9999 -9999 -9999 -9999 -9999 -9999 -9999 -9999 -9999 -9999 -9999 -9999 -9999 -9999 -9999 -9999 -9999 152 914 789 948 1533 2578 436 151 116 61 66 59 65 130 298 124 64 45 22 16 28 47 58 66 79 47 47 55 54 47 38 22 19 21 17 38 78 91 72 50 30 19 17 17 19 18 10 9 9 9 9 9 5 3 3 3 4 5 5 8 13 14 13
-9999 -9999 -9999 -9999 -9999 -9999 -9999 -9999 -9999 -9999 -9999 -9999 -9999 -9999 -9999 -9999 -9999 -9999 343 751 616 547 419 584 504 127 121 101 80 73 112 241 390 156 77 43 30 43 58 60 68 83 64 32 46 59 90 89 74 33 28 32 32 31 32 30 26 22 17 17 17 19 16 11 9 8 8 9 9 9 5 3 3 3 6 8 9 9 15 15 19
-9999 -9999 -9999 -9999 -9999 -9999 -9999 -9999 -9999 -9999 -9999 -9999 -9999 -9999 -9999 -9999 -9999 -9999 699 617 563 497 224 1228 1578 207 77 80 122 100 135 247 389 125 85 44 41 72 95 114 103 89 33 25 40 94 243 171 119 40 34 29 26 28 28 26 21 19 19 18 19 14 10 10 9 10 10 13 15 11 9 3 3 5 12 15 13 13 15 19 27
-9999 -9999 -9999 -9999 -9999 -9999 -9999 -9999 -9999 -9999 -9999 -9999 -9999 -9999 -9999 -9999 -9999 -9999 764 519 458 569 598 979 2556 667 213 181 226 176 183 354 358 176 131 81 80 80 114 278 146 71 31 15 26 85 171 146 81 37 33 32 28 28 27 27 28 38 40 36 23 15 10 9 14 19 20 21 24 20 11 9 11 13 47 59 52 41 19 32 37
-9999 -9999 -9999 -9999 -9999 -9999 -9999 -9999 -9999 -9999 -9999 -9999 -9999 -9999 -9999 -9999 -9999 -9999 493 480 459 838 855 565 658 720 773 896 379 280 271 427 602 284 459 251 164 89 126 392 166 68 51 22 34 35 101 83 46 36 34 32 30 30 24 25 46 45 49 49 30 13 10 9 19 23 24 26 29 26 15 13 19 38 58 61 83 85 64 44 47
-9999 -9999 -9999 -9999 -9999 -9999 -9999 -9999 -9999 -9999 -9999 -9999 -9999 -9999 -9999 -9999 -9999 -9999 256 452 514 785 510 263 146 139 531 1863 545 493 526 353 235 486 898 931 217 124 146 246 139 118 49 31 49 57 137 135 87 41 36 33 30 29 26 28 48 53 54 50 22 9 9 13 20 24 25 24 26 26 17 20 28 49 64 77 88 85 122 151 194
-9999 -9999 -9999 -9999 -9999 -9999 -9999 -9999 -9999 -9999 -9999 -9999 -9999 -9999 -9999 -9999 -9999 -9999 28 493 448 371 324 135 120 125 420 2116 767 915 402 409 266 457 542 966 677 453 503 274 175 128 78 65 66 101 160 150 106 64 34 33 30 28 25 25 36 45 50 32 9 9 11 22 24 24 22 19 19 18 17 25 38 55 75 93 91 109 236 318 575
-9999 -9999 -9999 -9999 -9999 -9999 -9999 -9999 -9999 -9999 -9999 -9999 -9999 -9999 -9999 -9999 -9999 -9999 -9999 367 375 303 290 114 118 137 698 2509 2136 723 455 453 407 469 436 644 1489 2215 725 238 183 140 87 78 74 92 154 178 116 76 33 32 27 26 24 23 21 24 15 5 5 7 13 24 27 26 24 17 12 15 21 27 40 68 107 116 141 211 316 443 555
-9999 -9999 -9999 -9999 -9999 -9999 -9999 -9999 -9999 -9999 -9999 -9999 -9999 -9999 -9999 -9999 -9999 -9999 6 324 322 240 251 114 127 209 806 1821 645 457 469 421 491 695 515 333 805 1298 648 424 202 159 112 89 85 110 167 163 137 85 30 26 23 25 25 24 22 15 4 3 3 4 16 23 23 23 20 14 12 15 32 40 47 80 106 133 289 411 526 623 528
-9999 -9999 -9999 -9999 -9999 -9999 -9999 -9999 -9999 -9999 -9999 -9999 -9999 -9999 -9999 -9999 -9999 -9999 -9999 368 344 265 169 121 151 340 540 2759 1359 596 459 408 433 562 842 747 791 572 584 382 186 139 83 78 97 131 233 208 140 75 30 25 24 26 26 25 23 6 4 4 4 4 14 24 24 22 16 11 13 24 51 61 66 78 110 199 694 1211 1528 547 312
-9999 -9999 -9999 -9999 -9999 -9999 -9999 -9999 -9999 -9999 -9999 -9999 -9999 -9999 -9999 -9999 -9999 -9999 -9999 375 387 286 149 174 293 444 661 6049 13348 3748 462 398 551 1327 964 429 215 216 308 234 150 83 68 65 90 131 277 223 142 68 27 28 29 33 41 42 13 5 5 4 5 5 6 12 13 10 10 11 12 29 60 83 78 100 155 299 1098 5648 2509 520 478
-9999 -9999 -9999 -9999 -9999 -9999 -9999 -9999 -9999 -9999 -9999 -9999 -9999 -9999 -9999 -9999 -9999 -9999 1 329 431 347 199 423 749 711 1981 8298 35225 19682 2600 756 814 2827 1369 499 190 199 211 192 121 112 145 134 99 131 222 221 148 73 36 50 66 90 80 57 12 5 5 8 14 17 11 9 11 19 20 13 13 24 59 72 83 133 212 493 765 1014 1376 837 577
-9999 -9999 -9999 -9999 -9999 -9999 -9999 -9999 -9999 -9999 -9999 -9999 -9999 -9999 -9999 -9999 -9999 -9999 33 351 386 442 476 329 357 507 477 2437 33617 26556 4481 816 1107 1587 1492 680 360 508 527 316 221 329 385 238 175 200 259 200 150 113 76 71 94 127 112 18 13 7 7 21 28 29 24 14 24 31 30 18 20 37 65 79 127 197 514 598 513 380 525 602 881
-9999 -9999 -9999 -9999 -9999 -9999 -9999 -9999 -9999 -9999 -9999 -9999 -9999 -9999 -9999 -9999 -9999 -9999 -9999 178 648 862 731 388 244 212 166 588 10067 12748 1484 763 698 459 452 505 392 287 149 187 192 331 728 432 497 615 684 303 231 203 143 99 122 141 96 16 13 8 10 28 53 70 30 19 32 37 34 25 43 59 93 138 233 290 398 326 168 139 222 228 252
-9999 -9999 -9999 -9999 -9999 -9999 -9999 -9999 -9999 -9999 -9999 -9999 -9999 -9999 -9999 -9999 -9999 -9999 -9999 -9999 882 663 526 413 162 115 148 395 1010 897 497 482 405 378 396 295 219 154 113 101 95 114 204 244 230 276 383 447 603 380 215 160 134 97 42 15 17 10 11 32 34 40 37 19 45 51 38 31 34 54 71 97 106 127 153 310 136 90 73 79 83
-9999 -9999 -9999 -9999 -9999 -9999 -9999 -9999 -9999 -9999 -9999 -9999 -9999 -9999 -9999 -9999 -9999 -9999 -9999 -9999 348 436 347 268 222 168 254 462 817 493 321 456 393 358 271 162 122 93 61 48 55 83 87 94 91 149 272 463 570 479 297 392 135 71 31 16 15 20 12 10 19 23 19 12 29 28 22 19 21 34 43 49 59 74 162 140 78 51 43 62 106
-9999 -9999 -9999 -9999 -9999 -9999 -9999 -9999 -9999 -9999 -9999 -9999 -9999 -9999 -9999 -9999 -9999 -9999 -9999 -9999 76 493 477 337 303 446 727 1002 1329 398 291 399 637 338 247 177 110 61 38 34 30 30 33 55 72 186 362 763 588 479 299 553 223 132 49 22 21 22 11 6 6 7 7 12 19 19 17 18 18 20 24 25 35 82 158 156 105 50 46 81 141
-9999 -9999 -9999 -9999 -9999 -9999 -9999 -9999 -9999 -9999 -9999 -9999 -9999 -9999 -9999 -9999 -9999 -9999 -9999 -9999 -9999 155 579 433 540 549 570 714 2054 478 255 279 469 459 219 134 110 63 41 25 20 18 21 61 72 123 211 187 230 205 158 139 106 82 35 19 20 21 11 7 6 7 7 16 19 20 20 21 32 34 35 43 74 107 144 118 133 82 49 74 57
-9999 -9999 -9999 -9999 -9999 -9999 -9999 -9999 -9999 -9999 -9999 -9999 -9999 -9999 -9999 -9999 -9999 -9999 -9999 -9999 -9999 -9999 127 956 703 451 441 707 2219 790 263 185 317 404 434 205 144 61 26 18 17 17 35 74 95 119 87 87 105 88 64 51 47 38 19 13 11 14 7 6 5 7 7 18 24 29 36 38 45 53 61 101 141 194 167 85 81 97 58 31 23
-9999 -9999 -9999 -9999 -9999 -9999 -9999 -9999 -9999 -9999 -9999 -9999 -9999 -9999 -9999 -9999 -9999 -9999 -9999 -9999 -9999 -9999 -9999 311 907 491 485 548 1811 1444 320 129 184 326 502 240 119 53 30 28 26 30 51 83 132 130 77 53 35 30 20 18 29 38 24 9 8 11 7 6 5 7 20 79 59 59 54 55 58 89 117 162 228 324 179 118 93 123 38 17 11
-9999 -9999 -9999 -9999 -9999 -9999 -9999 -9999 -9999 -9999 -9999 -9999 -9999 -9999 -9999 -9999 -9999 -9999 -9999 -9999 -9999 -9999 -9999 -9999 272 524 459 665 1394 1239 225 154 313 442 505 257 131 73 53 47 47 49 59 93 87 82 71 42 20 18 17 30 42 45 38 14 7 11 8 6 6 11 78 125 102 140 135 158 177 156 200 272 275 456 217 150 130 97 38 14 9
