data/moz/moz_beta_1.asc
ncols	234
nrows	368
xllcorner	195196.26821073
yllcorner	7004178.4200866
cellsize	5000
NODATA_value	-9999
[rows 24 to 47 of 368, columns 162 to 215 of 234]
-9999.0 -9999.0 -9999.0 -9999.0 0.0 0.0 0.0 0.0 0.0 0.9843400710650658 0.0 0.0 0.0 0.0 0.34957761585823804 0.05999143814474713 0.040003733151351605 0.017597988822475732 0.12136608065525305 0.13137254704222456 0.13768178971668762 0.30763808397267706 0.6379588069724337 0.6675366575237808 1.9137425181547107 1.7667682479420384 1.7122717111959573 0.29637471893008877 0.7553564680447512 3.2736079309561474 0.7365836189615708 0.0691873223788796 0.02361874793926681 0.06035617612997911 0.027071166931884813 0.023278110565301945 0.017223690082250158 0.01942188414420791 0.009105051225724765 0.004215581935466247 0.0035667619603605085 0.0042466163463322215 0.008534704217638613 0.01264809857875118 0.006445635676232229 0.00589348888965586 0.006592294721221971 0.013370607970687096 0.015868148437813485 0.01489180121650275 0.016791997516725724 0.022146632314813605 0.015567751501994381 0.019862874580400706
-9999.0 -9999.0 0.0 0.0 0.0 0.0 0.0 0.0 0.0 0.0 0.0 0.0 0.0 0.0 0.9929898574662347 0.26621543789612584 0.05656390284846797 0.1095957983997529 0.5860531833992114 0.6068306850891364 0.628109408607831 1.7319307362155592 1.7526063180470124 1.7076622185791894 7.825941347840626 7.103305275828052 7.274993583997472 0.6151547879766734 0.8388926910583557 3.463910871918665 3.4670437674269405 0.4741990749147475 0.02706434420823652 0.021990249894359278 0.027362649257673375 0.022328562221762528 0.008290286034212469 0.008650221922211508 0.008247924840672034 0.008012391778054545 0.0066996899522405425 0.004107360005762008 0.007816215513046393 0.01114347667832149 0.00815512226509918 0.006271934595424656 0.005415248902132368 0.022832707662448836 0.01670493331732969 0.014848766234234381 0.012193086676171918 0.013799965458908641 0.009120322356568409 0.014625026525609054
0.0 0.0 0.0 0.0 0.0 0.0 0.0 0.9987834670874981 1.0145423820805133 0.0 0.0 0.0 0.0 0.0 0.9844897586503338 0.3673993529026671 0.20100686359781725 1.372948640014569 7.517673932121954 7.662305443621559 7.441106406528497 7.715238536675412 1.7502334557756314 6.556218093478453 7.286718367582923 7.787830963276441 7.4083570598964705 0.6491626997745307 0.8559809024317443 0.8407418948266375 2.0645005817876743 0.6365838435098646 0.06581548654176221 0.02373345282846618 0.008445689396997883 0.01892088564021257 0.008484068638373641 0.024312072048041446 0.02144969277755996 0.005272992485046605 0.005748774935338361 0.004464837452524807 0.006200697142050049 0.00888244436108788 0.007728549695250432 0.0036712461652650455 0.006475996321541254 0.007908454725337372 0.019749925090434668 0.01882499534001701 0.017940732216192024 0.016222000729624552 0.016520383537425406 0.015845659693505553
0.0 0.0 0.0 0.0 0.0 0.0 1.0949761043082706 1.1405095471673576 0.3916797851154438 1.1541175062417002 0.0 0.0 0.0 0.0 0.0 1.2773155059442358 0.2832788530350819 6.231673308540279 7.266388875134646 7.119815909232638 7.1536519598590775 1.7946792240124232 1.653849388101585 6.407467495007211 7.881381858452982 8.141704269571532 2.014341312713414 0.6647980039045305 0.7035257905107842 0.680167633982121 1.9647339527668295 1.8375786752416445 0.16019367497219533 0.06598670134986259 0.010218359076565339 0.021760544358845984 0.0199276793232088 0.023926218598386034 0.023997025320869347 0.010829208364163019 0.010091431667064284 0.004204537764481375 0.0022847977764377633 0.004487379320573145 0.009377819600380935 0.007958026075705766 0.025728117261596524 0.031501324535357235 0.034716614657107646 0.035964035707742155 0.01438781051418063 0.014605202710974574 0.01659419371271562 0.01576839401002244
0.0 0.0 0.0 0.0 0.0 0.0 0.0 1.2696228872904707 1.2774768627649942 0.0 0.0 0.0 0.0 0.0 0.0 0.0 1.5443924016629107 6.667525691581571 7.49499653647157 6.763850476813851 7.1208063369300945 1.7227329901127166 6.553307175937473 7.491716395055133 8.036838314588998 8.371103464182934 7.69704562162456 2.248749415825958 1.8589300625185068 1.8706870209644502 7.456328580934212 8.400040730105163 0.33728378680826426 0.14919455323431627 0.05878711938575695 0.021348173530614287 0.02150779148847654 0.025246194887613736 0.01158834717572243 0.007101469778079142 0.011217509751918172 0.008772363671896027 0.002345841550097274 0.0037387318473220987 0.009009377994186264 0.008216004480526999 0.012428008985560651 0.011688336833714182 0.03550819676019558 0.03991313605825103 0.021546256707898063 0.009525973420432845 0.01689841972638048 0.0158939945142788
0.0 0.0 0.0 0.0 0.0 0.0 0.0 0.0 0.0 0.0 0.0 0.0 0.0 0.9669035036405729 0.0 0.0 0.0 6.790378408423632 7.432475563480775 6.69363008981109 7.736091867306029 7.595736625268739 7.174742799106575 7.727137353841427 7.904568988091715 7.88777848959836 7.985683133327435 2.0650849054087677 2.058807992466371 7.537108893152888 7.439364115502407 7.825716998429483 1.8006909333766943 0.6172904460213776 0.14156052700277613 0.13576894470889414 0.13934297221412767 0.012199884104584412 0.009063894216503526 0.007397338220042177 0.014590012299091609 0.004745119894296686 0.007125625167673058 0.0040296927745773 0.005506964333424243 0.006727961753174228 0.011079589117704786 0.012317983641714726 0.014265402458179552 0.012961180386982124 0.020313961835299665 0.009843644307313335 0.013934465611314848 0.013572466116409993
0.0 0.0 0.0 0.0 0.0 0.0 0.0 0.0 0.0 0.0 0.0 0.0 0.0 0.0 0.0 0.0 0.0 6.621767649360714 7.050740617929171 7.092716864712016 7.76884226565456 6.478740206673957 7.4945704767120125 7.965938874007698 7.487425446106833 7.971885751358572 7.4862792299219745 7.446344328010366 2.064002646618926 8.101985636850037 8.24104822639272 8.266234162630747 1.871780322060912 0.16610695062281466 0.151395773290505 0.35007437698014415 0.1510454926551966 0.009806488599298134 0.006470823464876744 0.0063842868976624785 0.00846282351661503 0.007301913004829472 0.008526389318474728 0.008203491374968739 0.005124155239583456 0.007863225385993624 0.006245534812945193 0.007758832727969716 0.013407859227382262 0.012216940379885667 0.020415757532527085 0.020658391228849923 0.01687971832427924 0.010205465416414396
0.0 0.0 0.0 0.0 0.0 0.0 0.0 0.0 0.0 0.0 0.0 0.0 0.0 0.0 0.0 1.015067198799871 0.327777478430212 0.8335347251687154 7.356362977537436 6.869876646796577 7.127959035571371 6.713924937804171 7.395808941859819 7.892212360148987 7.602412720444903 8.305406903110699 7.776574783806453 8.60710227365617 0.7277515631805469 9.057836118728522 7.763658119205956 1.9538898941217602 0.16043910319628504 0.06435629750924154 0.020835873339797445 0.02471881483158297 0.010487929070439186 0.007957082100069918 0.004314141342670353 0.00393844631657148 0.007494271393561391 0.006461702809166042 0.007024686307939624 0.011808262046516521 0.012164491726321669 0.004991089057079174 0.006630955034176693 0.008134758915153866 0.013218534582314102 0.017532231457473325 0.0157659262677638 0.00996477103016789 0.008679494727984736 0.008350667318367921
0.0 0.0 0.0 0.0 0.0 0.0 0.0 0.0 0.0 0.0 0.0 0.0 0.0 0.0 0.9522670576331217 0.25981708114992497 0.24629580053716282 0.7898693125811511 6.531446641509588 6.569632276803303 7.105247355241495 6.874520165361699 6.896867133367221 6.9585158914319045 7.245416162380794 7.763032028505277 7.69032924858228 8.248850752001559 7.971498180575811 0.3413683149502208 0.664812030841001 0.15483294879599951 0.16664169155671751 0.025515902955491068 0.023269005668333516 0.011211716468586855 0.009118641908588077 0.00717853009615686 0.005289991956898946 0.00495349178815741 0.010555243795708949 0.012331147531474526 0.013162763782674555 0.012234812442233968 0.014444060816467893 0.018399453511294094 0.0076109562771059696 0.007664645333220091 0.013706680781520946 0.019886029817063576 0.011025219326083482 0.014168492325793121 0.01241722692317721 0.009962151369717684
0.0 0.0 0.2828018161030988 0.21055535397178515 1.0457105493014782 0.0 0.0 0.0 0.0 0.0 0.0 0.0 0.0 1.0159416705971938 0.38766179283211954 0.2664581273862103 0.24057560686607596 0.0 6.581342883868407 6.90380471284626 7.10696770252884 7.150112841461689 7.49260653154245 7.33905179003921 7.201807897348517 7.266756364143943 8.118245554380342 8.664054134047147 7.507244279737943 1.8306151056970286 0.15485286057015357 0.16011661820716266 0.060669861956855635 0.025237157698403564 0.011129787103147824 0.012524112463346785 0.009129602943849877 0.00892540467225795 0.008530488162469391 0.009150831569262488 0.014064793618958635 0.013096161482981367 0.016951913739217516 0.014038800357569221 0.015995151771735674 0.016809272904724584 0.018617542527688664 0.01035192579598304 0.016879278687124702 0.016662785243264283 0.014616700598582059 0.011364750332385327 0.010261175615214592 0.011689480140156626
0.0 0.23551983276094324 0.06449994689133269 0.05149370419535206 0.34678673325387993 0.0 0.0 0.0 0.0 0.0 0.0 0.0 0.0 1.078710133024573 0.36995529222811674 0.2958023657884467 0.24095218117141867 0.8676897976170868 6.742222170938952 6.812427025312445 6.647484129090462 7.411343927455492 7.737461674525139 7.670618632398619 7.092252889641024 7.540724128941994 8.145549708928426 8.615146537642318 7.38388073098754 7.389780339192352 0.32856342754032836 0.06181358128496347 0.02360616032696482 0.011758579877132847 0.010335960400856228 0.008452810241317115 0.006981988976491022 0.008308584880470498 0.011622114118598882 0.010625320318297132 0.012568860006725574 0.011924741897366814 0.011414845233757891 0.013449955421417976 0.01617407024667625 0.03663007029931909 0.015601463518157017 0.014708074768144562 0.009778540926674632 0.01160697325741175 0.009326263311566102 0.01319492848412796 0.011813972268814992 0.01175477822471826
0.23923161203004137 0.08442449385049143 0.03584587859971249 0.0577918032145028 1.1257246382892314 0.0 0.0 0.0 0.0 0.0 0.0 0.0 0.0 0.0 0.28648497833842623 0.06398388915229833 0.05122952796696564 0.2786396266499396 1.4897921799106584 7.148765709819335 6.260285827652393 7.8041842194356255 7.62739634911739 7.931437378634141 8.077971571559937 8.005409127775676 8.208899463539872 7.998041163455141 7.443457295014403 7.423633286316452 0.14400519457794925 0.026241053933522128 0.011070119534113469 0.011023916050815524 0.007933329246076846 0.007263261959027976 0.008861778279501914 0.011321881976809486 0.01213793402732475 0.009905805758108201 0.008593337016102792 0.011066109305121537 0.010362719287551352 0.014524568140669734 0.016047696665154574 0.03972872697186458 0.03463478854484231 0.013730729501657468 0.01710550229762716 0.013479928771422537 0.013193763416438726 0.03265187859284658 0.03990026392313747 0.018010000315751912
0.0327505460997926 0.02739679673479007 0.03479920084374665 0.2563229908658245 0.0 0.0 0.0 0.0 0.0 0.0 0.0 0.0 0.0 1.210655841524569 0.07779815320112006 0.03495876328935794 0.11816690197158732 0.3072106147505441 1.5426375651780808 7.000721038305187 1.5179821710906045 0.30970727272236764 0.14257736403501486 0.6227750194317316 8.411767823004137 8.3319201800437 8.098354670813508 7.968563381555936 7.6124542485060385 7.528426649227582 0.7045232041952619 0.024036611407471178 0.011092217640363633 0.009287315662675879 0.007624560063651148 0.008739639258303379 0.010127528761828233 0.009187257657564495 0.01008354521883548 0.008788210952435574 0.008615844682737612 0.011013747193700211 0.010837521498287822 0.006629748997062177 0.006913194898899889 0.024740668009114064 0.019412754233750686 0.016496185390876387 0.014985271170953636 0.03326128157024811 0.02771167618095244 0.034830445125036906 0.03815400500702166 0.03834077590595271
0.0069683921287399175 0.036270898176253626 0.05820481994910376 1.1915081958832767 0.0 0.0 0.0 0.3802925458622463 0.3404321309183216 1.0455519030321792 0.0 1.2001861375957539 0.9554207119608912 0.344523637812872 0.2376195413424918 0.05920445774235208 0.12065695004802499 0.3113112789297457 0.6287832989556985 1.495030382794871 0.1413359422863319 0.0564510929169455 0.057460682717608194 0.1342181841502305 0.34200173144034934 0.7223566027657381 8.714778602060036 7.875948833098995 7.4173290208510885 7.457736425690307 7.9783871454354625 1.9144724367338368 0.02321886123528575 0.009552455939296637 0.009383157771523983 0.012526356614904956 0.025292182836266067 0.010915691935203585 0.007977016433097053 0.010464828446048947 0.010182494563998194 0.02659528854975766 0.015865747233329817 0.013932550129820039 0.009955402552434172 0.02971144152770306 0.019423405635879753 0.01996873435871794 0.018314791270422917 0.03589547982209623 0.025059096789196152 0.0292353830637043 0.02726431430774075 0.016607557013794204
0.00942588601230067 0.03544760607714763 0.26436866471374126 0.0 0.0 0.0 0.360029166528259 0.24624786978333502 0.22533164468484723 0.20780051477309552 0.31027601939686994 1.0382264963332293 0.24240131204144144 0.3142325471137244 0.517195113455054 0.5708434919995161 0.13454175885020647 0.13532755806884827 0.6218748873472475 0.12842090915717796 0.02262534443784035 0.021707727389126907 0.016513748739668748 0.015691437898753033 0.057544225027439236 0.370009586618814 1.984091353874118 6.933723641227207 7.457058437243736 7.7932716596561065 7.921749197399302 2.1517290689061483 0.625709329736218 0.3052887892331137 0.335033103252373 0.6434974139806284 0.6624128038465307 0.059920436391071495 0.0238783266843275 0.1384116405287858 0.1519166995598267 0.7035584596773031 0.4006717797598068 0.18287972649829598 0.39561281059432235 0.07941217407735901 0.038995057228797446 0.019524629931268564 0.017137224935742733 0.018756558679644517 0.031098376075274985 0.01185042242618751 0.01677396459040203 0.015335151539600519
0.044508460378195516 0.0391102149372685 0.2589791627796874 0.0 0.0 0.0 0.2656045275217581 0.059318777472860254 0.03463721609963977 1.0549853333745178 0.9763561907511568 0.3150288219856991 0.32770099329455893 0.6759914139271476 1.63446904566998 1.7553774306492336 1.592351044530483 1.6712881763507401 1.5182949013908857 0.2750417159795257 0.05515085356675932 0.12616781050529854 0.11667503715526355 0.04829304770569298 0.021586533849199934 0.13776465895606596 1.5792749103987418 7.0015130992212775 7.473518294266095 8.335626123658082 7.469192157128767 0.6494249544830248 0.15981335150435635 0.1373481658859313 2.117667917955379 2.43305151748309 0.6706641497783564 0.37268079710204255 0.18751821428778956 0.7037133198046606 0.730819350940507 0.6873717011701773 0.4150237120743178 0.4138346707070253 0.6736374604113848 0.03145098855466488 0.016922251511494263 0.040309408598753045 0.018948980050632135 0.01714639532881148 0.01208954252764999 0.012279437291425105 0.014187197811761781 0.011360607962604491
0.06357815080890242 0.27188826410064987 0.0 0.0 0.0 0.0 0.0 0.0 0.0 0.0 0.0 1.1322252470269476 0.954701611398918 0.5690312215310446 0.5892618318222971 1.6165144992063736 6.715453951226516 6.6874999601261855 5.973434598050739 1.6465382381395757 0.1483698869629511 0.13445377938521513 0.6314412393351557 0.3518072144823536 0.12430912145758032 0.5759152047520344 7.757639131501637 7.80019833529453 7.738985314225945 7.386361168110138 1.6761897931537373 0.14300825573945916 0.05795546433894522 0.13304699481982926 0.7077826923819833 2.6078120785757832 0.6176649510567159 0.32867061542013837 0.7832571542718584 0.7901408569218789 0.7901293372104518 0.7702430836802182 0.7478203428861594 0.40417233827783583 0.3781498375944934 0.0364482350304512 0.035145632259357434 0.044070021411862725 0.020689161860768593 0.016338986577989285 0.012479987642892714 0.010304037120509696 0.010973085399682456 0.010843640894029994
1.0751584021928222 0.0 0.0 0.0 0.0 0.0 0.0 0.0 0.0 0.0 0.0 0.0 0.665036467934693 0.611127559630078 0.6266365882035425 1.6489662665693845 6.113121848189129 6.717386358250152 7.215207014978647 7.773750944030242 7.949777875309728 6.216163363959929 7.8373364244197 1.7781546962675796 1.5301801654731266 6.877473121999032 7.151415591181948 7.478814426629143 2.200887618439896 1.8302107557762632 0.3212998384337475 0.060680126252660234 0.018743781017562702 0.12472847787270981 0.7002579818178332 0.6762540071994904 0.6162510916001375 0.34147504183812993 0.40124613105208096 0.40458494630027775 0.7492480092274235 0.7972434089027663 0.6830725131992091 0.06830918687822583 0.02340906036744678 0.4397796667405095 0.07849629915034032 0.032807509986285795 0.036674027983405286 0.018784447881468377 0.01820051916098514 0.01667406287686447 0.007974887451405885 0.008113990997419399
0.2680802069754801 0.3487475248360714 0.0 0.0 0.0 0.0 0.0 0.0 0.0 0.0 0.0 0.0 0.6457703424299542 0.6513461042302127 1.4029000929997961 6.990643966897722 6.175105219291477 6.533451019354959 7.460791043688468 7.214939650853808 7.947838037732096 7.3694063277340875 1.9843718629006424 0.7294211319855992 2.0216520983464723 7.066672180411682 6.979242845286139 1.8687599228525904 0.3582488969399673 0.15187550898722815 0.15000810385363725 0.021005871738247976 0.01850373000278531 0.1499008254411185 0.6615526157826469 0.33303698245731683 0.31136397084064854 0.15905939232880886 0.21832301825464231 0.4284054108396219 0.8022946633892117 0.8556573300349842 0.8668011465872502 0.0319882385575661 0.032252430277222084 0.21796805319284634 0.48023361247992624 3.558515269037288 0.2244968808348801 0.0394927722466312 0.03721536454038781 0.028955261229464013 0.024185192671477698 0.008492768169322274
0.04742454289651421 0.26248392757839106 0.0 0.0 0.0 0.0 0.0 0.0 0.0 0.0 0.0 0.0 0.6619955595846526 0.6345777027337389 0.587351941330916 6.7424139346747545 6.998239634079934 7.314195069606206 6.593256510467407 6.527011599562703 8.146155810067393 7.70719826418502 1.6893486208482498 0.7180379626124438 0.6743305572869012 0.6419780694199553 2.060791681212271 0.35989445856936686 0.06499317261604798 0.022875051125313666 0.05916222570278264 0.058159884180563316 0.13645990193444613 0.34095816199517703 0.6501668259175506 0.16017021620431732 0.17411038169111417 0.4635614083953976 0.45632782811488715 0.8026959180721247 2.8193758517164538 3.8548408091334907 0.4373872707928039 0.19316058276687978 0.19276916577558828 0.4192625239208564 0.8671561575411874 0.8811757887900166 0.41783304807397326 0.07244574999737433 0.037790025971542754 0.03982263483320418 0.03144150120214878 0.016056984812570653
0.03825133975837139 0.03883408966273448 0.0 0.0 0.0 0.0 0.0 0.0 0.0 0.0 0.0 7.936771845868587 2.0542550208388453 1.91367997274618 8.110799498237538 6.848820893726235 6.791140237225137 8.37553926949005 7.681616076717164 7.006347585995596 7.834744957427009 7.312041297008359 7.924134001947998 0.7633689005267511 0.3275025722588788 0.3219048154737804 0.684012962683016 0.1567384610607462 0.024517994869502454 0.021341534690473726 0.021050408068174226 0.3480306149822809 0.30697215696642904 0.3332389879865688 0.32393615170694934 0.19884429327486236 0.45636289796320584 0.8242950639779977 0.8715941935221766 0.841980503934403 2.783124823959064 3.0583916913670812 0.7974127721270771 0.20803374489524828 0.21050633065281293 0.4588213186360514 0.4765072356263695 0.2346801034871812 0.21018896111651425 0.03674742094793454 0.034171073585807434 0.03172969551171517 0.03252234007110256 0.01506356012191142
0.03956868588596297 0.06991014245780754 0.0 0.0 0.0 0.0 0.0 0.0 0.0 0.0 8.520758583184556 8.421131285816866 8.27802333872856 7.846673276358748 6.812622711500512 7.663849382400798 7.6469404413087885 8.367714546189497 8.216565672575424 7.224449895377315 7.557519383663666 7.2258112331852296 2.0235855936671974 0.7337798439989757 0.4002771126344765 0.3795150444764225 0.36517452376270404 0.15331402903783795 0.01839989679273576 0.017963851876767994 0.01947288685982015 0.17204712671876493 0.15992075638885028 0.15478355876033598 0.18374018283547996 0.1804569482474707 0.7528501691316556 0.8379577548400008 0.828541440852379 2.97066927386595 0.7441896844004757 0.8167450025262439 0.22978275661705147 0.07803368041818211 0.21271731025865012 0.4161923791944555 0.22359276551469198 0.2510847453190255 0.1955013107565215 0.026180971447265697 0.029791879916889183 0.015598251452148831 0.029525068032671558 0.0149822122377242
0.41653642545077446 0.0 0.0 0.0 0.0 0.0 0.0 0.0 0.0 9.504961188619145 7.780298345841641 8.099936527690106 8.396988136774178 8.750661145220167 6.932337027608546 7.955506615447901 7.566842957079398 8.25251800277347 8.318024270819198 7.728010668517538 8.042587829336075 7.6292620693357565 8.743818245284961 2.10523011313903 0.35490023697790757 0.36132158686511956 0.3670187382592761 0.14652785802529783 0.024293974328442238 0.021675499930086207 0.0550716112493375 0.1747599562694146 0.3272079375588809 0.1910098013493042 0.44403284771779505 0.8160306469201103 0.7717447306044765 2.550209996440944 2.5175984918870604 0.7989472524762169 0.4396714367237684 0.44895112257913 0.036577162549607994 0.009429311881679944 0.02538736199359565 0.022170351510743806 0.02106331207546239 0.024414818143957403 0.0239018935309237 0.025374558100638368 0.032015693499855225 0.019204300437048637 0.015543171529575255 0.011761086162785383
1.0887876736172457 0.0 0.0 0.0 0.0 0.0 0.0 0.0 0.0 7.669499605535304 7.848781682777401 7.503723571300635 8.592728547637744 8.233261959134454 8.108859513791192 8.0431105687653 7.341627946501659 8.470947491639254 8.433904277576952 7.527087963236808 8.254204164291764 8.046508603613184 9.36042729833683 2.0513001037280443 0.3534960237230154 0.35018562314078 0.15867547000798568 0.15232218660317873 0.02262431212025259 0.00795054962522906 0.01764222437091835 0.06353555231521618 0.027389500631231675 0.18073084113704255 0.7558617283325253 0.820752675897597 0.8431895116067654 0.8168660445549518 0.812196853258639 0.3919424279858139 0.06898689771695649 0.02856127335015235 0.007407130050225757 0.0057980248109340705 0.006460638583844896 0.010130067888082385 0.06238269273048494 0.0610477884534432 0.02837036009440133 0.07620357245429103 0.03368076105724116 0.03082260110375215 0.01488307024800604 0.012946971637666565
