data/moz/moz_traveltime.asc
ncols         234
nrows         368
xllcorner     195196.26821073
yllcorner     7004178.4200866
cellsize      5000
NODATA_value  -9999
[rows 245 to 279 of 368, columns 0 to 78 of 234]
-9999 -9999 -9999 -9999 -9999 -9999 -9999 -9999 -9999 -9999 -9999 -9999 -9999 -9999 -9999 -9999 -9999 -9999 -9999 -9999 -9999 -9999 -9999 -9999 -9999 -9999 -9999 -9999 -9999 -9999 -9999 -9999 -9999 -9999 -9999 -9999 -9999 -9999 -9999 -9999 -9999 -9999 -9999 7897 9587 9892 9812 10511 11270 11368 10858 10442 9945 9780 9329 9073 8544 8300 8222 8031 7733 8206 8787 8906 9055 9395 8881 9201 9617 9066 7630 7381 8175 7922 8268 8394 8305 8284 7577
-9999 -9999 -9999 -9999 -9999 -9999 -9999 -9999 -9999 -9999 -9999 -9999 -9999 -9999 -9999 -9999 -9999 -9999 -9999 -9999 -9999 -9999 -9999 -9999 -9999 -9999 -9999 -9999 -9999 -9999 -9999 -9999 -9999 -9999 -9999 -9999 -9999 -9999 -9999 -9999 -9999 -9999 8361 9984 10438 10310 11118 11756 11351 11442 11036 10597 10360 9987 9896 9084 8967 8528 8326 7930 8265 8329 8648 9310 9861 9323 8314 8385 8179 7946 7344 6895 7140 7240 7750 8408 9069 8682 7201
-9999 -9999 -9999 -9999 -9999 -9999 -9999 -9999 -9999 -9999 -9999 -9999 -9999 -9999 -9999 -9999 -9999 -9999 -9999 -9999 -9999 -9999 -9999 -9999 -9999 -9999 -9999 -9999 -9999 -9999 -9999 -9999 -9999 -9999 -9999 -9999 -9999 -9999 -9999 -9999 -9999 8206 9938 11103 10696 11529 12386 13003 12081 11417 11155 10844 10670 10274 9670 9455 9100 8871 8243 8841 8982 9084 9355 9326 8968 8543 8070 7747 7315 6842 6735 6362 6564 7615 8424 9031 9120 8425 6986
-9999 -9999 -9999 -9999 -9999 -9999 -9999 -9999 -9999 -9999 -9999 -9999 -9999 -9999 -9999 -9999 -9999 -9999 -9999 -9999 -9999 -9999 -9999 -9999 -9999 -9999 -9999 -9999 -9999 -9999 -9999 -9999 -9999 -9999 -9999 -9999 -9999 -9999 -9999 -9999 -9999 9632 10981 11098 12037 12996 13922 13896 12481 11827 11304 11045 10883 10163 10213 9648 9387 8664 8763 9959 10467 10439 10468 10269 9880 9504 9316 9048 8525 7542 6623 6171 5984 6415 6978 7488 7411 7195 6393
-9999 -9999 -9999 -9999 -9999 -9999 -9999 -9999 -9999 -9999 -9999 -9999 -9999 -9999 -9999 -9999 -9999 -9999 -9999 -9999 -9999 -9999 -9999 -9999 -9999 -9999 -9999 -9999 -9999 -9999 -9999 -9999 -9999 -9999 -9999 -9999 -9999 -9999 -9999 -9999 8863 10518 10599 11644 13131 14181 14927 14165 12752 11859 12075 11279 10807 10639 10151 9989 9186 8814 9794 10927 11826 11925 11961 11752 11364 10967 10736 10467 9686 8608 7987 7258 6428 5806 5751 6064 6042 5958 5741
-9999 -9999 -9999 -9999 -9999 -9999 -9999 -9999 -9999 -9999 -9999 -9999 -9999 -9999 -9999 -9999 -9999 -9999 -9999 -9999 -9999 -9999 -9999 -9999 -9999 -9999 -9999 -9999 -9999 -9999 -9999 -9999 -9999 -9999 -9999 -9999 -9999 -9999 -9999 7982 9821 10096 10968 11973 13114 14105 14316 13271 12432 13107 13323 12215 11242 10622 10602 10008 9349 9326 10741 12110 13155 13586 13621 13407 13020 12645 12447 11932 10949 10275 9561 8710 7823 7024 6258 5670 5307 5529 5761
-9999 -9999 -9999 -9999 -9999 -9999 -9999 -9999 -9999 -9999 -9999 -9999 -9999 -9999 -9999 -9999 -9999 -9999 -9999 -9999 -9999 -9999 -9999 -9999 -9999 -9999 -9999 -9999 -9999 -9999 -9999 -9999 -9999 -9999 -9999 -9999 -9999 -9999 7122 9282 9713 9981 10316 10921 11877 12752 13072 12647 13409 14358 14336 13336 12262 11073 10400 10672 9570 9499 11039 12641 14081 14952 15051 14835 14445 14071 13776 13007 12328 11627 10774 9935 9091 8082 7067 5930 5512 5184 5705
-9999 -9999 -9999 -9999 -9999 -9999 -9999 -9999 -9999 -9999 -9999 -9999 -9999 -9999 -9999 -9999 -9999 -9999 -9999 -9999 -9999 -9999 -9999 -9999 -9999 -9999 -9999 -9999 -9999 -9999 -9999 -9999 -9999 -9999 -9999 -9999 -9999 6154 8547 10002 10935 11153 11222 11281 11356 11750 12110 12761 13943 14963 15333 14512 13265 12000 10829 10231 9564 9702 11219 12811 14059 14682 15195 15836 16097 15727 15198 14513 13848 12949 11821 10539 9069 7591 6466 6365 6548 5525 5033
-9999 -9999 -9999 -9999 -9999 -9999 -9999 -9999 -9999 -9999 -9999 -9999 -9999 -9999 -9999 -9999 -9999 -9999 -9999 -9999 -9999 -9999 -9999 -9999 -9999 -9999 -9999 -9999 -9999 -9999 -9999 -9999 -9999 -9999 -9999 -9999 5725 7825 8633 9313 10421 11710 12595 12968 12850 12798 12655 12605 12997 13928 14518 14556 13731 12875 11679 10420 9623 9853 11368 12610 12856 13202 13906 15310 16081 15520 15251 15070 14780 13555 12004 10459 8908 7465 7304 7882 7719 6640 5705
-9999 -9999 -9999 -9999 -9999 -9999 -9999 -9999 -9999 -9999 -9999 -9999 -9999 -9999 -9999 -9999 -9999 -9999 -9999 -9999 -9999 -9999 -9999 -9999 -9999 -9999 -9999 -9999 -9999 -9999 -9999 -9999 -9999 -9999 -9999 5041 7368 9025 10026 10281 10461 11071 11872 12944 13644 14199 14116 13886 13456 12949 13105 13128 12515 11814 11193 10565 9988 10021 11197 11307 11574 12053 13257 14651 14552 13980 13708 13576 13685 13361 12391 11070 9632 8672 8676 9297 8708 7779 6908
-9999 -9999 -9999 -9999 -9999 -9999 -9999 -9999 -9999 -9999 -9999 -9999 -9999 -9999 -9999 -9999 -9999 -9999 -9999 -9999 -9999 -9999 -9999 -9999 -9999 -9999 -9999 -9999 -9999 -9999 -9999 -9999 -9999 -9999 4411 6486 8298 9826 11334 11894 12033 12359 12798 13363 13816 14743 15757 15609 14717 13506 12531 12016 11687 11452 11244 10748 10173 9985 10460 11131 12124 12880 13655 13669 12954 12380 12108 11961 12024 11740 11171 10790 10571 10259 10303 10537 9865 9052 8042
-9999 -9999 -9999 -9999 -9999 -9999 -9999 -9999 -9999 -9999 -9999 -9999 -9999 -9999 -9999 -9999 -9999 -9999 -9999 -9999 -9999 -9999 -9999 -9999 -9999 -9999 -9999 -9999 -9999 -9999 -9999 -9999 -9999 4039 5691 7515 9053 10630 12199 13449 13680 13945 14391 14857 15040 14904 16202 16792 15646 14561 13636 13128 12984 12674 11399 10674 10331 10416 11324 11059 11861 12742 13300 12599 11575 10952 10678 10530 10590 10323 9738 9381 9432 9504 9625 9571 8858 8356 7562
-9999 -9999 -9999 -9999 -9999 -9999 -9999 -9999 -9999 -9999 -9999 -9999 -9999 -9999 -9999 -9999 -9999 -9999 -9999 -9999 -9999 -9999 -9999 -9999 -9999 -9999 -9999 -9999 -9999 -9999 -9999 -9999 4713 5717 6232 7735 9388 11040 12665 14245 15141 15507 15963 16436 16472 15859 16095 16913 16350 15818 15248 14759 14019 12553 11283 11540 10662 10563 11733 11901 10984 11461 12351 11349 10264 9314 8975 8816 8906 8704 8187 7717 7754 7866 8010 8154 7366 7015 6529
-9999 -9999 -9999 -9999 -9999 -9999 -9999 -9999 -9999 -9999 -9999 -9999 -9999 -9999 -9999 -9999 -9999 -9999 -9999 -9999 -9999 -9999 -9999 -9999 -9999 -9999 -9999 -9999 -9999 -9999 -9999 5184 6095 6358 6259 7481 9115 10785 12360 13961 15534 16674 17201 17721 17864 17262 16121 15680 15208 15199 15099 14591 13792 12697 11631 12234 11260 10200 10574 11210 10538 11354 11418 10488 9275 9041 8654 8054 7710 7493 7263 7055 6829 6661 6575 6786 6474 6608 6406
-9999 -9999 -9999 -9999 -9999 -9999 -9999 -9999 -9999 -9999 -9999 -9999 -9999 -9999 -9999 -9999 -9999 -9999 -9999 -9999 -9999 -9999 -9999 -9999 -9999 -9999 -9999 -9999 -9999 -9999 -9999 6799 7355 7020 6512 7155 8770 10383 11869 13402 14901 15467 16031 16631 17303 17776 16519 15278 14309 13756 13600 13416 12778 12425 11916 12588 12069 10841 9938 10215 10316 10321 9967 9295 8611 8470 8327 8306 8436 8291 8092 8275 7516 7366 6831 6183 6020 5716 5557
-9999 -9999 -9999 -9999 -9999 -9999 -9999 -9999 -9999 -9999 -9999 -9999 -9999 -9999 -9999 -9999 -9999 -9999 -9999 -9999 -9999 -9999 -9999 -9999 -9999 -9999 -9999 -9999 -9999 -9999 6168 6485 7769 8013 7177 6694 8053 9537 11096 12685 13785 13766 14299 14951 16219 17670 17457 16203 14651 13348 12878 12516 13052 13023 11833 12598 12874 11670 10280 9548 9484 9166 8985 8891 9182 9387 9563 9760 9964 9852 9695 9572 8629 7893 7764 6546 7067 6948 6725
-9999 -9999 -9999 -9999 -9999 -9999 -9999 -9999 -9999 -9999 -9999 -9999 -9999 -9999 -9999 -9999 -9999 -9999 -9999 -9999 -9999 -9999 -9999 -9999 -9999 -9999 -9999 -9999 -9999 5535 4689 6151 7692 8063 7113 6674 7307 8872 10477 12020 12411 12237 12847 14051 15585 17105 17838 16337 14795 13683 12993 12194 12046 12062 11456 12020 12112 11135 10072 9795 9549 9747 10059 10224 10563 10875 11049 11247 11458 11326 11123 10708 9429 8361 7913 6990 8197 8393 7966
-9999 -9999 -9999 -9999 -9999 -9999 -9999 -9999 -9999 -9999 -9999 -9999 -9999 -9999 -9999 -9999 -9999 -9999 -9999 -9999 -9999 -9999 -9999 -9999 -9999 -9999 -9999 -9999 5316 4258 5165 6645 7310 6728 6299 7286 7077 8275 9805 11212 10916 10653 11767 13299 14820 16338 17662 16802 15373 14690 13957 13039 12164 11401 10906 11071 10808 10165 10309 11010 10542 10213 10261 11027 11563 11981 12365 12834 13119 12994 12760 11668 10140 8893 8119 7463 8942 9229 7861
-9999 -9999 -9999 -9999 -9999 -9999 -9999 -9999 -9999 -9999 -9999 -9999 -9999 -9999 -9999 -9999 -9999 -9999 -9999 -9999 -9999 -9999 -9999 -9999 -9999 -9999 -9999 5245 4266 4815 5772 6262 5919 5786 6854 8354 7688 7602 9018 10193 9649 9646 11183 12733 14281 15816 16659 16216 15575 14984 14353 13730 12899 11432 10540 10635 10589 10955 11585 12264 11960 11427 10421 9986 10308 10760 11535 12807 13987 14392 13774 12290 10924 9922 8550 7738 8934 8770 7319
-9999 -9999 -9999 -9999 -9999 -9999 -9999 -9999 -9999 -9999 -9999 -9999 -9999 -9999 -9999 -9999 -9999 -9999 -9999 -9999 -9999 -9999 -9999 -9999 -9999 -9999 3710 3903 4596 5422 5776 5691 5088 6058 7584 9050 8558 7565 8363 8959 8865 9933 11459 13006 14543 15458 15141 14660 14010 13409 12830 12372 11937 10776 10626 11594 11916 12588 13174 13828 13585 12606 11493 10582 9932 9545 10595 11866 13241 14628 14485 13142 12122 10795 9529 8269 8911 8072 7505
-9999 -9999 -9999 -9999 -9999 -9999 -9999 -9999 -9999 -9999 -9999 -9999 -9999 -9999 -9999 -9999 -9999 -9999 -9999 -9999 -9999 -9999 -9999 -9999 -9999 -9999 2687 3651 3814 4198 4403 4597 5347 6077 7080 8649 9393 8284 7812 8501 9643 10960 12250 13722 14534 14077 13531 13138 12468 11882 11286 10834 10704 10094 10920 12255 12608 13559 14582 15269 14723 13632 12667 11875 10879 9455 9745 11072 12523 13432 14172 14233 12920 11520 10022 8653 8400 8046 8705
-9999 -9999 -9999 -9999 -9999 -9999 -9999 -9999 -9999 -9999 -9999 -9999 -9999 -9999 -9999 -9999 -9999 -9999 -9999 -9999 -9999 -9999 -9999 -9999 -9999 -9999 3042 4527 4906 4909 5043 4555 5318 6355 6871 8045 9344 9136 8099 8549 10054 11452 12705 13727 13259 12643 12094 11911 11047 10478 9913 9677 9844 10104 11030 11910 12819 13609 14679 15844 15411 14730 14004 12910 11416 9845 9183 10379 11295 12028 12925 13851 13146 11725 10193 8896 8953 9322 10000
-9999 -9999 -9999 -9999 -9999 -9999 -9999 -9999 -9999 -9999 -9999 -9999 -9999 -9999 -9999 -9999 -9999 -9999 -9999 -9999 -9999 -9999 -9999 -9999 -9999 -9999 2757 4523 6052 6541 6447 5374 4733 5188 6112 7179 7892 8860 8931 8241 9261 10483 11714 12741 11956 10949 10373 10372 9721 9166 9515 10392 10966 10982 10874 11071 11832 13115 14480 15050 14356 14261 14220 13193 11691 10090 8897 9221 9840 10691 11775 12237 11895 11158 9758 9289 10265 11045 11555
-9999 -9999 -9999 -9999 -9999 -9999 -9999 -9999 -9999 -9999 -9999 -9999 -9999 -9999 -9999 -9999 -9999 -9999 -9999 -9999 -9999 -9999 -9999 -9999 -9999 -9999 -9999 4088 5974 7414 7631 6661 6021 5372 5388 6547 6620 7923 9287 8567 8319 9518 10795 11708 11064 9822 8954 8973 8923 9583 10469 11513 12360 12388 12248 12049 11660 12409 13923 15303 14455 13308 12858 12237 11557 10297 8934 8810 9399 9835 10538 10862 10593 10201 9730 10359 11217 12324 11818
-9999 -9999 -9999 -9999 -9999 -9999 -9999 -9999 -9999 -9999 -9999 -9999 -9999 -9999 -9999 -9999 -9999 -9999 -9999 -9999 -9999 -9999 -9999 -9999 -9999 -9999 -9999 3300 5408 7144 8492 8297 7559 6517 5527 5557 5901 7204 8725 9094 7913 8601 9799 10305 9768 8844 8464 9192 9757 10713 11812 12770 13829 14108 13953 13701 12809 12330 13583 14646 14803 13730 12747 11748 10652 9847 9085 8385 8468 9166 9969 10725 11280 10620 10348 11492 12510 12520 11157
-9999 -9999 -9999 -9999 -9999 -9999 -9999 -9999 -9999 -9999 -9999 -9999 -9999 -9999 -9999 -9999 -9999 -9999 -9999 -9999 -9999 -9999 -9999 -9999 -9999 -9999 -9999 3241 5049 6658 8248 9484 8926 7883 7068 6577 5893 6387 7571 8914 8386 7750 8606 8693 8342 8081 8882 10332 11192 11840 12857 13959 14856 15473 15379 14786 13384 12684 12853 13302 13852 14084 13165 11850 10331 9147 8748 8299 8027 8019 8788 9707 10838 11108 11315 12170 12037 11426 10425
-9999 -9999 -9999 -9999 -9999 -9999 -9999 -9999 -9999 -9999 -9999 -9999 -9999 -9999 -9999 -9999 -9999 -9999 -9999 -9999 -9999 -9999 -9999 -9999 -9999 -9999 -9999 -9999 4396 6280 7738 9356 10193 9402 8688 7832 6800 6082 6669 8104 8329 7436 7553 7624 7933 8703 9768 11088 12486 13332 14016 15068 16192 16932 16773 15617 14658 14246 13372 12467 12463 12922 11985 11049 10193 9324 9308 8956 8308 7805 7617 8618 9655 10602 11595 11288 10531 9935 9358
-9999 -9999 -9999 -9999 -9999 -9999 -9999 -9999 -9999 -9999 -9999 -9999 -9999 -9999 -9999 -9999 -9999 -9999 -9999 -9999 -9999 -9999 -9999 -9999 -9999 -9999 -9999 -9999 4011 5602 7103 8616 9815 10771 10059 9035 8021 7131 6401 7324 7642 7262 7516 8406 9194 10024 11038 12026 13318 14727 15527 16180 17285 18309 17763 16785 16179 15429 14096 12594 11853 11853 10980 10284 10064 10157 10673 9960 9102 8155 7372 7500 8392 9463 10169 10170 9033 8270 7695
-9999 -9999 -9999 -9999 -9999 -9999 -9999 -9999 -9999 -9999 -9999 -9999 -9999 -9999 -9999 -9999 -9999 -9999 -9999 -9999 -9999 -9999 -9999 -9999 -9999 -9999 -9999 -9999 3352 5051 6364 7420 8988 10620 11235 10298 9378 8363 6985 6870 6945 7776 7961 8001 9454 10898 12037 13137 14136 15477 16734 17390 18133 19064 18838 18269 17448 16009 14430 12876 11741 11312 11143 11457 11572 11677 11945 11206 10241 9135 8064 7066 7540 8216 8741 9071 8095 6937 6281
-9999 -9999 -9999 -9999 -9999 -9999 -9999 -9999 -9999 -9999 -9999 -9999 -9999 -9999 -9999 -9999 -9999 -9999 -9999 -9999 -9999 -9999 -9999 -9999 -9999 -9999 -9999 -9999 -9999 4219 5316 6785 8435 10048 11217 10561 9730 8462 7214 6532 7166 8603 8934 7995 8778 10308 11654 12860 14102 15196 15879 16536 17228 18047 18859 19295 18245 16709 15152 13898 13022 12704 12697 13039 13217 13306 13238 12027 10558 9042 7780 6850 7476 6742 7080 7756 7069 5832 4960
-9999 -9999 -9999 -9999 -9999 -9999 -9999 -9999 -9999 -9999 -9999 -9999 -9999 -9999 -9999 -9999 -9999 -9999 -9999 -9999 -9999 -9999 -9999 -9999 -9999 -9999 -9999 -9999 -9999 3514 5009 6596 8285 9818 9870 9043 8125 7372 6402 6898 7136 8388 9542 8697 8249 9495 10737 11954 13098 13840 14492 15157 15996 16810 17595 18333 18668 17349 16006 15079 14433 14132 14127 14488 14647 14371 13034 11498 9975 8394 6970 6877 7879 6555 5922 6497 6173 5095 5404
-9999 -9999 -9999 -9999 -9999 -9999 -9999 -9999 -9999 -9999 -9999 -9999 -9999 -9999 -9999 -9999 -9999 -9999 -9999 -9999 -9999 -9999 -9999 -9999 -9999 -9999 -9999 -9999 -9999 3171 5007 6723 8368 9101 8423 7668 6937 6393 6602 7973 8244 8197 9551 9538 8209 8554 9730 10868 11636 12257 12887 13709 14552 15343 16086 16954 17407 16910 16291 16162 16057 15844 15838 16170 15797 14307 12773 11227 9654 8131 6682 6939 8137 6937 5777 5527 5350 5454 6527
-9999 -9999 -9999 -9999 -9999 -9999 -9999 -9999 -9999 -9999 -9999 -9999 -9999 -9999 -9999 -9999 -9999 -9999 -9999 -9999 -9999 -9999 -9999 -9999 -9999 -9999 -9999 -9999 -9999 -9999 4711 6612 7852 7634 6915 6216 6102 6185 7389 8864 9715 9248 9388 10128 8743 7810 8730 9493 10118 10786 11576 12415 13227 13970 14901 15591 15997 15481 14877 14927 15515 16094 16618 16979 15833 14254 12726 11193 9629 8102 6619 6501 7899 7734 6764 5820 5459 6046 7320
-9999 -9999 -9999 -9999 -9999 -9999 -9999 -9999 -9999 -9999 -9999 -9999 -9999 -9999 -9999 -9999 -9999 -9999 -9999 -9999 -9999 -9999 -9999 -9999 -9999 -9999 -9999 -9999 -9999 -9999 3836 5683 6506 5989 5728 6122 6859 7153 8190 9600 10853 10574 10045 10352 9388 7952 7682 8043 8695 9426 10223 11054 11795 12739 13420 14253 14538 13881 13275 13324 13913 14569 15449 15824 15615 14088 12567 10992 9486 7964 6514 6046 6715 7241 6824 5949 6180 6130 7155
-9999 -9999 -9999 -9999 -9999 -9999 -9999 -9999 -9999 -9999 -9999 -9999 -9999 -9999 -9999 -9999 -9999 -9999 -9999 -9999 -9999 -9999 -9999 -9999 -9999 -9999 -9999 -9999 -9999 -9999 2892 4686 5599 5533 6416 7325 8268 8742 9398 10450 11845 12207 11767 11424 9986 8968 8021 7324 7281 8012 8822 9583 10507 11249 12060 13387 13480 12367 11734 11783 12396 13545 14168 14288 14744 14328 12872 11297 9773 8252 6808 5770 6819 7051 6676 6909 6946 7460 7966
