data/moz/moz_beta.asc
ncols	234
nrows	368
xllcorner	195196.26821073
yllcorner	7004178.4200866
cellsize	5000
NODATA_value	-9999
[rows 108 to 134 of 368, columns 61 to 121 of 234]
0.09084447293317197 0.08717440745839382 0.08393073346673575 0.0873353879402661 3718999207.2197657 0.08830903533954725 0.10059499792979204 0.0 0.0 0.11200635118311694 0.10703059980144598 0.09658961010085507 0.1099847479446585 0.10019517467209343 0.09856313711184073 0.0 0.0 0.0 0.10795179441697175 0.11435228679442844 0.11337704994516745 0.11940084912811286 0.11476072644079557 0.0 0.0 0.12335707887766557 0.12515947103683803 2856567820.078227 15456514.546689503 2889526263.756191 2565605726.175478 0.09060859362899636 0.09768023845298769 -9999.0 -9999.0 -9999.0 -9999.0 -9999.0 -9999.0 -9999.0 -9999.0 -9999.0 -9999.0 -9999.0 -9999.0 -9999.0 -9999.0 -9999.0 -9999.0 -9999.0 -9999.0 -9999.0 -9999.0 -9999.0 -9999.0 -9999.0 -9999.0 -9999.0 -9999.0 -9999.0 -9999.0
3300138937.9231753 0.09418327710137166 0.09844741116545327 0.08889035926961335 3648639662.802263 0.07267890638670875 0.10607292811258134 0.0 0.0 0.107256615640995 0.11354730537283597 0.10462198406947486 0.10349412619649981 0.09910305611830127 0.11765245349086675 0.0 0.0 0.0 0.10864602195749112 0.10981799622407495 0.09926051635158001 0.09269724633369612 0.11426461166724655 0.0 0.0 0.11562937630908558 0.10099864173480505 2237890471.006339 9356985.206715683 3128677982.387664 2872017060.59434 3527744867.5641656 0.0948544930126946 -9999.0 -9999.0 -9999.0 -9999.0 -9999.0 -9999.0 -9999.0 -9999.0 -9999.0 -9999.0 -9999.0 -9999.0 -9999.0 -9999.0 -9999.0 -9999.0 -9999.0 -9999.0 -9999.0 -9999.0 -9999.0 -9999.0 -9999.0 -9999.0 -9999.0 -9999.0 -9999.0 -9999.0
0.0993750479779729 0.08695640225160547 0.08389380445381621 0.08636447643519712 0.08381043720061576 0.08220041118764006 0.09324590877538737 0.0 0.0 0.10666129062088445 0.10958347330298752 0.10839222248935235 0.11461969018888411 0.11733759847028342 0.11703886061097385 0.0 0.0 0.0 0.0 0.10621819644403503 2820488228.466821 3225937770.9410157 3346455761.51483 0.08482539786249864 0.08050753680862197 0.08948396579806572 13756945.72087801 8032604.711372023 79024063.27040257 73325048.92549258 13468642.216155324 -9999.0 -9999.0 -9999.0 -9999.0 -9999.0 -9999.0 -9999.0 -9999.0 -9999.0 -9999.0 -9999.0 -9999.0 -9999.0 -9999.0 -9999.0 -9999.0 -9999.0 -9999.0 -9999.0 -9999.0 -9999.0 -9999.0 -9999.0 -9999.0 -9999.0 -9999.0 -9999.0 -9999.0 -9999.0 -9999.0
0.10104914114444605 0.08746616605457644 0.09659430420732196 0.07985878222313367 0.08707965133847535 0.07571051236425141 0.08530119353576207 0.09615982176575025 0.0 0.1012887719056174 0.0 0.0 0.0 0.11429484002177338 0.10649967450003883 0.0 0.1049206609746932 0.09481375375188794 0.0 0.09160423284443307 2951238305.5868063 1496974618.1314867 2970654618.383046 0.09538344796172163 0.08364313537907436 3077705402.375537 14114619.34336819 17245640.569544554 127821443.28197461 97209746.83111776 12828053.812798673 -9999.0 -9999.0 -9999.0 -9999.0 -9999.0 -9999.0 -9999.0 -9999.0 -9999.0 -9999.0 -9999.0 -9999.0 -9999.0 -9999.0 -9999.0 -9999.0 -9999.0 -9999.0 -9999.0 -9999.0 -9999.0 -9999.0 -9999.0 -9999.0 -9999.0 -9999.0 -9999.0 -9999.0 -9999.0 -9999.0
0.09577295896281939 0.08386786056352863 0.08800006844252986 0.08458387287672298 0.08255537840912482 0.08892105626783493 0.08505744938131168 0.08684034074075539 0.0 0.0 0.0 0.0 0.0 0.0 0.11946440883012048 0.100748590357259 0.10817283789434878 0.10797126075127285 0.08216676780924198 3144797046.8844557 2916588009.591217 2748367617.0642347 2605398401.9693403 0.09889011140220838 0.09074520933518891 3254727976.4419003 16973497.976957135 126566553.90275484 140250519.35079038 65215196.837526806 89539698.0914718 -9999.0 -9999.0 -9999.0 -9999.0 -9999.0 -9999.0 -9999.0 -9999.0 -9999.0 -9999.0 -9999.0 -9999.0 -9999.0 -9999.0 -9999.0 -9999.0 -9999.0 -9999.0 -9999.0 -9999.0 -9999.0 -9999.0 -9999.0 -9999.0 -9999.0 -9999.0 -9999.0 -9999.0 -9999.0 -9999.0
0.07527943357244372 0.08001162542792935 0.08227638903468058 0.07655836487805102 0.07001551605338807 0.0686603849125515 0.08929837282696444 0.08809031351184772 0.10360868254595991 0.0 0.0 0.0 0.0 0.0 0.11669061922847762 0.10887980497473992 0.1024824156317489 0.10957874134816185 3454278679.553231 3351770456.816204 3220700558.541064 3282862601.6451974 2674316958.8310795 3264525503.4903865 3159233586.3534017 15427902.38454978 13811646.72188518 144751869.94034827 103580842.02034678 73931122.07344489 78055011.46988982 4132495228.2044015 -9999.0 -9999.0 -9999.0 -9999.0 -9999.0 -9999.0 -9999.0 -9999.0 -9999.0 -9999.0 -9999.0 -9999.0 -9999.0 -9999.0 -9999.0 -9999.0 -9999.0 -9999.0 -9999.0 -9999.0 -9999.0 -9999.0 -9999.0 -9999.0 -9999.0 -9999.0 -9999.0 -9999.0 816801320.9413959
0.07152794056240407 0.0747077746794551 0.0800019932358959 0.07932540693320225 0.0747749599989912 0.07587214143768967 0.06819290381196245 0.0699351195234271 0.08701296696023851 0.09532385295742406 0.0 0.0 0.0 0.10497842689409634 0.11100920971607847 0.10700650725535867 0.10964803868502955 3393359749.851197 3114741643.228843 3168869779.4045553 3412893948.138305 3192628495.837982 3166461434.334643 3304642726.623331 2723845256.6192565 9163330.688607508 15273497.067308884 139324332.98214892 95688037.54194207 118925927.43468381 85700413.08138587 -9999.0 -9999.0 -9999.0 -9999.0 -9999.0 -9999.0 -9999.0 -9999.0 -9999.0 -9999.0 -9999.0 -9999.0 -9999.0 -9999.0 -9999.0 -9999.0 -9999.0 -9999.0 -9999.0 -9999.0 -9999.0 -9999.0 -9999.0 -9999.0 -9999.0 -9999.0 -9999.0 -9999.0 -9999.0 865881019.4588258
0.0881517215418967 0.0712245314828119 0.06960977039913989 0.08331856196111305 3776803431.316437 0.07411807750033866 0.07145196056028683 0.07036155610997816 0.07316369692749188 0.09601358710851293 0.0 388207298.37678546 0.0 0.0 0.11399108000766485 0.10817835627530872 0.09219355129621969 3189869259.8479447 3207030592.70651 3112358677.707897 0.0902368179968709 0.09039667315860103 3505987116.2091208 20316717.77080454 19960913.990909852 17304518.55799977 12114559.247081326 77288320.87873644 81978370.0787804 86928542.04911065 3218467908.8159156 -9999.0 -9999.0 -9999.0 -9999.0 -9999.0 -9999.0 -9999.0 -9999.0 -9999.0 -9999.0 -9999.0 -9999.0 -9999.0 -9999.0 -9999.0 -9999.0 -9999.0 -9999.0 -9999.0 -9999.0 -9999.0 -9999.0 -9999.0 -9999.0 -9999.0 -9999.0 -9999.0 -9999.0 -9999.0 126335527427.9072
0.08803648995379611 0.07675359877677883 0.06732562248096233 0.07673043056248169 3576993787.422603 3683769524.394026 0.07697624410321813 0.09590332057704996 0.07302365649868316 0.0740178454782182 0.08419856035224102 533108963.445584 0.0 0.0 0.0 0.11337727119023544 3197183090.744499 3142300510.227146 3134765885.8985424 3178761238.83864 0.08927597873855615 3285833311.608361 15764441.317975817 16083566.34250185 16312520.438852422 20786233.566587675 17029207.893998105 11369018.708835857 73615963.79666322 16187792.441205338 -9999.0 -9999.0 -9999.0 -9999.0 -9999.0 -9999.0 -9999.0 -9999.0 -9999.0 -9999.0 -9999.0 -9999.0 -9999.0 -9999.0 -9999.0 -9999.0 -9999.0 -9999.0 -9999.0 -9999.0 -9999.0 -9999.0 -9999.0 -9999.0 -9999.0 -9999.0 -9999.0 -9999.0 -9999.0 -9999.0 125978531607.57849
0.0947446551492079 0.07229374269173436 0.06664658123528559 4400848763.374108 4053666976.8394327 4033090180.0329695 0.07408784669190217 0.06813644977730456 0.06247949023148785 3987738978.6656356 0.08919941650902075 0.08634244766342593 0.0 0.0 0.0 0.0 3293737080.2462244 3182612903.066371 0.08623051559041746 3465481140.3903446 3249274945.733095 2893028791.8061814 12735540.961479971 15134491.354696812 18906241.299344495 130239589.18083169 172361129.0085195 124581388.51999164 0.09818852468431127 -9999.0 -9999.0 -9999.0 -9999.0 -9999.0 -9999.0 -9999.0 -9999.0 -9999.0 -9999.0 -9999.0 -9999.0 -9999.0 -9999.0 -9999.0 -9999.0 -9999.0 -9999.0 -9999.0 -9999.0 -9999.0 -9999.0 -9999.0 -9999.0 -9999.0 -9999.0 -9999.0 -9999.0 -9999.0 -9999.0 -9999.0 0.0
0.08628247511608422 0.08038756944069544 0.068241190369183 0.05849949042353001 0.05507628307904415 0.05451055762967125 0.0641260550452104 0.06533536873356666 0.0720672693027035 3895111978.9290442 0.06974408112936145 0.09307279426657623 0.0 0.0 0.0 0.0 0.09315476936841074 2834584323.323955 2919361636.935061 3350959825.363786 3123221650.1793094 3488092536.273068 15412460.236605223 18153157.784273054 144210068.0304933 131886879.55330695 143620145.71405193 0.060283864857338144 -9999.0 -9999.0 -9999.0 -9999.0 -9999.0 -9999.0 -9999.0 -9999.0 -9999.0 -9999.0 -9999.0 -9999.0 -9999.0 -9999.0 -9999.0 -9999.0 -9999.0 -9999.0 -9999.0 -9999.0 -9999.0 -9999.0 -9999.0 -9999.0 -9999.0 -9999.0 -9999.0 -9999.0 -9999.0 -9999.0 -9999.0 -9999.0 0.0
26266572.088153433 0.07138012753560728 0.07336954762862265 0.07935021756336331 0.08110049889788215 0.06510011806312614 4882475201.753927 4496265269.730006 4217141157.6383147 0.07477950736409412 0.08453832840269028 0.09800439221925489 0.0 0.0 0.0 0.0 0.10057765693852172 3455865128.2706795 3272439385.60092 3424704579.6636267 0.07841027765691733 3500642071.890652 3583536722.8641768 19725154.610714972 18206690.20140072 16572301.17499597 15881232.70986123 -9999.0 -9999.0 -9999.0 -9999.0 -9999.0 -9999.0 -9999.0 -9999.0 -9999.0 -9999.0 -9999.0 -9999.0 -9999.0 -9999.0 -9999.0 -9999.0 -9999.0 -9999.0 -9999.0 -9999.0 -9999.0 -9999.0 -9999.0 -9999.0 -9999.0 -9999.0 -9999.0 -9999.0 -9999.0 -9999.0 -9999.0 -9999.0 -9999.0 346487409.55788934
3827157683.3031483 4245819497.449992 0.0690481624773975 0.0820651682531084 0.08390449274309292 0.06305392795220624 0.061251593744431246 0.05313129341416232 0.06443929335394043 0.09677345146269709 0.08257234203648332 0.09414967127607182 321827331.79790115 0.0 0.0 0.0 0.10057108685107556 0.0 0.11235340583841028 0.11670385258514779 0.0847419137364246 3771789686.465797 3589445812.2159443 3333299196.085157 14872112.40811679 2709604963.5043373 3633844023.1785946 0.09862874557790709 -9999.0 -9999.0 -9999.0 -9999.0 -9999.0 -9999.0 -9999.0 -9999.0 -9999.0 -9999.0 -9999.0 -9999.0 -9999.0 -9999.0 -9999.0 -9999.0 -9999.0 -9999.0 -9999.0 -9999.0 -9999.0 -9999.0 -9999.0 -9999.0 -9999.0 -9999.0 -9999.0 -9999.0 -9999.0 -9999.0 -9999.0 -9999.0 271041151.5571118
0.09471714298096415 0.07395305596406389 0.06812352513863679 0.06419786711413836 0.06752166994068826 0.06369317500690459 0.057980372927314915 0.05692496495718235 0.07158885205562995 0.07751748542127816 0.09185666820744758 0.09435820114217901 0.09994629295645158 0.0 0.0 0.10683656778554362 0.09975725844156386 0.0 0.10693523213942542 0.10551946795788293 0.08826351345878995 3730918971.2219977 3622211562.37096 3310351809.176526 2956793847.7003055 3425061018.8471394 3018275299.103361 2461712017.0023246 0.10867621515725494 0.4232124712882118 -9999.0 -9999.0 -9999.0 -9999.0 -9999.0 -9999.0 -9999.0 -9999.0 -9999.0 -9999.0 -9999.0 -9999.0 -9999.0 -9999.0 -9999.0 -9999.0 -9999.0 -9999.0 -9999.0 -9999.0 -9999.0 -9999.0 -9999.0 -9999.0 -9999.0 -9999.0 -9999.0 -9999.0 -9999.0 -9999.0 332822557.5391693
0.09549395924999647 0.08992227803395564 0.07033472319899355 4228359437.821886 0.0682134201927218 0.06362193225674952 0.061248576782299835 0.0765774612433244 0.06502111123005373 0.0725732512509373 0.08932151310701347 0.10234599027828581 0.10595829652821584 0.09509262570336972 0.09541632716443367 0.10227711862012767 0.10199473709071769 0.1046780145156738 0.10180905839158874 0.09880650479786597 0.08260790624504653 0.09035760433073324 0.09645609260245655 0.09525699978889263 0.1022163027285818 11765103.0546783 2525645084.48565 2843323651.083653 2600806202.179482 0.10379889054882101 -9999.0 -9999.0 -9999.0 -9999.0 -9999.0 -9999.0 -9999.0 -9999.0 -9999.0 -9999.0 -9999.0 -9999.0 -9999.0 -9999.0 -9999.0 -9999.0 -9999.0 -9999.0 -9999.0 -9999.0 -9999.0 -9999.0 -9999.0 -9999.0 -9999.0 -9999.0 -9999.0 -9999.0 -9999.0 -9999.0 269224633.3205106
0.08095822214202783 0.06937104119131948 0.06941239933075131 4168850417.6995926 4302522286.923097 0.06622924200915623 0.06519542888117597 0.06354529738838194 4165554916.3554277 4905469848.341472 0.07713268428646171 0.09611400133361317 3863238375.485394 4124568367.756872 0.10000795810700121 0.09689657206054168 0.10142072989656482 0.10190459723089117 0.08042518796722856 3537887858.482093 0.08540213387308665 0.0810169741149214 0.09445450092183691 0.09732446421368138 0.1009959362448745 0.09753173218479454 0.09395205018860249 2939653233.0453677 2529508659.5292892 1863167499.7629912 0.07532692440244125 -9999.0 -9999.0 -9999.0 -9999.0 -9999.0 -9999.0 -9999.0 -9999.0 -9999.0 -9999.0 -9999.0 -9999.0 -9999.0 -9999.0 -9999.0 -9999.0 -9999.0 -9999.0 -9999.0 -9999.0 -9999.0 -9999.0 -9999.0 -9999.0 -9999.0 -9999.0 -9999.0 -9999.0 291767568.8519473 316937240.4209523
0.08519526740591649 0.08491763537223716 0.06877313447815 4339621945.005362 27866136.43138204 4884320077.724503 0.062327308051588905 0.06961199359321686 4105509715.083302 189282542.02727437 4953025084.937965 4439290960.145606 160690214.43275726 159183459.90230986 189153845.2844344 27221841.068439946 3672091399.3340898 0.08814335029773933 0.08434329113394232 0.10231236909070178 0.07950302981894389 0.07443756156903754 0.09205168581613515 0.11311801021571 0.11336620924219606 0.1011991167315475 0.0930465377056115 0.08953449286508236 1925663120.0197628 2075415774.4578116 0.10372562174825982 -9999.0 -9999.0 -9999.0 -9999.0 -9999.0 -9999.0 -9999.0 -9999.0 -9999.0 -9999.0 -9999.0 -9999.0 -9999.0 -9999.0 -9999.0 -9999.0 -9999.0 -9999.0 -9999.0 -9999.0 -9999.0 -9999.0 -9999.0 -9999.0 -9999.0 -9999.0 0.0 200312425.16351336 249850900.50509003 260485672.0674879
483817452.2100913 0.09507984285161077 0.07690133902273354 0.06537900121545233 4250599057.2231836 32807027.822182126 4502392678.731249 0.06935467383294723 0.06869036420811116 24660088.511416286 204627226.5529456 35088434.651118346 243546020.767291 229309979.9261662 195585715.5938323 167872845.54643118 20429776.18614436 0.077487477378029 0.1075204797380288 0.11131738684697925 0.10743072610970002 0.10583217687604496 0.09074748512349896 0.1105288816379295 0.09593349487565526 0.09615998773505559 0.09411574207428784 0.0952256246788605 2251157383.808047 0.10802049154452735 -9999.0 -9999.0 -9999.0 -9999.0 -9999.0 -9999.0 -9999.0 -9999.0 -9999.0 -9999.0 -9999.0 -9999.0 -9999.0 -9999.0 -9999.0 -9999.0 -9999.0 -9999.0 -9999.0 -9999.0 -9999.0 255807036.929951 231891893.00460434 121785066.49291046 185860516.5896686 319632548.9603802 228801291.32244316 151538911.9507945 164527376.5805798 181390278.84827316 182946198.6865307
540586299.5880898 0.08809958096926299 0.09111538765939468 0.07410716125664128 4134175902.9164243 4184465152.931281 4100663026.958839 4005020100.513147 3836898006.091534 3333993404.2190576 3705024244.343449 217165268.66658127 195883791.5986036 234032345.8062338 148433799.5897966 17082091.73280349 19107937.4509334 0.07960656657052452 0.10790838945484223 0.11314399606473878 0.0 0.0 0.0 0.1000172902542463 0.11433632272076881 0.09657509339000798 0.10019745051849575 0.09956157778284383 2151035476.072934 0.10472239929215364 -9999.0 -9999.0 -9999.0 -9999.0 -9999.0 -9999.0 -9999.0 -9999.0 -9999.0 -9999.0 -9999.0 -9999.0 -9999.0 -9999.0 -9999.0 -9999.0 -9999.0 -9999.0 -9999.0 -9999.0 223601370.0779772 206903299.06466275 210717012.4114684 280753026.7718859 250159974.44720998 261041903.51926208 207441436.55563465 279614597.31336755 207622657.25960565 167910876.22659215 218318534.1962703
781185881.7535777 0.0 0.09133463997127914 0.07426497500656346 0.08192853728285071 0.07162725429241373 4325308406.904065 4169931086.2330565 3494761679.9861546 3284005790.9694448 3387856133.2728415 18297232.272585448 134900656.11568704 221519455.2857617 163820917.1316742 2885124913.9774213 0.08939679574188811 0.10540662996594666 0.11371615731294785 0.11725144926830318 0.0 0.0 0.0 0.0 0.11370263848487729 0.09694626775545574 0.10326770259385976 0.10213913871030696 2494375882.657221 1798080648.56314 0.11167815239353834 -9999.0 -9999.0 -9999.0 -9999.0 -9999.0 -9999.0 -9999.0 -9999.0 -9999.0 -9999.0 -9999.0 -9999.0 -9999.0 -9999.0 -9999.0 -9999.0 -9999.0 -9999.0 193168833.98482144 205766856.155014 192761849.2032235 223676682.65514427 267931011.63704368 275086964.5064219 281158834.96016574 288959965.0655549 277282981.1536345 274610279.5400676 272707850.0987348 255346295.74714473
803930318.3811631 591525801.3505601 383261325.1521195 0.0951433582358399 0.09692540933328044 0.07729065329730544 0.0720679575547309 0.07201783728777295 3498836920.189585 3826321290.520142 22459608.40294728 22406635.80590182 16856406.803778313 19140380.21961275 26726202.924733847 0.0837229648896439 0.10899958971348497 0.1077615355336203 0.11425305500365415 0.0 0.0 0.0 0.0 0.0 0.13688899229774368 0.13560390941799788 0.11912143003408673 0.10103767023490422 2318669679.0373497 2057344620.8011022 0.0 0.0 0.451490306697431 -9999.0 -9999.0 -9999.0 -9999.0 -9999.0 -9999.0 -9999.0 -9999.0 -9999.0 -9999.0 -9999.0 -9999.0 -9999.0 -9999.0 -9999.0 -9999.0 168306165.9328824 144812403.1828062 189749321.30608118 258961295.18971235 238007480.7768281 232272098.66266185 187207250.21913573 211669450.2155153 239114011.81892592 259934746.81146345 258985498.66968 212074338.2045315
861187365.1129946 567841586.7592441 586297175.8484296 236616868.1760149 0.09954471092035128 0.09836502767487038 0.09697773480794161 0.08881331454854134 0.08913459716045725 3583229822.643014 21811989.720025543 21543770.694525376 3172063752.7364373 3393742848.248267 0.06455645374185258 0.07171262352249419 0.10722944970446116 0.11449192805797041 0.0 0.0 0.0 0.0 0.0 0.0 0.0 0.13203078076456118 0.12272540263629733 0.12602477169877277 2260410307.366012 8211084.018758658 0.0 0.0 0.0 0.1014928401092872 -9999.0 -9999.0 -9999.0 -9999.0 -9999.0 -9999.0 -9999.0 -9999.0 -9999.0 -9999.0 -9999.0 -9999.0 -9999.0 -9999.0 0.0 100922122.82466933 163139609.17256477 184339514.47817144 159253505.79320797 128263052.14027204 192577882.2778984 198908057.6562127 231391442.28512326 201632147.8576391 215631479.55802238 229457882.59155864 220147697.3280429
733777433.9831353 743095722.0724951 646075586.6765364 585528256.5557859 0.08490606210577785 0.09727436474651549 0.0784271283094312 0.08802454464100899 3055828203.365028 25898659.64180708 4346697361.024889 0.0781743536236336 0.09210768026710915 0.09149581541308548 0.0754542582038596 0.07000097462505922 0.08937330903899178 0.11131366469982303 0.10980991217093423 0.0 0.0 0.0 0.0 0.0 0.0 0.0 0.12580730920890276 0.11077765575738845 0.11377985470110832 0.0 0.0 0.0 0.0 0.0 -9999.0 -9999.0 -9999.0 -9999.0 -9999.0 -9999.0 -9999.0 -9999.0 -9999.0 -9999.0 -9999.0 -9999.0 -9999.0 -9999.0 136564258274.76707 125739967.10009472 72597892.68157285 74072919.11529142 88419885.22590181 100014264.17698202 118700598.76855084 145563025.5481718 185420498.0437731 214593875.3208056 214951708.70241526 185859277.2553991 184490316.0930437
588157236.4713664 787454981.0324562 0.08020129620325996 0.08250528333068745 0.08210907269275493 0.08423373711707258 0.0723670422209954 0.08018108550848885 3194154481.9709363 3430533456.399701 3529506856.487126 4218122888.2990694 0.06895760063721607 0.0755483004733443 0.07225741124838056 0.08626957754826661 3617070912.024112 0.0847835400656028 0.0 0.0 0.0 0.0 0.468083713385775 0.4689255179797701 0.4759797112689495 0.12160731289321931 0.11777843196523217 0.1020013555270243 0.09386363230976508 2405048885.1467285 0.0 0.0 0.0 0.0 0.0 -9999.0 -9999.0 -9999.0 -9999.0 -9999.0 -9999.0 -9999.0 -9999.0 -9999.0 -9999.0 -9999.0 -9999.0 -9999.0 300719500.4665107 239094233.0696625 192765681.72057194 36793409.243221894 54449724.49822267 216139752.13727477 145233412.43757004 132409803.01108769 177347304.09038636 172039683.85888582 156948615.56822747 187810051.97987455 152726535.35568422
497303817.4666594 731371471.8362178 0.07599331822805062 0.07891435916313498 0.07302919431634645 0.0688501304842914 0.06879413334125063 0.07261241276607958 3450945773.4135394 0.08659203932516993 3492277256.034328 33869389.34489969 25847700.670625135 13051689.932735747 18532790.339631844 0.10198914358451174 0.1056823906247594 0.10514183350149492 587239110.6399052 0.0 0.0 0.0 0.0 0.47887719373156795 0.48284444510629365 0.1305554414541171 0.1318645794998146 0.11020157495867276 0.136080991191687 0.1506393253844347 1446564056.7333882 0.0 0.0 0.0 0.0 886799221.2873158 -9999.0 -9999.0 -9999.0 -9999.0 -9999.0 -9999.0 -9999.0 -9999.0 -9999.0 -9999.0 -9999.0 -9999.0 0.0 84016672.99363011 72077418.5262462 230857823.3406803 139476817.89590716 194074831.92238164 194991289.74909547 178629486.46588528 183376441.87006545 248507621.8620796 259278840.14371103 202804738.7414602 174227174.72964993
570374819.3782749 427471871.92567563 0.0890811790861434 0.0829741624927026 0.07794787727721714 0.07306815654510555 0.06633415701535768 4221086708.1702127 4136900082.3872743 0.07451391078530244 20271211.422137547 20110332.570187736 0.10252612932998845 0.12277539018890207 0.13696544452361697 0.11673685360159711 9842226612.637972 0.10960069272199452 9427188990.075367 406369714.5901605 0.0 0.0 0.0 0.0 0.0 0.13305605805869197 0.1337593991022881 0.1331517895496223 0.11061752643740413 0.0 0.0 2840799.8589958837 3128082.9966097875 0.0 0.0 0.0 0.0 0.0 -9999.0 -9999.0 -9999.0 -9999.0 -9999.0 -9999.0 -9999.0 -9999.0 -9999.0 266062579.01804212 88666635.7427993 0.0 98391716.02818267 120159729.8767641 163495437.3524794 97887216.78078127 116236237.03265378 139454051.5557482 170824950.5383623 313841394.2287933 315058572.02839977 237532085.69419536 161135001.1746181
594847847.2779331 192422880.45393434 0.0 0.0941706493363806 0.08317260145499172 0.08457426834301017 0.08714975051840475 4136543629.647577 28896249.778495662 0.07680918421027894 0.10452086469674582 6773569.787836177 0.1272745561545932 0.12059666013367513 9945442683.441109 10176965722.806871 9868110497.907396 0.11822722810745735 9874359965.564707 0.09766822010363381 0.09129209985202204 0.0 0.0 0.13145951758772503 0.11251488153241747 0.10524060328360202 0.12510874608979275 0.12606191974288972 0.0 0.0 901585801.6834987 2415560.594586043 0.0 1032133.9979213589 0.0 0.0 0.0 0.0 -9999.0 -9999.0 -9999.0 -9999.0 -9999.0 -9999.0 -9999.0 0.0 170707858.99662423 51430949.291071236 0.0 57554895.574937925 54641774.89223196 116459408.34636432 82059336.79156224 99101628.57338302 82681706.60734423 65829638.37706072 83626395.44321063 127206736.48971155 224953660.92441908 206781249.39004907 52380262.19275419
