data/moz/moz_beta.asc
ncols	234
nrows	368
xllcorner	195196.26821073
yllcorner	7004178.4200866
cellsize	5000
NODATA_value	-9999
[rows 125 to 149 of 368, columns 165 to 219 of 234]
0.4338653279566018 0.4292912685944866 0.4844370491447991 0.44888804496792933 0.3054423615868841 0.3025305931309804 0.34881595275419136 0.39221552538967935 0.33013990157062095 0.44010005560141013 0.3279022864790726 0.2964455425224772 0.3069305248906635 0.31943449092598514 0.29618928883126616 0.34447395312065043 0.3966917184965951 0.4196313503513751 0.2813381995916204 0.28383606390773036 0.33795625067301727 0.35557980094361197 0.29212752700995054 0.24321786924060235 0.2812481970369899 0.24565065236010708 0.2481000186655619 0.22355166980295305 0.23146183658956912 0.24798423805608735 0.24669217248166397 0.2662467410025602 0.2693426729564493 0.27221667493267826 0.20369701641609853 0.26208299122489065 0.22491207419347378 0.245116693714526 0.24058650415995453 0.23321059724362064 0.21313585612235908 0.21564247357300445 0.20463097079335787 0.21459967132185578 0.19285156816739435 0.2074833765224387 0.15584583293750745 0.1183740120121448 0.11576835260689863 0.0 -9999.0 -9999.0 -9999.0 -9999.0 -9999.0
0.4240208354929218 0.41859367398835895 0.4073521461044492 0.42500375503596255 0.29796790367976556 0.2880230203394676 0.31508815307443794 0.33193712000285336 0.32911860883928856 0.310610000421329 0.258033859464449 0.2864983751192846 0.30075741044922344 0.31587401152611144 0.42288270117270566 0.4300148212021822 0.4557170634958606 0.43623905603671637 0.32908761811570725 0.32410168098205416 0.3580345262424944 0.3703077446305776 0.37036976797781773 0.24529831958748985 0.25401226115164205 0.231738454229067 0.23513789795001824 0.21858163163093425 0.2513317524163553 0.22972651487718798 0.23470596130628932 0.24609385975314577 0.2394216061808723 0.2501135310312699 0.22563050187515737 0.22206963004758712 0.2676882175111167 0.24175741539619736 0.2134875942706915 0.20568535812259559 0.22662283525060758 0.23793115445642862 0.20741206233230852 0.19988432326475242 0.17348159128453636 0.1853069209921112 0.13908679322674347 0.11365407435301401 0.0 -9999.0 -9999.0 -9999.0 -9999.0 -9999.0 -9999.0
0.44051575890324934 0.4245260132003481 0.46548869450926406 0.3332962216640198 0.29412388654602645 0.3174867475055066 0.3336053008769892 0.3168678521932808 0.29063119318855574 0.2927489408715079 0.2644438817252146 0.24679966031602385 0.28366717109600387 0.342065799480596 0.4213797436733371 0.30180158762205694 0.2935706316587965 0.4286005182530366 0.37023322512834184 0.352007275738869 0.35591266835684626 0.3356517293990824 0.3602903851760586 0.24259983500831875 0.23707416371149828 0.22748800257062646 0.24457977585400897 0.225905831259014 0.22900078043777433 0.23574243188231367 0.25254974870483815 0.23356109424165863 0.2576408307746012 0.2368961588706865 0.22543977054701902 0.23371575935954816 0.30199290604930146 0.2569499565403533 0.2308143331050203 0.2174476826713203 0.2686526965425235 0.26207152202624334 0.20867840378910213 0.15331239391020793 0.1632812942065107 0.15464404936828322 0.1164444548382514 0.10642975692916844 0.0 -9999.0 -9999.0 -9999.0 -9999.0 -9999.0 -9999.0
0.3348823617393901 0.3972937475769643 0.27761788023059286 0.27373692720725834 0.2969837831163007 0.31531082224847184 0.31419305358871674 0.2961140378977473 0.2913672925005676 0.30378692694725623 0.267055074827712 0.2677092470686442 0.3012588092719859 0.26809120987873936 0.26704451538687163 0.35415019140296583 0.2857575265803906 0.42453541493131464 0.3611240660271761 0.3531972492274123 0.32561114183977824 0.31594623466546945 0.302147779872501 0.2295105067016205 0.23176383810328413 0.24095819003279437 0.20741537263109527 0.22227727506029424 0.2504637141504966 0.24575440458585426 0.2460585583343777 0.22202569436525307 0.21969193649286792 0.2286867401824838 0.2291904099051683 0.2341909672319818 0.2412118158697493 0.22723143944106639 0.2154282364645443 0.22910550620653178 0.21897570330903068 0.22952666672122865 0.18912790116700973 0.0 0.13510151568085355 0.1291222456164408 0.1204704250714869 0.0 -9999.0 -9999.0 -9999.0 -9999.0 -9999.0 -9999.0 -9999.0
0.3089407657756699 0.2638211362645308 0.2710878953936755 0.2811935981817876 0.2984448730957793 0.3023480592656199 0.2893129978284784 0.36841926577858375 0.2978760681009737 0.3444924960771876 0.3638821880372945 0.44985101045786674 0.33877639059062864 0.36040022387827664 0.2876309578734462 0.33134665198000524 0.3811974067137489 0.3716705242553842 0.3769190654278737 0.3514213295074696 0.3477270376036166 0.30930857811697066 0.2751041805098391 0.21482948317338688 0.2219103830788411 0.2618532330554508 0.22250410800851664 0.23553747935585687 0.25761387919019063 0.2351084884681087 0.280185103258871 0.28558271033120086 0.26985175658858307 0.31627254154004525 0.28907117634304164 0.2242961613567079 0.22635070411331618 0.2007811105264299 0.2100060615982931 0.22392134979018877 0.17645080690800383 0.18024760019854827 0.13745637797629004 0.0 0.11871478764703096 0.11741221971579585 -9999.0 -9999.0 -9999.0 -9999.0 -9999.0 -9999.0 -9999.0 -9999.0 -9999.0
0.2820415195871757 0.2698145125234583 0.26830705310739433 0.40586265133209914 0.3496213582447685 0.35043209915474755 0.4368449912628231 0.27887681497039163 0.32872264668991946 0.5294421959598464 0.4422885930572798 0.39555780792275 0.40329927214765937 0.3935392774058428 0.33126049577139643 0.3044739999545874 0.37073080964441996 0.35334507559572703 0.3733817392966908 0.35340969492255747 0.4003477528819134 0.3632652057341788 0.29545023172292406 0.24300769178251086 0.20008056055302187 0.2324830969589591 0.22788589153192754 0.23424926481138855 0.23905537964972415 0.24188724180001342 0.28905786953194723 0.2910668316816517 0.30151958069961726 0.26009101265142237 0.30426672657133275 0.24614049578845928 0.22807176107495902 0.19986533850858867 0.1989855850335253 0.21441813804486007 0.15754396372959295 0.0 0.0 0.0 -9999.0 -9999.0 -9999.0 -9999.0 -9999.0 -9999.0 -9999.0 -9999.0 -9999.0 -9999.0 -9999.0
0.44599179761741486 0.3083304169378174 0.3947979114832361 0.4170381130516508 0.41434282963370117 0.4182260201724457 0.35208571153331686 0.28898042999362966 0.429311034976376 0.4383824359654034 0.4471716652786176 0.37075321739948464 0.3558348224991219 0.34348115792629946 0.2899639315797958 0.3060485087738554 0.31340368018215986 0.36188642426280543 0.33069817111927025 0.31786507886534426 0.3627166342978463 0.3276583847337791 0.28445026060535267 0.3009277448472825 0.2587654889641956 0.2248048929901981 0.21863476290577996 0.22405948355690383 0.24277901666820875 0.22965030698243152 0.26558612334773957 0.31410912061988233 0.2963122905926016 0.23355043105311693 0.2646181371800345 0.23675351060582728 0.1999356200001454 0.17828045921311209 0.18326461056766577 0.16969369990608238 0.14467948542978684 0.12813149382667435 0.13493505704571662 0.12692710610480493 0.0 -9999.0 -9999.0 -9999.0 -9999.0 -9999.0 -9999.0 -9999.0 -9999.0 -9999.0 -9999.0
0.4474714983200421 0.44036329216425507 0.3551758074992934 0.36580172000147737 0.4631480699328175 0.4478174442808277 0.4300997025047466 0.41224855968698576 0.3381845970414636 0.3921958120512554 0.43075594677523754 0.37884652806176644 0.370750689033789 0.34490398485946483 0.32024280277659223 0.25196974388983967 0.2773312314209229 0.30924283575612593 0.3669295113894972 0.36389283856903804 0.33281793479545085 0.3088401275345787 0.2905926223265436 0.3311691561115601 0.20600559539268518 0.225245267224148 0.24267349894476 0.2537600264995229 0.2277321191552626 0.2300031454795442 0.24499967298668818 0.27465711337487436 0.30550160974359397 0.2278410856239119 0.2090032745348386 0.22616908446381376 0.18486879983406798 0.17853344857052328 0.19338883648669808 0.1656057856994259 0.17169163416943362 0.12729251737296368 0.13027428174193914 0.10403871976568752 0.0 -9999.0 -9999.0 -9999.0 -9999.0 -9999.0 -9999.0 -9999.0 -9999.0 -9999.0 -9999.0
0.4568036754192996 0.40073177209368616 0.35874201932443567 0.3880740854282486 0.4444348817530357 0.46013286340371085 0.4167326675068765 0.3402205307966875 0.3753669810466172 0.3759550764781526 0.4208027324070951 0.4160007295374292 0.37967478998364773 0.36154763133830387 0.3192182957843912 0.26998723589756335 0.25622414715611563 0.29267943219919323 0.3672837079005313 0.34459447787730113 0.31559803494808947 0.3366076363283839 0.3415951535892271 0.3078800957916189 0.21414650126672397 0.21726796856025243 0.24268206620147337 0.21471804683179468 0.1867966902227315 0.21080560636032403 0.209083336721127 0.2358935267301397 0.24070843809698217 0.2221677233816433 0.2083835742383506 0.22575268437318974 0.2119461675601209 0.21808633212671447 0.20004529914087105 0.20326187441103763 0.17217571825326333 0.14005093287741385 0.11595849057570241 0.09959456657466093 -9999.0 -9999.0 -9999.0 -9999.0 -9999.0 -9999.0 -9999.0 -9999.0 -9999.0 -9999.0 -9999.0
0.30830721212654993 0.4237614866411229 0.4273016331122145 0.3912208843539517 0.4144797406707543 0.4520017366229888 0.3878852795217004 0.3264343210101732 0.3464351248244283 0.3937840117985298 0.3995929021155651 0.3771245321476278 0.39582401345753543 0.3476711686381792 0.35935817704358597 0.26260215697571654 0.25703838392974176 0.33553312713675437 0.3858743740420262 0.37556553850977326 0.29840696013725254 0.34248746042140477 0.3328996699394193 0.2702546962908155 0.20594279398902623 0.22912562028600392 0.21503576668880683 0.1977404502157495 0.21332888917851003 0.21195405252079774 0.24075328960960693 0.21836719365128593 0.2466752637366809 0.2379016453528925 0.23166378174693408 0.20568967304765215 0.20279687930094253 0.20297919716821497 0.18666817414745276 0.17944590077429998 0.16446882601017296 0.1311655812290845 0.11458814849395071 0.0 -9999.0 -9999.0 -9999.0 -9999.0 -9999.0 -9999.0 -9999.0 -9999.0 -9999.0 -9999.0 -9999.0
0.3982704943472763 0.3675191323596356 0.42564225753599394 0.3911112677076169 0.3769263093291264 0.4414374888800641 0.441340389958177 0.4762427833455738 0.4311192066828718 0.46957299708343486 0.43227278638092537 0.444103273418128 0.34742638799942177 0.3568890389509661 0.4049795589897746 0.3154082117709309 0.3441297419880927 0.3365216877939143 0.2614704262155497 0.23750920711489165 0.2605085233847238 0.3180605441500898 0.3077601419543293 0.267217783398038 0.1955898801388307 0.19600750492722266 0.1991775228838614 0.19328321766740514 0.20783895122371707 0.21320365485173373 0.20554770405649347 0.2362418918787518 0.19396790428501362 0.21061603525853384 0.20173309838817166 0.20986353699691776 0.19549221505457567 0.18646063668213084 0.1705568744327624 0.16951144955226846 0.14957312200668008 0.0 -9999.0 -9999.0 -9999.0 -9999.0 -9999.0 -9999.0 -9999.0 -9999.0 -9999.0 -9999.0 -9999.0 -9999.0 -9999.0
0.3783998073762003 0.3880505927725778 0.37536971441130407 0.36413918430848824 0.3486282744495455 0.3851176023334559 0.5430972771840282 0.4836565293636124 0.497703317389516 0.46206097348770625 0.4006545571033546 0.35189401544106874 0.39153836776457707 0.36348326936209807 0.34309958567343846 0.29687369428933463 0.28592357465701695 0.29480584174727 0.21968271281620122 0.22399437704828884 0.28819695758029135 0.2905335668173522 0.22685505129788716 0.207141773014631 0.20244733256965308 0.1856497215969212 0.19318125279219098 0.20258152772313776 0.20782101762909194 0.18735638294787454 0.21499266030509942 0.19720123919046964 0.1953332952265889 0.18469566299681078 0.21410016878878946 0.19143119484926183 0.1715177286768091 0.15522248941103428 0.14995057245009363 0.14014163620158918 0.0 -9999.0 -9999.0 -9999.0 -9999.0 -9999.0 -9999.0 -9999.0 -9999.0 -9999.0 -9999.0 -9999.0 -9999.0 -9999.0 -9999.0
0.34619709851048164 0.39144454698111647 0.37532065189033226 0.3360108193550542 0.32141208414411976 0.36739770782064235 0.3750965975667779 0.4929587929624214 0.4877482959359713 0.45218584092242564 0.4058606362510099 0.3541067854465232 0.3419659034170963 0.3948694562146989 0.3921090854278086 0.3206229785011402 0.30043333245819737 0.314507172879473 0.23658815631206542 0.22302071828320344 0.3080185693832587 0.2414590759819129 0.24427725885866888 0.19958553021739672 0.19349139088379508 0.19551948774201605 0.17969508803773815 0.18790383729333077 0.18968395279666608 0.19842899007665452 0.19186269627140098 0.2114218797710287 0.1884313940172638 0.1820508008834948 0.16495603232688502 0.16553387841335013 0.1405519084773746 0.0 0.13325210862952 0.0 -9999.0 -9999.0 -9999.0 -9999.0 -9999.0 -9999.0 -9999.0 -9999.0 -9999.0 -9999.0 -9999.0 -9999.0 -9999.0 -9999.0 -9999.0
0.34921542788206095 0.3510752628046405 0.35831195193653953 0.34663335298016207 0.3609183268505593 0.31317885802796763 0.34124170493500844 0.4030926997982776 0.4487626073128995 0.45568487951499376 0.38763558791173125 0.38015787863933154 0.3333142885033644 0.39507421657453 0.35999438289223873 0.27895758422194 0.265698429951972 0.2751932442783424 0.2884156913316064 0.2521064095806647 0.2562830019317503 0.2505556455471011 0.23512581185637857 0.20213868953328681 0.1879639788902686 0.18328042811872255 0.19407978432532497 0.18937722424158906 0.18787633881960045 0.16778109403694852 0.17110105742612103 0.18894530620050168 0.15787813800391504 0.15526952408464628 0.1515537685101672 0.1413204286433901 0.0 -9999.0 -9999.0 -9999.0 -9999.0 -9999.0 -9999.0 -9999.0 -9999.0 -9999.0 -9999.0 -9999.0 -9999.0 -9999.0 -9999.0 -9999.0 -9999.0 -9999.0 -9999.0
0.3318124027623401 0.3290431620112879 0.34376099384982794 0.33682308580504006 0.3548696522630429 0.3275859131648601 0.3008984125896586 0.3686328942279591 0.3586490978979085 0.3427505037716328 0.3668099228619976 0.31526192360841804 0.3434768294408071 0.36064882662469566 0.3172413266827578 0.2912487977245061 0.26425826627271726 0.28193787878376286 0.282473298986503 0.3260007917132497 0.22211755095123212 0.2291126809767489 0.25315431109320996 0.2135947075980652 0.19756491337201407 0.1768016788451509 0.1819453783927555 0.17478412999910808 0.17374965826459435 0.13667745482812205 0.13993339827997103 0.152320879295636 0.14285594444068508 0.13438179603798261 0.0 -9999.0 -9999.0 -9999.0 -9999.0 -9999.0 -9999.0 -9999.0 -9999.0 -9999.0 -9999.0 -9999.0 -9999.0 -9999.0 -9999.0 -9999.0 -9999.0 -9999.0 -9999.0 -9999.0 -9999.0
0.26333284674875257 0.2683699573838825 0.3113896011844567 0.32092270142339097 0.3177108899635691 0.3364258000716624 0.27281056374726487 0.29538906706300844 0.3249455313471615 0.35734718422120704 0.39507203371474253 0.32906823342274694 0.3030748397085334 0.21728209839260493 0.2277243939422912 0.29623141033141664 0.29156649175685506 0.31269125478324244 0.2729105743206143 0.31697956694785595 0.20314108965146932 0.21125968199884165 0.19813738845117262 0.2012147635609819 0.21184919737235977 0.19372339422612295 0.17443053489762533 0.1647539181690757 0.13247365209191897 0.12797363721797694 0.12693730513663978 0.13349996163136688 0.0 -9999.0 -9999.0 -9999.0 -9999.0 -9999.0 -9999.0 -9999.0 -9999.0 -9999.0 -9999.0 -9999.0 -9999.0 -9999.0 -9999.0 -9999.0 -9999.0 -9999.0 -9999.0 -9999.0 -9999.0 -9999.0 -9999.0
0.26934202450356903 0.3112794461665354 0.32232166621228797 0.32182292737443413 0.32622508026856456 0.3404255731512457 0.30377075895234995 0.3011585717520033 0.24701097450468404 0.25352656190547995 0.31585837281237633 0.27850765003881034 0.22130198795170675 0.19507058528985527 0.19308791293229785 0.1861411548038692 0.23058755625030838 0.2291986274754996 0.246277258890212 0.24327532520594972 0.20816006405824225 0.2004130214333732 0.19383531700752682 0.2112972406430571 0.21707462452060244 0.1749628876293696 0.17433820827744406 0.14826799650249525 0.13123001933933715 0.0 0.0 -9999.0 -9999.0 -9999.0 -9999.0 -9999.0 -9999.0 -9999.0 -9999.0 -9999.0 -9999.0 -9999.0 -9999.0 -9999.0 -9999.0 -9999.0 -9999.0 -9999.0 -9999.0 -9999.0 -9999.0 -9999.0 -9999.0 -9999.0 -9999.0
0.22813848197179168 0.29302926910103805 0.3477413764736458 0.3178616238965656 0.34475818087588866 0.33035510621828224 0.22068798270403012 0.20811032336710825 0.20716159167760426 0.21475879073782805 0.21023661934271956 0.2234900450853529 0.2086861408974579 0.19791430120433215 0.20584518590564108 0.20594842213799705 0.24532432231208234 0.2268684261761282 0.23352017358764926 0.22763844797432914 0.22920241364479269 0.19152937683728297 0.19434725264226227 0.1788895310572732 0.1739886572666401 0.1750208930788121 0.1817759991368089 0.15323776362574829 0.1338042216468411 0.12575856052146564 -9999.0 -9999.0 -9999.0 -9999.0 -9999.0 -9999.0 -9999.0 -9999.0 -9999.0 -9999.0 -9999.0 -9999.0 -9999.0 -9999.0 -9999.0 -9999.0 -9999.0 -9999.0 -9999.0 -9999.0 -9999.0 -9999.0 -9999.0 -9999.0 -9999.0
0.21922746732224205 0.21948836493924093 0.20825441753461443 0.2671472775480699 0.3066092061490308 0.30589063010591266 0.22199957052808178 0.23153792350873595 0.18959505928846407 0.1947166669780107 0.237716755093889 0.2368058708418903 0.23909322425006707 0.21748914736725086 0.2175975314938215 0.21160634537983983 0.22135431718960386 0.25113097130149853 0.24304329126195479 0.22200166673089844 0.22479612109214836 0.19049270237786778 0.1986057883015971 0.17793064593522134 0.1735982189325252 0.12843683898586833 0.14344409103589756 0.1459351673124411 0.0 -9999.0 -9999.0 -9999.0 -9999.0 -9999.0 -9999.0 -9999.0 -9999.0 -9999.0 -9999.0 -9999.0 -9999.0 -9999.0 -9999.0 -9999.0 -9999.0 -9999.0 -9999.0 -9999.0 -9999.0 -9999.0 -9999.0 -9999.0 -9999.0 -9999.0 -9999.0
0.2350124516292656 0.24927600507474243 0.20965557948823832 0.20081130791640345 0.20311804700921812 0.2892407963682325 0.2210192095387834 0.2436654762537801 0.2080897253721763 0.21198952821594913 0.21129368458006573 0.2325282620061712 0.23573005258766064 0.2388820567725359 0.22189309667422716 0.2163312039821631 0.21142162001093046 0.21035800509238442 0.20579565358153667 0.20844696548649877 0.19994098998604132 0.17836675065387475 0.17052284206607804 0.13166931786194472 0.1331962769896632 0.1149816303753315 0.13541127351219528 0.0 -9999.0 -9999.0 -9999.0 -9999.0 -9999.0 -9999.0 -9999.0 -9999.0 -9999.0 -9999.0 -9999.0 -9999.0 -9999.0 -9999.0 -9999.0 -9999.0 -9999.0 -9999.0 -9999.0 -9999.0 -9999.0 -9999.0 -9999.0 -9999.0 -9999.0 -9999.0 -9999.0
0.23786687341175333 0.24943151818873116 0.26685673117935255 0.21193170376385742 0.23755843403858154 0.24144373107571887 0.23135930678952873 0.20649881391176633 0.2189944226012286 0.20056901498017624 0.22347981075115766 0.23317776665076884 0.20487805564727327 0.22886965622719163 0.22237037347709476 0.20658796753746736 0.16122796817404653 0.15649327273354663 0.1769522720025709 0.15687931492382373 0.16682309222431024 0.18344318292150485 0.14929925175024686 0.1323577325322429 0.12900330613922606 0.11899493797342665 0.0 -9999.0 -9999.0 -9999.0 -9999.0 -9999.0 -9999.0 -9999.0 -9999.0 -9999.0 -9999.0 -9999.0 -9999.0 -9999.0 -9999.0 -9999.0 -9999.0 -9999.0 -9999.0 -9999.0 -9999.0 -9999.0 -9999.0 -9999.0 -9999.0 -9999.0 -9999.0 -9999.0 -9999.0
0.2175990814837642 0.21001630701330745 0.22936893565844862 0.21894041541615236 0.1999833473142399 0.21256401200578204 0.19819766179138837 0.19888292271300498 0.18960255784148633 0.21121979078418826 0.20007726093780856 0.21664145262095122 0.17852351004709568 0.1853678929282356 0.1933750319594916 0.16068233951122987 0.14637740073513006 0.15329184814751912 0.14530279569745744 0.15393285833457349 0.17155833166043136 0.14924481388078828 0.1307098368641625 0.0 0.0 0.0 -9999.0 -9999.0 -9999.0 -9999.0 -9999.0 -9999.0 -9999.0 -9999.0 -9999.0 -9999.0 -9999.0 -9999.0 -9999.0 -9999.0 -9999.0 -9999.0 -9999.0 -9999.0 -9999.0 -9999.0 -9999.0 -9999.0 -9999.0 -9999.0 -9999.0 -9999.0 -9999.0 -9999.0 -9999.0
0.2125921908482684 0.21322108826427577 0.1908301857902819 0.2003900629338985 0.20802633782864619 0.2092026453419043 0.20539993818657326 0.18878329377588604 0.1990877769297322 0.1977961373365365 0.19389475985549373 0.1909694227884608 0.15884273431937998 0.1535731725909792 0.150316671062153 0.17460873626732135 0.23947086814927368 0.1391819741646408 0.13953706786378783 0.1369025360788802 0.0 0.0 -9999.0 -9999.0 -9999.0 -9999.0 -9999.0 -9999.0 -9999.0 -9999.0 -9999.0 -9999.0 -9999.0 -9999.0 -9999.0 -9999.0 -9999.0 -9999.0 -9999.0 -9999.0 -9999.0 -9999.0 -9999.0 -9999.0 -9999.0 -9999.0 -9999.0 -9999.0 -9999.0 -9999.0 -9999.0 -9999.0 -9999.0 -9999.0 -9999.0
0.20492031175683273 0.18940746798389713 0.1988160803394662 0.215014817084781 0.22450097727564577 0.21387563362880718 0.2253571062085776 0.198457110162779 0.16522986864097278 0.19726863123111135 0.18249266683931747 0.15667066081824516 0.16617373514217945 0.14076460908462918 0.1357180560920882 0.17539804554620225 0.0 0.0 -9999.0 -9999.0 -9999.0 -9999.0 -9999.0 -9999.0 -9999.0 -9999.0 -9999.0 -9999.0 -9999.0 -9999.0 -9999.0 -9999.0 -9999.0 -9999.0 -9999.0 -9999.0 -9999.0 -9999.0 -9999.0 -9999.0 -9999.0 -9999.0 -9999.0 -9999.0 -9999.0 -9999.0 -9999.0 -9999.0 -9999.0 -9999.0 -9999.0 -9999.0 -9999.0 -9999.0 -9999.0
0.203162603564711 0.19366151520619315 0.17735637178681044 0.1385081538523563 0.14540228446521783 0.15822217810193798 0.18005285326465334 0.17317375300281074 0.1581700794411269 0.17233727356411985 0.15469846398109868 0.1549356480153577 0.14032881086864532 0.0 0.0 -9999.0 -9999.0 -9999.0 -9999.0 -9999.0 -9999.0 -9999.0 -9999.0 -9999.0 -9999.0 -9999.0 -9999.0 -9999.0 -9999.0 -9999.0 -9999.0 -9999.0 -9999.0 -9999.0 -9999.0 -9999.0 -9999.0 -9999.0 -9999.0 -9999.0 -9999.0 -9999.0 -9999.0 -9999.0 -9999.0 -9999.0 -9999.0 -9999.0 -9999.0 -9999.0 -9999.0 -9999.0 -9999.0 -9999.0 -9999.0
