data/moz/moz_traveltime.asc
ncols         234
nrows         368
xllcorner     195196.26821073
yllcorner     7004178.4200866
cellsize      5000
NODATA_value  -9999
[rows 35 to 69 of 368, columns 79 to 157 of 234]
-9999 -9999 -9999 -9999 -9999 -9999 -9999 -9999 -9999 -9999 -9999 -9999 -9999 -9999 -9999 -9999 -9999 9742 -9999 8109 8085 6792 6610 8203 10290 11926 13498 13464 12348 11520 11690 10609 9037 7545 6823 6403 6538 7731 8975 9668 10702 12393 14108 15944 17754 18165 16666 15345 14591 13135 11765 10244 9300 10602 12175 13909 15474 17095 17349 16414 15925 15540 15709 15392 14508 12860 11377 10395 9308 7706 7714 8829 9292 9819 10186 10864 11136 11514 11809
-9999 -9999 -9999 -9999 -9999 -9999 -9999 -9999 -9999 -9999 -9999 -9999 -9999 -9999 -9999 -9999 -9999 -9999 -9999 7604 6607 6093 6782 8305 9918 11462 13090 12520 11199 10549 11346 11369 9921 8585 7700 6396 6603 8085 9712 11232 12111 13282 14810 16719 18403 17591 15969 14251 13110 12135 10818 9396 8972 10574 12175 13949 15550 16241 15658 14751 14331 13965 14068 13947 13335 12506 10922 9482 8620 7358 7575 7782 8009 8296 8773 9365 9561 9930 10150
-9999 -9999 -9999 -9999 -9999 -9999 -9999 -9999 -9999 -9999 -9999 -9999 -9999 -9999 -9999 -9999 -9999 -9999 -9999 6243 5878 6284 7314 7852 9159 10833 12436 11764 10152 9699 10683 11588 10855 9781 8341 6509 6072 7659 9385 11250 12873 14426 15657 17495 18512 16807 15253 13474 11966 10596 9894 8590 9246 11098 12741 14536 15959 15313 13950 12787 12305 12031 12179 12208 11717 11252 10234 8405 7398 7561 8599 8948 8761 8797 8396 8467 8518 8642 8767
-9999 -9999 -9999 -9999 -9999 -9999 -9999 -9999 -9999 -9999 -9999 -9999 -9999 -9999 -9999 -9999 -9999 -9999 -9999 6704 6113 5753 5873 6968 8600 10296 11899 11341 9824 8686 9475 10901 10462 9570 8260 6434 5785 7413 9100 11042 12694 14725 16431 18375 18160 16216 14625 12803 11254 9442 8282 8033 9132 10948 12663 14387 15572 14591 12927 11299 10590 10366 10382 10014 9777 9268 8577 7613 7063 8260 9637 10668 10373 10313 9840 9862 9808 9461 9364
-9999 -9999 -9999 -9999 -9999 -9999 -9999 -9999 -9999 -9999 -9999 -9999 -9999 -9999 -9999 -9999 -9999 -9999 -9999 7387 6133 5853 6796 7606 9024 10239 11005 10404 9018 7874 8951 9789 9128 8179 7436 5917 5653 7455 9065 11230 12835 14898 16651 18036 17363 15853 14106 12346 10768 8956 7599 8177 9122 10519 12190 13525 14696 13760 12051 10251 8883 8371 8399 8289 8162 7808 7128 6909 7636 8947 10462 12044 12136 12004 11483 11521 11327 11044 10936
-9999 -9999 -9999 -9999 -9999 -9999 -9999 -9999 -9999 -9999 -9999 -9999 -9999 -9999 -9999 -9999 -9999 -9999 -9999 7247 5486 6201 7636 8164 8534 8885 9263 8934 8059 7094 7631 7936 7756 6272 5552 5406 6476 7992 9554 11449 13239 15243 17037 16977 15845 15031 13768 12067 10421 8705 7280 6972 8054 9494 11110 12791 14131 13160 11390 9677 7940 6733 6562 6503 6505 6581 6747 7814 8876 9938 11228 12754 13694 13655 13200 13381 13173 12830 12657
-9999 -9999 -9999 -9999 -9999 -9999 -9999 -9999 -9999 -9999 -9999 -9999 -9999 -9999 -9999 -9999 -9999 -9999 -9999 6753 5259 5554 6424 6554 6895 7215 7649 7389 6777 6086 5950 6154 6057 5155 5195 6489 7598 9116 10460 12255 13869 15740 17371 16211 14555 13472 12830 11977 10929 9355 7906 6544 7050 8731 10599 12296 13831 13422 11703 10115 8489 7249 6178 6586 6932 7595 8010 8680 10263 11356 12446 13579 14986 15234 14731 14917 14750 14429 14162
-9999 -9999 -9999 -9999 -9999 -9999 -9999 -9999 -9999 -9999 -9999 -9999 -9999 -9999 -9999 -9999 -9999 -9999 -9999 6642 5689 5137 4968 4896 5135 5325 6084 6054 5853 5522 5532 5300 5344 4833 5030 6348 7839 9603 11261 13039 14701 16528 17415 15468 13630 11988 10829 10089 10058 9320 7509 6052 6902 8588 10353 11884 12899 13100 11507 9929 8025 6639 6052 7297 8558 9133 9622 10081 11057 12456 13713 14714 16059 16903 16316 15720 14882 14126 13222
-9999 -9999 -9999 -9999 -9999 -9999 -9999 -9999 -9999 -9999 -9999 -9999 -9999 -9999 -9999 -9999 -9999 -9999 6568 6302 6151 6277 5908 5331 4781 4521 5620 5484 6020 6909 7052 6994 6036 4599 4598 5649 7439 9092 10756 12590 14554 16845 17110 14908 12962 11240 9489 8338 8247 7959 6880 5553 6679 7913 9465 10437 11231 11777 10493 8574 6776 5789 6751 8188 9902 10929 11525 11944 12585 13400 14900 15950 16944 16628 15460 14625 13418 12545 11621
-9999 -9999 -9999 -9999 -9999 -9999 -9999 -9999 -9999 -9999 -9999 -9999 -9999 -9999 -9999 -9999 -9999 -9999 6117 6227 6997 7854 7533 6319 5062 4440 4971 5852 7216 7245 8416 8166 6093 4533 4284 5264 6729 8424 10150 11851 13840 15748 15787 14838 12645 10926 8666 7032 6386 6068 6054 5271 5628 7047 8266 8790 9670 10079 8683 7446 5863 5804 7523 8900 10621 12161 13110 13551 14196 14837 15814 17022 16430 15279 14174 13238 12261 11158 10251
-9999 -9999 -9999 -9999 -9999 -9999 -9999 -9999 -9999 -9999 -9999 -9999 -9999 -9999 -9999 -9999 -9999 -9999 5902 5360 5829 7080 6605 5286 4282 4626 5491 7059 8378 8060 9110 8572 6520 5394 4218 4388 6124 7821 9576 11301 13427 14012 14202 14118 12495 11174 9433 7681 5947 5451 4982 4994 5065 5857 6603 7236 8621 8896 6944 5728 5414 5848 7565 9250 10976 12668 14286 15250 15812 16379 17069 17191 15750 14205 12990 11977 11070 10163 9403
-9999 -9999 -9999 -9999 -9999 -9999 -9999 -9999 -9999 -9999 -9999 -9999 -9999 -9999 -9999 -9999 -9999 -9999 -9999 5245 4914 5386 4919 4196 4330 5698 7085 8290 8634 8151 9496 8869 7343 5811 4184 4307 6055 7723 9595 11221 11868 11648 11782 12204 10706 10148 9330 8126 6885 6079 4754 4269 4187 4541 4892 6007 7661 7299 5795 5331 6156 6767 8136 9739 11382 13026 14650 16100 16393 16677 17141 16884 15490 13809 13007 12503 11652 10987 10608
-9999 -9999 -9999 -9999 -9999 -9999 -9999 -9999 -9999 -9999 -9999 -9999 -9999 -9999 -9999 -9999 -9999 -9999 -9999 -9999 4641 4115 3873 4413 5289 6423 8070 8460 7427 7806 9327 7635 6073 5423 3835 4328 6262 7987 9956 10412 9824 9638 9829 10644 9182 8034 7476 6598 5754 5659 4928 4146 3919 4067 4428 5517 6597 5687 5125 5122 5624 6324 7682 9343 10969 12677 14265 15079 14924 15177 15588 15993 15645 14203 14460 13966 13150 12608 12202
-9999 -9999 -9999 -9999 -9999 -9999 -9999 -9999 -9999 -9999 -9999 -9999 -9999 -9999 -9999 -9999 -9999 -9999 -9999 -9999 4463 4334 3882 4616 4307 5592 6970 6780 6409 7189 8483 6789 4654 3984 3493 4345 6217 7869 9600 8901 7634 7451 7956 9043 7997 6590 5588 5104 4062 3878 3801 3895 4520 4503 4647 4539 4982 4886 5231 5945 6570 6343 7340 9060 10597 12332 13556 13318 13160 13558 14128 14912 15296 15118 15634 15352 14741 14320 13854
-9999 -9999 -9999 -9999 -9999 -9999 -9999 -9999 -9999 -9999 -9999 -9999 -9999 -9999 -9999 -9999 -9999 -9999 -9999 -9999 -9999 3801 3650 3475 3338 4398 5588 5092 6018 7492 7955 6008 4918 4235 3257 3980 5880 7493 9113 7974 6211 5303 6158 7403 6416 5006 3700 3460 3300 3605 4095 5032 5652 5092 5841 5372 4816 5516 6773 7531 8195 7485 7879 9450 10807 12213 12258 11827 12193 13563 14485 15764 16361 16814 17256 16961 16303 15811 14806
-9999 -9999 -9999 -9999 -9999 -9999 -9999 -9999 -9999 -9999 -9999 -9999 -9999 -9999 -9999 -9999 -9999 -9999 -9999 -9999 -9999 4290 4453 4640 3295 3343 4354 4451 6275 8317 8453 6876 6286 4940 3127 3721 5595 7268 8672 7347 5431 4003 5494 5651 4736 3617 3016 3711 3789 4441 5762 6517 7109 6879 7391 7065 6338 6647 7661 9009 9518 9017 9299 10043 9996 10799 10611 11366 12790 14356 15710 16735 17753 18354 18602 18083 17495 16788 15468
-9999 -9999 -9999 -9999 -9999 -9999 -9999 -9999 -9999 -9999 -9999 -9999 -9999 -9999 -9999 -9999 -9999 -9999 -9999 -9999 5297 4481 5254 5948 4236 3112 3159 4355 6643 8830 9541 8081 6217 4594 2933 3630 5506 7175 8329 6765 4595 3295 3955 3695 2970 2980 3976 5252 4314 4970 6619 8069 8627 8555 9092 8751 8142 8446 9052 10182 11001 10425 10478 10261 9294 9739 10084 11670 13257 14923 16544 18021 18908 18700 17732 16855 16211 15600 14776
-9999 -9999 -9999 -9999 -9999 -9999 -9999 -9999 -9999 -9999 -9999 -9999 -9999 -9999 -9999 -9999 -9999 -9999 -9999 -9999 5176 5000 6224 6901 5246 3598 2896 4667 6741 7936 8303 7402 5308 3679 2574 3600 5399 7067 8115 6603 4649 2948 2809 2805 2899 4462 5432 6003 4683 5170 6768 8674 10012 10274 10707 10321 9789 10008 10390 10330 10417 9814 9214 9067 8744 9013 10148 11728 13348 14966 16530 17774 18345 17489 16335 15343 14433 13934 13239
-9999 -9999 -9999 -9999 -9999 -9999 -9999 -9999 -9999 -9999 -9999 -9999 -9999 -9999 -9999 -9999 -9999 -9999 -9999 -9999 5342 5987 7379 6727 4500 3079 2496 3672 5260 5690 6410 6472 5235 3557 2443 3547 4938 6140 7038 5740 3352 2287 2291 2454 3547 5436 6970 6425 4987 5948 7376 9198 10574 11409 11695 11250 10565 10575 9707 9135 9574 9375 9161 8244 8581 9693 11011 12384 13629 14494 15517 16829 17500 16273 15134 14078 13001 12242 11526
-9999 -9999 -9999 -9999 -9999 -9999 -9999 -9999 -9999 -9999 -9999 -9999 -9999 -9999 -9999 -9999 -9999 -9999 -9999 -9999 5834 6903 7546 5551 3448 3095 2237 2312 3228 3514 4379 4466 3781 2712 2184 2698 3787 4614 5348 5328 3119 2159 2249 3346 4635 6507 8011 6700 5312 6210 7812 8804 9306 9874 10211 9694 8979 9120 8565 9492 10282 10446 9176 7850 8480 9603 10864 11609 12325 13136 14598 16025 16153 15249 13770 12786 11673 10854 10026
-9999 -9999 -9999 -9999 -9999 -9999 -9999 -9999 -9999 -9999 -9999 -9999 -9999 -9999 -9999 -9999 -9999 -9999 -9999 -9999 6403 7486 7114 4740 3287 2906 2517 2177 1807 1872 2945 2679 2223 2033 2318 2042 2394 2744 3835 4569 3077 2057 2251 4391 6113 7800 8443 6623 5250 5722 6848 6969 7473 7854 8448 8485 7683 8076 8752 10208 11527 10827 9089 7807 7456 8455 9194 9852 10877 12182 13854 15291 14887 13944 12941 11547 10432 9340 8430
-9999 -9999 -9999 -9999 -9999 -9999 -9999 -9999 -9999 -9999 -9999 -9999 -9999 -9999 -9999 -9999 -9999 -9999 -9999 -9999 7148 7899 6092 4147 3723 3409 3288 3630 2715 1581 1795 1743 1670 2366 2697 2241 2219 1810 2907 3181 2549 1799 2651 4820 6869 9010 8465 6170 4750 5299 5315 5379 6019 6269 6893 7248 7578 8878 9648 11018 11646 10259 8889 8325 7022 7254 7669 8510 9933 11407 12966 14374 13978 12573 11628 10650 9273 8181 7144
-9999 -9999 -9999 -9999 -9999 -9999 -9999 -9999 -9999 -9999 -9999 -9999 -9999 -9999 -9999 -9999 -9999 -9999 -9999 -9999 7619 8188 6287 4883 4376 3964 4847 4738 2928 1349 1648 1446 2247 2340 2451 3289 2731 1779 1759 1899 1624 2468 3799 5517 7422 9185 7891 5825 4350 4427 4818 5644 6036 6380 6744 6979 8059 9559 11023 11640 11158 9982 10025 9071 7732 6721 6318 7572 9148 10680 12202 13678 13176 11648 10191 9248 8320 6893 5899
-9999 -9999 -9999 -9999 -9999 -9999 -9999 -9999 -9999 -9999 -9999 -9999 -9999 -9999 -9999 -9999 -9999 -9999 -9999 -9999 -9999 8066 7770 7088 6393 6244 6138 4593 2445 1060 1168 2103 2766 1992 2320 2489 2370 2737 1793 1377 1898 4074 5574 6953 8388 9670 7899 5944 4247 3827 4785 6371 7514 7998 8548 8629 9183 9999 10952 10739 10379 10929 11138 9997 8696 7185 5830 6799 8247 9837 11443 13042 12422 10842 9430 7901 7123 5988 4667
-9999 -9999 -9999 -9999 -9999 -9999 -9999 -9999 -9999 -9999 -9999 -9999 -9999 -9999 -9999 -9999 -9999 -9999 -9999 -9999 6532 8732 9141 8222 7393 6898 5960 4169 2179 839 1572 1407 1722 1862 2134 1602 1871 2547 2024 1231 1889 3748 5645 7562 8737 9371 7407 5663 3990 3480 5066 6800 8410 8837 8911 8455 8115 8677 9444 9349 10227 11122 10325 9502 8527 7026 5539 6070 7557 9279 10813 12051 11700 9945 8535 6970 5654 5087 4143
-9999 -9999 -9999 -9999 -9999 -9999 -9999 -9999 -9999 -9999 -9999 -9999 -9999 -9999 -9999 -9999 -9999 -9999 -9999 -9999 -9999 6977 7878 6718 5595 5029 4614 4227 2668 822 650 1007 995 2164 1610 1263 907 962 1032 1969 3057 3945 5489 6101 6961 7593 6763 5125 3362 3450 5324 7117 7784 7232 7068 6591 6342 7102 8268 8812 10084 9745 9136 8063 7279 6249 5134 5599 7143 8946 10055 10511 10680 9296 7748 6109 4632 4246 3837
-9999 -9999 -9999 -9999 -9999 -9999 -9999 -9999 -9999 -9999 -9999 -9999 -9999 -9999 -9999 -9999 -9999 -9999 -9999 -9999 -9999 5822 6158 5111 3650 2959 2587 2522 1860 746 322 500 1049 1131 865 820 847 1764 2152 2648 3009 3264 3320 4321 5006 5526 5742 4760 3003 2992 4923 6376 6232 5684 5532 4996 4762 6105 7363 8614 8603 7957 7510 6789 5840 5027 4532 5879 7441 8771 8547 8709 8901 8252 6979 5336 3896 3435 3065
-9999 -9999 -9999 -9999 -9999 -9999 -9999 -9999 -9999 -9999 -9999 -9999 -9999 -9999 -9999 -9999 -9999 -9999 -9999 -9999 4249 4972 4412 3919 2366 1334 1003 960 716 542 90 99 377 459 703 590 695 1730 2069 1461 1345 1580 1926 3114 3286 4009 4205 4078 2551 2593 4307 5426 4582 3906 3849 3924 4645 6004 7145 8113 7202 6346 5817 5474 4476 3914 4885 6412 7553 7424 7009 7109 7281 6665 6074 5248 3818 3017 2963
-9999 -9999 -9999 -9999 -9999 -9999 -9999 -9999 -9999 -9999 -9999 -9999 -9999 -9999 -9999 -9999 -9999 -9999 -9999 -9999 3587 3945 2709 2126 1874 1011 1629 1397 1335 1320 160 62 290 640 398 694 819 641 761 768 946 970 1106 1253 1568 2235 2454 2727 1897 2372 3918 4593 3496 2944 3602 4658 5606 6465 7378 6708 5947 4805 4162 4075 3672 4382 5717 6316 6250 5606 5118 5246 5496 5060 4498 3965 3300 3173 3231
-9999 -9999 -9999 -9999 -9999 -9999 -9999 -9999 -9999 -9999 -9999 -9999 -9999 -9999 -9999 -9999 -9999 -9999 -9999 -9999 -9999 2632 1887 1385 1371 1772 2662 3124 3065 1623 253 584 225 750 1091 1042 1673 1731 1097 1084 2070 2309 1143 1356 1180 1229 1284 1338 1376 1696 2658 2972 2496 3105 4065 4617 5476 6573 6128 5318 4438 3555 2801 2801 3275 4489 5070 4758 4700 4106 3559 3574 3682 3363 3305 3408 3450 3449 3636
-9999 -9999 -9999 -9999 -9999 -9999 -9999 -9999 -9999 -9999 -9999 -9999 -9999 -9999 -9999 -9999 -9999 -9999 -9999 -9999 -9999 -9999 1915 2472 3230 3663 4217 3993 3131 1586 279 837 568 662 1605 1890 1748 2984 1677 1675 3031 3413 2132 1966 2106 2587 2460 1862 1707 1718 1565 1748 2260 3111 3365 4871 5423 5540 4857 3781 3112 2667 3329 3591 2991 3230 3393 3176 3262 3484 4213 4231 3977 4134 4754 4967 4690 3713 4443
-9999 -9999 -9999 -9999 -9999 -9999 -9999 -9999 -9999 -9999 -9999 -9999 -9999 -9999 -9999 -9999 -9999 -9999 -9999 -9999 -9999 -9999 3029 3884 4658 4380 3884 2939 1603 804 349 753 1756 948 850 1670 2170 3216 1954 1594 2583 4001 3627 3542 3610 4236 4156 3371 2472 2088 1735 1783 2204 2255 2865 3605 3864 3907 3946 2672 2903 3689 4620 4861 3968 3570 3542 4008 4585 5317 6178 6180 5987 6150 6115 5463 4395 4019 5005
-9999 -9999 -9999 -9999 -9999 -9999 -9999 -9999 -9999 -9999 -9999 -9999 -9999 -9999 -9999 -9999 -9999 -9999 -9999 -9999 -9999 -9999 4796 5474 4822 3421 2280 1602 816 1048 492 678 2574 2057 861 1022 2329 3201 2517 2934 3332 4767 5444 5224 5219 5773 5522 4127 2639 2070 1922 2338 2447 2083 2072 2222 2407 2475 2809 2626 3203 4707 6030 6457 5785 5472 5488 5968 6615 7431 7946 7931 7862 7261 5925 5236 4197 4963 6296
-9999 -9999 -9999 -9999 -9999 -9999 -9999 -9999 -9999 -9999 -9999 -9999 -9999 -9999 -9999 -9999 -9999 -9999 -9999 -9999 -9999 -9999 -9999 4494 4043 2302 1208 1100 1605 2270 1021 853 2929 3184 1603 887 2085 3102 3783 4530 4951 5797 7033 7077 7084 6663 5262 3590 2614 3309 3583 3872 3380 3329 3185 3106 3108 3097 2779 2481 3183 4716 6557 7821 7429 7133 7273 7765 8572 9494 9835 9262 8531 7220 6570 5686 4343 5502 6411
-9999 -9999 -9999 -9999 -9999 -9999 -9999 -9999 -9999 -9999 -9999 -9999 -9999 -9999 -9999 -9999 -9999 -9999 -9999 -9999 -9999 -9999 -9999 -9999 3673 2244 1315 2461 3320 2945 979 993 2925 4105 2586 1455 1277 2341 4187 5698 6628 7312 7959 8426 7854 6138 4559 3133 3409 4604 5427 5027 4305 4997 4859 4749 4706 4707 4006 2818 3529 5107 6949 8583 9417 9009 9129 9553 10322 10245 9086 8048 7336 7166 6167 4722 4570 5965 5676
