data/moz/moz_beta.asc
ncols	234
nrows	368
xllcorner	195196.26821073
yllcorner	7004178.4200866
cellsize	5000
NODATA_value	-9999
[rows 189 to 215 of 368, columns 61 to 121 of 234]
72979798.78338952 1220256335.546148 1097362879.2259455 951502273.9406464 71462385.12694964 878213863.3299936 849809495.9771357 54881472.59804024 754098857.5004214 739843293.3815916 51492734.67415353 42321161.27099359 32497837.24263742 480934318.76811045 22967699.272860464 18705261.967345785 20356968.24089057 22181216.637771968 14039583.83140842 0.0 0.0 0.0 344501285680.6261 435347473017.729 500317389549.01263 1322356670.6085403 464377637828.961 1014911723059.9451 1377192733.8805473 1089656784.8294716 0.14299871383602605 117757725094.10077 120149699099.12093 0.0 0.0 0.0 0.0 115279907836.59155 0.0 0.0 0.0 0.0 0.0 0.0 0.0 0.0 0.0 0.0 0.0 0.0 0.0 0.0 0.0 0.0 0.0 0.0 0.0 0.0 0.0 0.0 0.0
80984323.13592413 0.04706865566448938 79372319.83933425 1100467239.4388072 71951619.8758426 822409873.6356034 752980094.2901576 782551283.3518661 578255791.8044593 550420493.0613357 914776565.7694849 707921755.457969 414201770.90724134 422378872.6209281 328633780.055666 386325206.27324915 393678382.56873804 16727893.631998051 13085480.782588365 6685536.313207901 0.1233316472736353 1127060206.2720747 406709450865.4794 674448384434.3567 250870649050.7514 1270627330.7426393 740856532029.4409 1614884854.082291 0.1187975370539797 976099605.9977084 0.10884401878851507 113679326829.49463 114317553141.75534 0.0 0.0 0.0 117698263354.11198 119992733066.49153 118256527096.74672 0.0 0.0 0.0 0.0 0.5543378480359812 0.0 0.0 0.0 0.0 0.0 0.0 0.0 0.0 0.0 0.0 0.0 0.0 0.0 471885139.1511271 0.0 -9999.0 -9999.0
87894172.73246905 7570552748.058742 7598688626.031112 1062678742.8388788 74991867.95176078 61781987.601165496 802052844.8786734 762369010.4443244 512021147.4879266 543289574.2684402 554460711.3986163 609915954.3285472 456238867.5386586 340922307.45459455 285623923.8430142 404605588.65715116 366455861.4489323 271026415.0881112 21957347.245463606 27343813.62962522 19984932.41294904 660105378.7019182 1021033129.3856364 1467353721.7391627 683767550652.2965 816664711069.3623 1348200752.805987 1623413789.4846282 0.11982867862806187 0.11996333642175488 0.10975460411767606 0.10814664891655675 115357693025.58722 0.0 0.0 113732586374.7472 113829737838.49461 114655010597.60635 116698224785.85646 120392450133.7518 0.0 0.0 0.0 0.0 0.0 0.0 0.0 0.0 0.0 0.0 0.0 0.0 0.0 0.0 0.0 0.4940254649909474 0.5206040990607577 0.0 -9999.0 -9999.0 -9999.0
0.046822776643579714 0.048941186106850235 0.04922250482804845 81065845.99913743 0.05900182694141858 0.06435839572981365 53700461.87730953 54766551.03654411 625964951.7528131 535118571.5168866 466390410.791699 449715902.8443755 18676457.568611946 20582645.089751963 18253244.025910743 19907583.258060537 21089088.761323154 182707383.74898255 258131921.6753994 374224073.55064476 503633797217.9425 313532654533.5784 1049232547.0140007 1055003315.7589341 293253992134.9198 748792439237.6691 897584901.3370275 0.10535217257677493 0.11194318377957514 0.12442661848542648 0.1086406403226003 0.09792525660283054 113156747510.72508 116209294500.24706 117460971222.11842 111690657236.70595 110711098867.44771 0.11096409620067796 116250441396.6877 119570591410.55264 116742352452.22046 0.0 0.0 0.0 0.0 0.0 0.0 0.0 0.0 0.0 0.0 0.0 0.0 0.0 1137143250.2283432 0.5011731834834683 0.0 -9999.0 -9999.0 -9999.0 -9999.0
0.054331759690562025 75004526.41283913 80113250.92011093 82746476.76601562 0.05668331036886245 0.06895036560630144 0.06755382101224228 46134138.310509175 689577560.1222489 597547081.7494223 474411478.24667096 25002763.387021426 23826136.382405613 13837973.661773661 17418765.013376005 21028703.018786736 15811813.625593165 262309665.93395725 220906077.02273026 255093085.16698948 19272184527130.19 365117088622.0532 906758344173.3206 570373016201.5725 305530842788.6749 35113710560351.633 303382935216.94916 1322987672.0509493 0.10140910584692253 0.10772472159665984 0.10658399482827319 0.10794407541767627 113624532740.06885 0.0 112744646252.58101 0.10129845842907464 1232164120.7436335 116374204782.21684 0.0 0.0 0.0 120620432823.77129 120460632054.86215 118809408486.38438 0.0 0.0 0.0 0.0 0.0 0.0 0.5366647906180582 0.0 0.0 0.0 710110613.761134 0.0 -9999.0 -9999.0 -9999.0 -9999.0 -9999.0
75628027.69769448 73137871.81985115 87971093.50781554 68222919.9154711 0.06006465118851538 0.06970170497651797 54275783.80284036 49412843.82372575 46327614.12960987 539911093.0456359 29647124.061489005 28413406.072360456 20984445.721878387 0.1052364643723122 0.0954049432918323 0.09974142220255959 18938512.170137778 13411923.012675516 374580285.500695 291211609.16634387 27578926040759.316 18060454349743.355 32508205681911.63 32732996998747.39 16826368445683.562 253941569986418.9 577644700054.8702 1503014541.4100459 1550147171.159979 0.10286525729045823 0.10169771798488572 0.09549350796398773 113066556322.33417 116208844713.97995 111567440496.04247 0.10364698363184457 0.11580500280601082 115774916334.89154 0.0 0.0 0.0 119190551453.246 120760258880.77359 122525850963.42787 121436765176.17604 0.0 0.0 0.0 0.0 0.0 0.0 0.0 0.0 0.0 0.0 -9999.0 -9999.0 -9999.0 -9999.0 -9999.0 -9999.0
79289776.66398454 82336396.5577968 0.04983027609594934 71862023.03016056 65831163.43924113 0.06849655949243047 667177088.9427592 776483548.7067022 37484634.28746795 29013931.611370202 473147806.2620696 25596007.931190312 0.10254586951375508 0.10551415635114407 0.0989688099167718 0.10193615775093044 18279518.46010089 25004800.3300385 405412864.77735263 16994010.557010602 1600721733.1956081 254066028428.6708 149127966905.39902 224564773263.60522 21608575334006.87 189448033214864.2 31720534544949.2 771941782137.8401 1481238479.9238489 1694677996.0208921 0.09619775260399066 0.10274371038769471 0.11356542456123744 114523014578.68275 112619820639.54814 0.10374500268032069 117191197849.44832 117113553743.50824 118884993919.40608 0.0 0.0 0.0 0.0 120385160527.38004 121944160869.26404 0.0 0.0 0.0 0.5317757601911712 0.0 0.5223845793513265 826885196.6840527 811232114.0491892 0.0 -9999.0 -9999.0 -9999.0 -9999.0 -9999.0 -9999.0 -9999.0
0.05929071792499068 0.058163299239375965 0.05096775632553821 0.05534495765716567 0.05921042497059863 58158650.07705143 742221277.1446259 50597728.19110519 34680663.4392671 29235715.83409877 413041565.7407692 23289767.0302024 24021252.51982024 0.10106346656931425 0.1051211764350257 0.10595513327021548 23927295.18055105 481239669.0091262 25525310.13253377 11444619.318029879 893174126.8575513 2193946049.3300247 270904286110.92398 259000856616.93777 334912618306.53796 304968820801.74744 298102010803.75586 28335937816381.34 559111668183.7401 1525540483.944772 1965260724.0816307 1475171251.2252927 0.10390043233344451 115755737103.48631 113608224142.8482 0.10831616423756371 114579174515.39734 116656912096.31781 118215710144.1871 118290563076.25357 119773763561.91399 0.0 0.0 0.0 0.0 0.0 0.0 0.0 0.0 0.0 0.0 385257658.7518654 0.0 -9999.0 -9999.0 -9999.0 -9999.0 -9999.0 -9999.0 -9999.0 -9999.0
7961139857.473936 0.06173918432163651 0.05590094008766625 77379429.19562465 66949972.38273569 617491885.3471087 691047184.5064809 46906670.9859629 33764935.106526695 31118729.78511415 424255558.2772372 26247828.078798935 22124074.18788758 0.10718465026841217 0.10930366335557105 0.10961242757966473 21489938.58372403 20876933.829788774 14135984.317879036 0.10968988962681085 980577171.582733 1645569244.7411015 670003658.4522943 1387415264.7117457 0.0 653068113866.8353 1609287409.3142169 627094220.68002 886707077.8851849 560378566587.8579 544902859726.8298 1436724994.5685499 0.11313832685255817 0.11843074456107935 0.11041665786086624 180799305.37029788 529601429.02937144 0.1317049856967891 0.1268845430738231 116421524458.38628 118227152348.23245 0.0 0.0 0.0 0.0 0.0 0.0 0.0 0.0 0.0 0.0 1.6604795481574983 0.0 -9999.0 -9999.0 -9999.0 -9999.0 -9999.0 -9999.0 -9999.0 -9999.0
7944709543.464609 0.05923914487333883 0.04994110801257569 75793035.44665864 0.06618442966198904 629232657.5492469 742703996.1874093 47809504.406127125 38044539.90487416 30805899.026700728 383516702.4244898 25466591.494008906 24850824.906431075 0.10118328478920395 9500112592.47269 0.11329058166083705 0.10697740662191042 19246633.357949022 0.10734610161598483 0.10983369731773174 0.11797613459448342 17489890.128263645 1175269079.1289644 829335248.6634783 274420734060.84885 93712330423.21774 1187974934.886775 1107705314.1246111 598483496.3387412 364348442706.64044 851049598027.1685 504893396521.55005 979914269.0644885 0.11258819867771576 0.1229620957797526 0.0 304810566.01963854 0.13033779463469855 0.14066439292054633 0.13060618504328395 119327410974.91736 0.0 0.0 0.0 0.0 0.0 0.0 0.0 0.0 0.5167203658025394 1.0000686858287102 0.0 -9999.0 -9999.0 -9999.0 -9999.0 -9999.0 -9999.0 -9999.0 -9999.0 -9999.0
32253373253.263824 0.06063168255466748 0.04982298930004136 78948331.0808834 61279613.39220057 53932899.57023982 726137452.8044963 41407290.7454969 31491630.754867807 33558345.34597152 407465473.6432111 326396824.8061863 29850136.447998308 0.10325193650471724 9565376546.376402 9656002783.174131 9625642959.355526 0.10845169529022705 0.10089473233395234 0.11505269072251655 0.11932521676664198 0.1132652134357146 721472107.1633996 864844639.5120956 577332661.905237 0.0 1117132248.8019555 0.0 1039640041.1870294 1702186810.5038667 0.0 864571174.5956345 832068671.2792939 1281921377.2444873 0.0 0.13908424941874475 0.0 0.13232323493516662 0.13737390176239367 0.13952131820425548 118558266309.13089 0.0 0.0 0.0 0.0 0.0 0.0 0.0 0.0 617505943.5880812 0.0 -9999.0 -9999.0 -9999.0 -9999.0 -9999.0 -9999.0 -9999.0 -9999.0 -9999.0 -9999.0
31486706884.751637 0.06504234525728006 78673499.93753265 986682685.7964118 45164179.727257915 46453965.388891414 46312351.01364673 38027645.77510282 39550442.57647141 31866096.666933443 476811523.29945374 21764041.967743583 24482543.173897795 0.10515213990901966 9514551504.662058 9689812536.242704 9656021286.050419 0.10855729618866578 0.10117002248489214 0.10309947049441308 0.1138622268442115 0.11913762125852513 0.11012782363798543 0.11769826664886872 0.1267316263196393 0.0 495994019.1215783 292503547313.29724 523734114556.54443 1534894826.2682867 345550768.9240527 481432533.42197245 1612939221.1374657 7362751361543.342 4949007776395.657 0.0 0.0 0.0 0.13026454081851804 0.14330359727383837 119398816749.24551 118936799529.78763 0.0 120760155461.70222 120723487396.26999 0.0 0.0 0.0 0.0 0.0 -9999.0 -9999.0 -9999.0 -9999.0 -9999.0 -9999.0 -9999.0 -9999.0 -9999.0 -9999.0 -9999.0
33052440288.10751 32586695339.965538 0.06062672427081831 53162402.21938214 50553260.646343574 0.07296419699139202 45226679.10291448 0.09179695724430843 0.08238162475262346 32154833.486039516 470865247.42608637 33544174.316297494 0.10123133574538641 0.09237112114026354 9205591068.914814 9520059483.822515 9626623379.633883 0.11205741123970808 0.10121464039801396 0.10579993564292992 0.11222597398572828 0.11562524727127983 0.1163638915132286 0.11956400224607046 0.13549130612692561 0.120418588996832 0.0 0.12269192535429578 283667301222.8404 812318048827.9602 1710539856.8244765 834751827.7148807 963172796.4507023 0.0 396677637.04926765 7395737713036.504 8382690594748.769 0.0 0.1384128509724605 0.12422012488431759 118191058863.67477 117546128599.0546 119458493568.50378 120856421728.87373 120275775938.13304 121219325182.91042 0.0 0.0 0.0 -9999.0 -9999.0 -9999.0 -9999.0 -9999.0 -9999.0 -9999.0 -9999.0 -9999.0 -9999.0 -9999.0 -9999.0
38047282138.13532 33872294111.67841 34731610847.34642 7874272617.20983 0.06384994602653475 0.07112689857715176 0.08117238509735822 0.08286459555064701 0.09105704239240793 0.08811238694776594 0.09875426600684636 0.10592406287740845 9369406385.558699 9430233805.53951 9501328428.31271 0.0 0.0 9516512035.65987 109923373633.36884 113405287704.42987 116665577132.05675 0.0 0.0 115237786860.41919 0.11546888280522717 0.11865491237012345 0.0 0.1445668530919491 0.13871566103626173 309479251.98781484 1203782703.364389 0.11957858016654457 0.10534636428550988 0.10004263785328114 789762884.7654858 0.0 17766333059553.016 72986321599.25537 0.1352251192018409 0.13938896619362737 0.13868415057414507 0.12952777455198605 0.13073387162790187 0.13470832338125005 0.129038985198138 0.11915621184728624 112158922012.85829 0.0 -9999.0 -9999.0 -9999.0 -9999.0 -9999.0 -9999.0 -9999.0 -9999.0 -9999.0 -9999.0 -9999.0 -9999.0 -9999.0
39803595777.63518 38758577948.985985 42878511059.837875 38546747883.55887 8159850088.880887 0.06798963829577835 0.07641543075982617 0.07997705102302399 8976128931.977348 0.08757749525812009 0.1000644803315004 9070943014.101881 0.0 0.0 0.0 0.0 0.0 0.0 113164161309.60257 117003600619.50572 114933598121.51657 0.0 0.0 0.0 114512866582.45201 0.14445672118369196 0.15100960625563498 0.13758698793247032 119790103111.30554 118934727398.58698 0.12668498758581181 0.11893522497396794 0.1084972678595806 0.10661358947913906 0.10057571545431435 336862914337.5438 0.11756545942387692 0.0 0.0 0.0 0.0 0.0 0.0 0.0 0.0 1121787372.147339 -9999.0 -9999.0 -9999.0 -9999.0 -9999.0 -9999.0 -9999.0 -9999.0 -9999.0 -9999.0 -9999.0 -9999.0 -9999.0 -9999.0 -9999.0
43964216202.98502 45678942221.32633 43546779834.07503 41033606894.804 8184691726.121631 0.07575936458319381 0.0847960736976075 39957911.82542404 0.07745742742293582 0.08630401778678924 9321687756.784723 9099270124.613012 9159213894.688694 0.0 0.0 0.0 0.0 0.0 9492436515.890442 115876760848.00092 116133081391.33708 113310868611.04976 0.0 0.0 0.0 0.0 122852309022.38016 117887743058.17773 118280443735.29593 121845849960.89192 0.14237324942786722 0.12240583760400761 0.12129834754909533 0.12386524019091641 0.11607509004693412 inf inf 0.0958021788655187 0.0 0.0 0.0 0.0 0.0 2971170949.102945 1376697891.578272 inf -9999.0 -9999.0 -9999.0 -9999.0 -9999.0 -9999.0 -9999.0 -9999.0 -9999.0 -9999.0 -9999.0 -9999.0 -9999.0 -9999.0 -9999.0
inf 47715310655.32732 inf 7361924379.780631 0.05219951470120534 0.0762245695585745 37806061.61729715 48507102.965553425 41206273.70833891 0.09328301994258294 9313149361.466444 9480207478.1773 0.0 0.0 0.0 0.0 9347593753.003374 8954645055.083948 113048716777.92014 113641151685.71939 0.11915514643008764 112740108997.36969 0.0 119006840239.69954 0.0 119130501376.07489 117169134005.92107 115981743849.91415 122061873747.887 123997201166.75182 123785616541.59085 0.13119626156976566 0.12345695354133936 0.13063038239323865 0.14147374930764317 0.11010698687559134 1146278271.5761094 0.0 65182162054191.25 0.0 2512715487851.466 421638679251.62146 inf -9999.0 -9999.0 -9999.0 -9999.0 -9999.0 -9999.0 -9999.0 -9999.0 -9999.0 -9999.0 -9999.0 -9999.0 -9999.0 -9999.0 -9999.0 -9999.0 -9999.0 -9999.0
-9999.0 0.0 7216188385.255824 0.04730524058595587 0.04960423532535182 0.06999128921384143 51003574.32024369 37850155.620799005 0.09248424878165908 9251589662.39753 9606722643.180504 9305577932.291058 0.0 0.0 0.0 9458021963.787748 9067057495.1319 0.09770939319919379 0.1085652261262356 1212781284.6198423 0.11179846235584566 0.1040461767023932 113430049807.4453 115891869653.39615 117649050680.69897 120821696360.2522 120777983949.67291 124420366038.76375 123113251220.08485 121340616235.97226 0.1354083857284744 0.13034075044795446 0.13485187740496182 0.1317580502149313 0.14023211532816776 0.13250532800453374 0.13636045281197767 inf -9999.0 85809626186733.88 0.10618495352324435 inf -9999.0 -9999.0 -9999.0 -9999.0 -9999.0 -9999.0 -9999.0 -9999.0 -9999.0 -9999.0 -9999.0 -9999.0 -9999.0 -9999.0 -9999.0 -9999.0 -9999.0 -9999.0 -9999.0
71028456.20773922 0.03950819749522264 0.04257461303267436 0.05201644681460601 0.05573313119584073 58794286.5994864 52218446.34954801 0.08252254021313278 9077658568.688398 9332057134.194822 0.0 9145914854.868498 0.0 9363093351.709736 9265837447.52049 9433755815.3232 0.09188955852742292 0.09778367145039471 0.10724456699391298 15255868.501864115 18761267.843984507 64825979.684984386 114921897440.3156 115596248857.99905 114536106718.08583 119997300736.23238 120301328885.06145 119589214856.59296 119859124944.65797 121575899190.39906 0.1289021789634637 460265020.09323215 0.1259456899048452 0.0 0.1305636059824837 0.1286811281751395 0.12171322969354638 117048316448.4017 -9999.0 inf -9999.0 -9999.0 -9999.0 -9999.0 -9999.0 -9999.0 -9999.0 -9999.0 -9999.0 -9999.0 -9999.0 -9999.0 -9999.0 -9999.0 -9999.0 -9999.0 -9999.0 -9999.0 -9999.0 -9999.0 -9999.0
78025740336.90877 0.04184996900736298 0.04646053874393106 0.0553073657938127 0.06073167079948759 0.07278062361266435 0.07727053595788735 0.08099615639129056 9070221228.121664 9208749977.05084 9113589725.86795 8980583040.242855 8817186921.175062 8891944222.302633 9411718965.755089 0.10282175282420618 20503525.40028832 0.09369737782078745 0.11041060116552007 0.11980712813591704 0.12066017985370484 0.12927614448743968 113650602297.84323 118591567419.71681 117558286880.35204 115291347742.87059 118224762683.10715 0.12826761895649197 0.12039025816438716 0.12414120453772033 52924184714.11441 0.0 0.0 0.0 324412558.605415 0.11688567375588095 0.11125507857357476 0.0 -9999.0 -9999.0 -9999.0 -9999.0 -9999.0 -9999.0 -9999.0 -9999.0 -9999.0 -9999.0 -9999.0 -9999.0 -9999.0 -9999.0 -9999.0 -9999.0 -9999.0 -9999.0 -9999.0 -9999.0 -9999.0 -9999.0 -9999.0
5644588735.597363 7296602056.193501 7933529328.760177 0.0657904469428119 0.06518833805612706 0.07852111105607773 0.07850454809183187 0.07622856350429986 0.08538877765256732 0.08648175437871217 0.08763413539774205 0.08257287028912684 0.09001726764721953 8888120120.712736 9016848129.270863 0.10166392852385082 20002464.8836698 519710620.17706573 0.11796327813148764 0.13010694358638145 0.12809691628313305 0.1245298482436085 0.12531259113910082 118109816147.43929 0.12975779173172663 0.11668378858936122 0.11757581002069391 0.0 0.0 0.0 0.0 0.0 0.0 0.0 0.13323650444717863 0.1331577859615001 0.12542242972597517 -9999.0 -9999.0 -9999.0 -9999.0 -9999.0 -9999.0 -9999.0 -9999.0 -9999.0 -9999.0 -9999.0 -9999.0 -9999.0 -9999.0 -9999.0 -9999.0 -9999.0 -9999.0 -9999.0 -9999.0 -9999.0 -9999.0 -9999.0 -9999.0
6864039421.476385 7636053966.661279 8179729620.666566 0.0740071183273194 0.06766895775180161 8638044202.734085 0.07981104374887973 639551872.6859779 37636849.246482246 0.09104039137673199 0.08926753554620596 8916996793.194443 112248663567.40819 114062016172.6221 112026186098.39185 0.09579683330828351 0.10022918385596401 0.11484524352143327 0.11791783844403679 0.132394380713377 0.13341117793799875 0.14427007797181837 0.0 0.0 145898649476.82666 0.0 0.0 0.13685757285750105 0.14732821203754576 0.0 0.0 0.0 0.0 0.1528425230528987 0.1554779862000518 0.15612646119866946 0.14146501579626025 0.0 -9999.0 -9999.0 -9999.0 -9999.0 -9999.0 -9999.0 -9999.0 -9999.0 -9999.0 -9999.0 -9999.0 -9999.0 -9999.0 -9999.0 -9999.0 -9999.0 -9999.0 -9999.0 -9999.0 -9999.0 -9999.0 -9999.0 -9999.0
0.049644134362625096 0.055717050274052535 0.06467177914388732 0.07088508303951845 8224163255.567502 8915713287.987066 0.08512684161750782 0.08600808756947222 0.09456312337376144 9064148378.118599 112059685018.80515 110562341683.14105 0.0 0.0 0.0 115810822141.90936 114381708856.15115 0.1139906760874588 0.11615449660494717 0.11739864136181147 0.1387366115331514 0.15262999797663618 0.0 0.0 0.0 0.1561117350858627 0.1567961398146547 124878002766.75839 127805850530.03316 0.14929948249180017 0.14742751560305212 0.13972844278375984 0.14603647731396668 0.14276346994170308 0.15507607187234934 0.14864875398330632 0.0 -9999.0 -9999.0 -9999.0 -9999.0 -9999.0 -9999.0 -9999.0 -9999.0 -9999.0 -9999.0 -9999.0 -9999.0 -9999.0 -9999.0 -9999.0 -9999.0 -9999.0 -9999.0 -9999.0 -9999.0 -9999.0 -9999.0 -9999.0 -9999.0
61094585.00635212 0.0680236095896719 0.0668864519019772 8611464199.561525 8716601048.1632 8834664463.214006 0.08652442601860118 8964864445.717272 9092983965.027252 112992111815.79381 0.0 0.0 0.0 0.0 0.0 115627355931.50133 112989024970.15782 0.11151671972663925 0.10881655672104565 0.12470623455446835 0.13973414644444768 0.15982705623051777 0.1703347463944403 0.16603495734643625 0.18095565590908422 0.1468100904481872 122439423085.49208 0.0 126652223249.64185 123877383951.0607 0.14321032315899307 118239834698.30502 119700777410.6104 122758558968.07863 0.1528838021952481 0.1479473771951645 0.0 -9999.0 -9999.0 -9999.0 -9999.0 -9999.0 -9999.0 -9999.0 -9999.0 -9999.0 -9999.0 -9999.0 -9999.0 -9999.0 -9999.0 -9999.0 -9999.0 -9999.0 -9999.0 -9999.0 -9999.0 -9999.0 -9999.0 -9999.0 -9999.0
772178237.3070381 50890336.228234306 48592829.57376851 8496960266.781875 8847910206.735281 8686828135.912352 8912840091.363205 0.0 0.0 0.0 0.0 294829528.51832944 419071987.6150642 0.0 115384688651.86737 114907523921.739 113687252289.63194 114237627900.59106 0.11894075817951448 0.14316021383484875 0.14972033332354517 126865035294.144 0.16340073279211684 0.1682824513095056 0.18940689513764342 0.14975705242515439 118465810151.38852 0.0 0.0 121217571528.27327 0.1339267479259828 118321785943.66583 119194857369.18935 119746698525.34644 115989719631.09486 0.13040931684671533 763822922.2367053 0.0 -9999.0 -9999.0 -9999.0 -9999.0 -9999.0 -9999.0 -9999.0 -9999.0 -9999.0 -9999.0 -9999.0 -9999.0 -9999.0 -9999.0 -9999.0 -9999.0 -9999.0 -9999.0 -9999.0 -9999.0 -9999.0 -9999.0 -9999.0
684691062.4906838 46436008.54022824 40728449.57074821 0.07243548631316245 8432990943.851407 8618343071.536398 8912996157.623598 8825481060.897558 17327502287.222683 0.0 282016358.9150507 0.5064948921926422 0.0 115173844834.48137 111751108420.5477 112744472696.42482 116564162816.74583 117827939922.29926 0.1417893633331632 0.14999990100775895 0.15655333707650193 126837554697.9136 127626223838.8206 0.1827876242678649 0.18010318213998647 0.1361531164142889 118673760085.28941 119138459624.21857 121067996210.67029 0.0 117553466248.83664 119356340529.2865 123088170821.87808 119794879944.18153 112861820868.94803 0.11152431602148447 0.11907722894511918 0.0 -9999.0 -9999.0 -9999.0 -9999.0 -9999.0 -9999.0 -9999.0 -9999.0 -9999.0 -9999.0 -9999.0 -9999.0 -9999.0 -9999.0 -9999.0 -9999.0 -9999.0 -9999.0 -9999.0 -9999.0 -9999.0 -9999.0 -9999.0
676463130.098058 631654777.8480834 44673330.46995467 0.0751212568972808 8352340857.026791 23528668640.279243 17652248088.804596 20434764320.287815 16059144431.049038 15180491450.018589 263525657.6904248 0.0 0.0 113784249267.46977 0.10788134645055784 0.10973991794215684 0.12045551189895572 0.1167521257965487 0.1471597405908559 0.15121622612316113 125140117354.00203 123875545050.79141 0.1627684048757632 0.15980553556930463 0.15955948617254015 0.13589523697795702 121098491471.32805 121663606316.53133 122292742497.81714 120769424832.8824 121644705800.4714 118168421438.27298 124598812112.65312 121879449715.51466 116088434996.81645 0.11256296360494214 inf -9999.0 -9999.0 -9999.0 -9999.0 -9999.0 -9999.0 -9999.0 -9999.0 -9999.0 -9999.0 -9999.0 -9999.0 -9999.0 -9999.0 -9999.0 -9999.0 -9999.0 -9999.0 -9999.0 -9999.0 -9999.0 -9999.0 -9999.0 -9999.0
