data/moz/moz_beta.asc
ncols	234
nrows	368
xllcorner	195196.26821073
yllcorner	7004178.4200866
cellsize	5000
NODATA_value	-9999
[rows 162 to 188 of 368, columns 61 to 121 of 234]
71864300.59908187 0.06848053535290187 8747188373.093414 0.08171344594647187 540223810.6047577 0.09695997491694855 0.10264442402169074 9521400450.683294 0.11913390123980845 497847.7163207222 10110848436.928219 10489672858.24232 0.0 0.0 0.0 0.0 0.0 0.0 0.0 0.0 0.0 0.0 0.0 0.0 0.0 0.0 0.0 132369143691.728 0.15048650017464796 0.1594170048358736 0.17440202246279754 0.17155347337799262 0.20552340427017132 0.19121205898894375 131713786532.28944 122710866199.45488 125976688391.01968 127390260748.66199 0.0 0.0 0.0 0.0 125055866889.40689 125654067602.83774 127076229865.4448 0.16610524401631516 0.1529130340627727 0.0 0.0 0.0 162745494.60245275 198742265.70927888 0.0 0.0 0.0 0.0 0.0 0.0 0.0 0.0 0.0
7959952557.978668 8371140220.740933 48994716.792481 31823733.89075471 549299129.189237 22083689.301707406 0.10480397856552144 9706289529.00315 0.11238448553126051 0.1099344488628207 9806347598.212927 0.0 0.0 0.0 0.0 0.0 0.0 0.0 0.0 0.0 0.0 0.0 0.0 0.0 0.0 0.0 130777916532.90785 130482393298.94223 0.1566356464180726 0.17026660325946863 0.17473161094707282 0.16393855593899856 131188849195.6174 128626606044.9039 127305218295.43707 121989132611.80907 122651498268.65442 0.0 0.0 0.0 0.0 0.0 125007266894.22578 123457875885.57388 125508646677.07161 121777421557.24574 0.1430337191415505 0.0 0.0 0.0 2172618817635.4211 0.0 57986639.690483786 0.0 0.0 0.0 0.0 0.0 0.0 0.0 0.0
28543763731.74264 26330013706.163967 0.07698576200198894 557174326.9345646 477162005.7474049 25559406.565194134 14544555.252573527 0.11295398249125697 0.10890473836123021 9774686012.394537 10054967063.329832 0.0 0.0 0.0 0.0 0.0 0.0 0.0 0.0 10268896893.085608 0.0 0.0 0.0 0.0 0.0 0.0 0.0 126224889014.04901 0.14722194165556052 0.0 0.0 0.15860067471066833 128678735233.46794 128673525850.34413 124291759183.82538 123977990678.77443 0.0 0.0 0.0 0.0 0.0 0.0 126566671963.9696 124554265759.94513 0.15901913632633194 0.1540681168236711 0.14100948811637704 0.0 0.0 0.0 0.0 0.12124722454095943 0.0 0.0 0.0 0.0 0.0 0.0 0.0 0.0 0.0
29861386991.090576 28069182564.08094 0.07399554182564028 603946098.1084023 387848834.2784329 461635622.9076615 14805016.282239726 13244141.816735053 0.11611239987489504 9845030067.29707 9774485139.014261 9969271894.152447 0.0 0.0 0.9909897596689853 0.6608846563002546 0.6460154620314964 0.0 0.0 0.0 0.0 0.0 0.0 0.0 0.0 0.0 0.0 0.15946170280539956 0.0 0.0 0.1585445454469742 0.15931096064245204 127502174704.44766 131765114579.845 124875320351.68259 0.0 0.0 0.0 0.0 0.0 0.0 0.0 123911002442.3536 123094546422.32431 0.14748818049637885 0.13948282489646835 121695072649.80093 0.14207086352620577 0.139536310145304 0.0 0.0 0.0 942263715.7863805 0.0 0.0 0.0 28089583.11386718 85208830.84088384 8711224.484484104 26902041.817146942 0.0
29259852132.79517 32285007269.84498 0.06822796268458699 522069856.3649084 387273378.2224269 21311244.51285333 17123011.703349907 17722562.82891088 0.11603210454025402 9925196925.07083 9822084365.583937 10056097591.290457 0.0 0.0 0.6515343832958005 1.0003508623849575 0.6672757764221363 0.0 0.0 0.0 0.0 0.0 0.0 0.0 0.0 0.0 0.0 0.17069898495073568 0.16084107942331619 0.0 0.16617066058932436 125205917412.82251 129434893118.55031 0.0 0.0 0.0 0.0 0.0 0.0 0.0 0.0 0.0 122477478555.69925 0.15951408950641424 122539976545.88058 120702736040.80254 0.0 126943472799.14268 0.1580781316194158 0.0 0.0 0.0 0.0 0.0 0.0 54280317.95724012 154033710.48835972 152673479.260704 201052659.04937738 0.0 0.0
33178232665.318726 26951576992.278202 0.07579092987067673 865342702.832589 393427049.2508106 400460509.1934317 23739563.38347882 15917344.169154026 0.10821592372310583 0.0 0.0 0.0 0.0 553116837.9292153 0.6334199343856958 0.6494619452090838 0.6581625181130483 0.0 0.0 0.0 0.0 0.0 0.0 0.0 0.0 0.0 0.0 120796630440.41882 0.148061722169936 0.14680145682956744 0.15369440544031626 126246069424.34418 0.0 0.0 0.0 0.0 0.0 0.0 0.0 0.0 0.0 0.0 121033997427.06696 124957966093.36914 0.0 0.0 136268580546.83131 125027857172.05667 0.15487520271881433 0.0 0.0 0.0 0.0 0.0 0.0 95390723.6268666 257098485.24670058 186654070.44956574 141047888.91515383 0.0 0.0
32522607921.913643 16452202351.286558 8761535940.445679 443315790.5603579 454587049.5381539 440054138.0643527 31810741.49823125 21814837.342309892 0.10676800058159655 0.0 0.6000092060515664 0.9009825685613339 0.0 0.0 0.0 0.653902735450785 0.6507806800019594 0.0 0.0 0.0 0.0 0.0 0.0 0.0 0.0 0.0 0.0 0.0 122917525894.37073 119851372541.14885 0.1464162632788925 123549650161.11873 122042296084.94884 0.0 0.0 0.0 0.0 0.0 0.0 0.0 0.0 120753653208.35309 124019590758.62256 122987054867.46902 121726275908.6831 130854941172.68886 129791160288.86127 0.0 127988358941.4356 0.0 0.22263662212556745 0.0 0.0 0.0 0.0 0.0 0.0 0.0 88023484.49079691 0.0 0.0
31632024720.169117 25105760109.55396 21814318117.034363 590943543.4714644 475060832.86376363 483756782.281415 514111871.07378757 23084177.06343691 0.10418392598329174 0.0 0.0 0.0 0.0 0.0 0.0 0.9497370460511664 0.6516966140943422 0.0 0.0 0.0 10232932864.360079 0.0 0.0 0.0 0.0 0.0 0.0 0.0 120981558030.3368 121332369963.64731 0.14846755097895412 0.153398774210414 124771129092.1573 123943091529.29417 123224497842.53712 128057844859.05705 123547792722.8576 0.0 123032167800.18697 125144765381.78555 123666240655.74289 0.1340214992009557 121212661472.2341 118364697398.55519 124042929095.26067 130202993170.08655 131424565878.46698 131783003067.75792 0.0 0.2540148318250952 0.2578205450629617 0.17270089560083102 0.16505968412006852 0.22931544770350953 0.22816535984377942 0.0 0.0 0.0 0.0 0.0 0.0
32321623905.599873 26780005535.723553 15050872410.966011 46841778.96140348 602121802.0136884 489346411.8066814 31703272.50747156 18087253.433051236 0.1034611633486936 0.0 1.1416559928097185 0.0 0.0 0.0 0.0 0.9673940498847204 0.6326655369512459 0.0 0.0 0.0 10609744903.085117 10402355803.83043 0.0 10419033668.700222 0.0 0.0 0.0 121609760925.34877 121868588553.96497 124582229256.40025 120811503654.48502 0.14132237068612102 0.14260435704725333 120322357578.04637 118495097215.24832 0.0 0.0 0.0 0.0 123884323870.83504 124166999134.80002 122235635839.50471 123173621101.26888 0.0 124046628953.65051 0.0 0.0 0.0 0.0 136321724797.35486 0.1909314294152033 0.1760712935570192 0.16372914710693073 0.17398119119703997 0.176511794456833 0.23286277060654864 0.0 0.0 0.14807791931016023 0.1214261133636009 0.0
29356509580.67203 28423526512.570744 17326820891.816574 8426251453.491721 624328143.0794773 34715292.04780864 29479180.802268747 0.09858164857278949 9300776115.488255 0.0 1.090885279521101 1.4516326625127958 0.0 0.0 0.0 0.0 0.6266178311115234 0.0 0.0 0.0 120707270986.01376 120814995957.9853 0.13511064770380035 10468396135.612898 10417629893.237234 10727051507.862078 10639318091.302046 124373906753.54825 120366024577.17935 121850847229.32349 0.14396864524163458 0.129866992020567 0.1386587315756478 118924926560.69423 0.0 0.0 0.0 0.0 0.0 0.0 122638132341.28459 122681579744.47461 0.0 0.0 0.0 124722381051.40631 0.0 0.0 0.0 0.0 125635110889.47083 0.18225907726376867 0.1612973797262675 0.18998600293067075 0.18609391112432824 0.21018394387355407 0.21726866956339874 0.0 0.0 0.0 0.11653612298408365
30510110508.84015 27132774300.568085 19363345201.130814 0.07581327867033791 601135742.2032102 38948613.99878882 25622489.43788021 0.1014548100826277 9225565396.00536 0.0 0.0 0.0 0.0 0.0 0.0 0.0 0.9468340467728694 0.0 0.0 0.0 120167329864.58492 120625338353.32608 0.0 0.12445052578530189 0.13716527922252805 0.152140026803866 0.15001755638839703 125204549044.02547 123421235010.59422 0.14176335895257924 121682171399.39783 123236127761.60654 122468595603.34862 0.0 0.0 0.0 0.0 0.0 0.0 0.0 124738780518.04706 124257164685.51561 121934876023.45236 0.0 0.0 123194725859.41539 0.0 0.0 0.0 0.0 126866173568.62967 131926170652.55461 0.17268280816529638 0.1834706699081531 0.17561121213880787 0.1853555118106221 0.19149668422337754 0.14279952750811561 0.0 0.0 0.0
30291114586.15966 27164177523.671154 21314618383.984634 0.07404506607317589 740732729.3677318 550382131.8289835 29287314.30511956 0.09122933873333507 9296196785.85673 0.0 0.0 1.136500440048391 1.1258988517881294 1.2446955857309951 0.0 0.0 0.0 0.0 119424394213.19072 118373342069.76816 118466481452.28543 0.12345613433156832 0.11555140400482804 1899078924.1352513 0.11476368002279168 0.13984135047151675 127103751372.63965 0.1717736564930832 0.15276012392726263 0.14005289182707445 122482078565.34196 0.0 0.0 0.0 0.0 0.0 0.0 0.0 0.0 123330297004.17586 123163170610.21513 125924650882.90031 118905772035.49355 117839717044.97903 126158002222.68964 0.0 0.0 0.0 0.0 0.0 0.0 132234039662.15144 130037512354.6609 0.18267019519274433 0.16306558306087504 0.19879226430392993 0.17124738204177747 0.13743982592255738 0.0 0.0 0.0
0.23511015611585492 0.07570542627869829 22708397486.609985 8633485755.63353 648658610.4717427 36323775.94145159 32997313.850036234 0.0859671075078543 9346746520.485647 0.0 291876977.213575 1.273721088338941 1.791745317083458 1.1076054275987035 0.0 0.0 0.0 0.0 118401824028.16447 117504387240.65356 115097686565.94113 111781704063.23677 0.09248361448831331 0.10952844225199825 1247164440.453484 0.130533954875153 0.16133324150697634 0.18086279614287995 0.15170093548357189 0.1427709864030945 124171810634.84348 121192842042.38422 0.0 0.0 0.0 0.0 0.0 0.0 122494891421.58408 125944428077.94464 125259045817.24138 0.16716493332828689 0.1419318497245075 0.15756082444515265 128964589076.24652 0.0 0.0 0.0 0.0 0.0 0.0 0.0 125422644252.68306 127080954576.62459 0.1764951657319319 0.1759971820450652 0.17174099787749633 0.13943181357772866 0.15445388817012598 0.0 0.0
0.021720125086973213 38237703.30980599 8582086245.992137 0.0804512950058869 604209183.0283644 596062427.5867205 29107916.783120044 0.08721293471035386 9313275584.68881 0.0 0.0 1.2029879178310565 0.9095048160216759 1.407097355248988 1.2962755133190023 0.0 0.5891721660715689 0.0 117318714749.15025 118541574564.48961 0.10870369105904262 0.0879049774325967 115342303660.77197 0.13138391133232702 1300151370.4070435 0.0 0.15057306270176385 0.16565868985345752 0.15249143444402574 0.14700690431694738 124049118056.92953 123131468844.47533 0.0 0.0 0.0 0.0 0.0 0.0 124203342808.74184 122602509519.0452 127370497961.33249 0.16420888878541706 0.12464281806115796 0.148021960560754 125822625195.97243 0.0 0.0 0.0 0.0 0.0 0.6150329230830981 130269086876.99504 122401227279.94916 125244298069.06342 0.1604567901428034 0.16149351927229916 0.17063321233644402 0.13926629605586474 0.15343947149908924 0.0 0.0
62169204.906261705 50455928.29061403 0.08176803036879216 0.08596112429852404 40156541.28340588 42766544.65377172 34902676.71340625 0.07992957686287733 9105433681.408915 0.0 9471700992.468845 0.5773630038039388 0.5734627791423276 0.5922216507632886 0.5951917523454049 0.5977792071915446 566475205.3835367 0.0 0.11746963481318774 0.1279547466605015 0.11153808196079612 107659004821.1267 114222744176.34503 0.11548724064360262 507220265.936542 0.0 0.0 0.0 0.0 0.13608627382005056 122533447609.84785 120795996762.92264 0.0 0.0 0.0 0.0 0.0 0.0 124518267437.44537 125353855759.71672 0.15400085033202138 0.1493253190871756 0.0 0.13997627641810034 121221819326.81873 124411304316.83038 0.0 0.0 0.0 0.0 0.6244288265581828 0.0 123644882747.59976 120929911663.33351 0.15420579800173478 0.13896610024780934 0.13942012686690217 0.13436180379834464 0.1469070294380882 0.15756721715039135 0.0
58461521.73993088 48791432.99759399 51301543.54943302 42763546.5350102 40336658.029077016 47295578.10246553 43174757.53062485 38130773.41712501 0.09349685912732726 9277232171.487917 9354998410.957705 0.0 236423236.06479415 0.0 418410846.7528417 0.5801176636199279 0.0 0.0 0.12352528933844593 0.13185516749413478 0.1321848238272424 0.1014544145406315 0.10899963460124913 0.12532473675825564 648790184.4749508 838413887.9964926 0.0 0.0 0.0 0.1263528714477542 0.13124225480623025 119920651281.6334 119540100070.10358 0.0 0.0 0.0 0.0 0.0 122041509401.10072 123490969470.00368 119830911412.20857 0.1418238799010747 0.15852773700218228 0.15683525864137982 124374325776.4043 0.0 0.0 0.0 0.59918616685325 0.0 0.0 0.0 122873697591.86455 120493051378.42839 121877617616.62737 119056877472.88068 0.13910243343378834 0.13094902336393335 0.1518709482343143 0.16403004867617554 0.1694403278345033
738861042.1480976 616139215.9117439 45028139.15890427 42563739.99320077 49384422.01512676 616945993.1876811 38393369.1821238 34347539.93232075 0.08437284284866285 0.10125836774478422 9341288295.324444 0.0 532935555.0914683 885366367.8378752 1451217424.681195 0.5963540152581904 0.0 114731084819.42099 0.12242548892366556 0.1305900174192823 0.0 0.1227034526886616 0.12424217858494846 0.11010718916234198 0.10798708965132878 0.1302444852892045 0.14749063014952496 0.1412878941790509 0.12627657641344375 0.11551196420632905 117706023944.6864 0.13455585946661577 118046954191.74307 0.0 0.0 0.0 0.0 0.0 0.0 127614934190.26291 118250735112.31844 0.15151450074862396 0.15449797520319314 125228650181.5695 121749649705.65353 0.0 0.0 0.0 0.5775426438179225 0.0 0.0 0.0 122209606397.5811 120645970064.10617 118863749173.68163 120062244440.83276 117135108268.32523 0.13845372716526644 121582680939.62148 124264384528.03761 0.15332501047254504
789041165.2924911 48393258.585415356 45850371.382144034 47954646.11862018 0.07558522186278223 47006284.90419628 0.07792697419452414 37587379.663728 0.07840246807003157 0.09711643996314552 0.09887909751748254 0.0 0.5841064348717314 370021516.9457175 1202637806.0523412 0.6101922918884236 117007953768.29323 0.12832800327779142 0.11644044104308367 0.1325497730613509 0.0 0.0 0.0 0.0 0.0 0.14157870748023202 120788147264.92313 0.14016866157493774 121538700042.08597 120821489391.06425 123151418830.01253 120463905738.89265 118820825958.12584 0.0 0.0 0.0 0.0 0.0 0.0 120055825308.86293 120174205641.59647 0.15237701913499893 121570291595.65031 123016826468.41101 0.0 0.0 0.0 0.0 0.0 0.0 0.0 0.0 0.0 120737858290.14891 0.0 0.0 116547417785.81602 119191838115.96371 120528241099.11365 122521775971.94434 122803633551.51704
55141507.29264926 49486166.92807175 0.07530905786271289 8355031565.00444 8386139237.261109 0.07095712526048044 0.07254927550595529 0.07800892051524916 40931835.63738652 0.09066447171575681 0.0959681321268722 9200640071.507385 280350012.9776791 259609924.84049606 540414739.4075067 0.0 115748217949.25726 0.12531220470164273 0.0 0.0 0.0 0.0 0.0 0.0 0.1260484484222966 0.13761414638385563 117248474251.7539 119827695892.31172 121661465447.19142 0.0 0.0 0.0 0.0 0.0 0.0 0.0 0.0 0.0 0.0 122479640132.50764 122979003629.84904 123047034264.46852 0.0 0.0 0.0 0.0 0.0 0.0 0.0 0.0 0.0 0.0 0.0 0.0 0.0 0.0 0.0 0.0 121119173191.76956 122060378710.18706 0.0
62190365.612185374 50598504.295925066 8391320079.790756 8449987077.701456 8305942170.007284 0.07014983275648747 54019551.85918296 0.07314597048352321 36331941.35379759 32893981.41628417 0.0950070050368026 0.09919597735421849 0.0 0.0 0.0 114717402290.26392 115001522178.02435 0.11588371091531748 0.12098682920674965 0.12998210426964513 0.13207465752412206 476522910.3991443 1602468069.5827727 0.0 0.1210688439840367 0.13190879471574013 121071108841.42702 117219670338.29732 118076746069.27248 117882167812.23303 0.0 0.0 0.0 0.0 0.0 0.0 0.0 0.0 0.0 125067308947.69586 0.0 0.0 0.0 0.0 0.0 0.0 0.0 0.0 0.0 0.0 0.0 0.0 0.0 0.0 0.0 0.0 0.0 0.0 0.0 0.0 121226080311.74854
66726250.96950955 54514763.68490849 8185448536.144406 8131539375.386592 8176133578.44983 0.07069131401315422 54849044.82949092 0.07078127765005397 8746347460.170689 8908098802.950752 9041844315.310694 9130781142.165598 9320745848.859898 9368684239.658777 9261351547.287682 9325737439.184658 0.10809994585035816 115410790167.71861 116526957725.85469 0.1415753089853912 0.14082812243011983 0.0 0.1049890063985809 0.0 0.127889673873461 119414093624.56573 120202176093.83849 0.0 116082878234.4881 118080977297.17941 0.0 0.0 0.0 0.0 0.0 0.0 0.0 0.0 124258595100.1807 126012748234.33269 0.0 0.0 0.0 0.0 0.0 0.0 0.0 0.0 0.0 123813667035.59686 122288757956.94447 120567455680.29097 0.0 0.0 0.0 0.0 0.0 0.0 0.0 0.0 0.0
76741648.1297766 63112695.269662514 0.060563186518230464 8137802121.200488 0.06462552307255398 0.06837118806295168 0.06854015114655693 0.07666525931364246 8753354545.427134 0.08238680295634122 8896671558.907791 8948179249.993553 9141565765.780657 9185348032.067307 9355996062.98276 0.10850925288623575 0.10637728579935735 0.11708574123746225 116970146399.32846 120060190276.24464 0.14889365257627188 0.13759404397282513 910536016.8753891 0.0 0.12488952004569556 120847622761.78387 120318766694.1568 115648332858.69124 114371439883.23653 113859213266.70663 0.0 0.0 0.0 0.0 0.0 0.0 0.0 0.0 124730559910.1701 0.0 0.0 0.0 0.0 0.0 0.0 0.0 0.0 0.0 0.0 0.0 124238086270.58043 119664187241.00465 0.0 0.0 0.0 0.0 0.0 0.0 0.0 0.0 0.0
1198789879.0167634 65564768.05391416 8041642824.427362 7968815323.114416 8144024148.139918 0.06328590117159406 55550825.692447275 0.07158864750756656 8662153411.124842 8730587483.372675 8668016672.920408 8621518377.428373 8845022047.262484 9143796800.409098 9172482171.036098 9660926296.769175 0.11194818150983268 0.12106092621764326 0.12214732178366366 0.1303351230780027 0.15582420020368634 0.14977888395632788 0.11895219757873553 0.12133896553476112 0.14141462483351716 120039278580.36398 115215384477.49315 115234426397.76425 117040260739.95709 113511816801.75511 111911180672.19063 0.0 0.0 0.0 0.0 0.0 0.0 0.0 120536392334.75572 0.0 0.0 0.0 0.0 0.0 0.0 0.0 0.0 0.0 0.0 0.0 0.0 0.0 0.0 0.0 0.0 0.0 0.0 0.0 0.0 0.0 0.0
78130685.34947732 73869791.89096944 7865102738.152825 0.05361816756674608 0.06113051880469736 62571078.62491073 55934718.17514128 0.06586491868793772 0.06762967080249745 0.07304471674208235 0.07651112770783723 8557585221.236159 8929401313.301952 9087531550.539347 9132917508.053564 9337401700.985064 0.10627854404999958 0.10734638270434715 0.11469253439644353 0.11163554522991974 122190467247.20921 123706778823.8005 0.12573537591852793 0.12020134373472348 121230705261.76881 118093242252.39833 115283679596.00432 114458988038.35803 0.10858307675889269 109604921782.41913 108113105695.51363 108866006562.58842 109907158482.115 0.0 0.0 0.0 0.0 0.0 118632828456.16914 117591531863.93504 0.0 0.0 0.0 0.0 0.0 0.0 0.0 0.0 0.0 0.0 0.0 0.0 0.0 0.0 0.0 0.0 0.0 0.0 0.0 0.0 0.0
0.05308121602632564 79007621.57564622 0.059505168976076356 0.04963188979868417 0.05544852922234456 59950179.27089394 57049569.53441878 0.07101225112091662 0.06519131012347458 0.07118901930221683 0.07230486639912245 0.07689764941329943 0.07892818957940977 0.0873548175767816 0.09666025691030528 0.09480523849001941 0.09751900990789972 0.10754467173422888 0.11051749679205877 0.11382776432388862 0.11750593392999023 0.14306897644940567 0.1398384667981136 0.118141607804424 0.13552434490059923 0.13034688960718863 117348755086.97034 0.11286546052043367 0.09727519657673478 110148565046.67628 109770482197.42747 1788976706.2973864 111270666084.98302 0.0 0.0 0.0 0.0 115119470864.1826 115406543526.88882 118847182808.18916 117352237103.61041 0.0 0.0 0.0 0.0 0.0 0.0 0.0 0.0 0.0 0.0 0.0 0.0 0.0 0.0 0.0 0.0 0.0 0.0 0.0 0.0
82625629.41098073 74580290.02484955 73959987.23911263 90967912.67868736 1042858726.7661752 724486864.1470494 877677527.0820222 51308837.43975072 0.07006412698917604 0.07083990248610461 0.07194309151568093 0.07653034334679222 0.08229458807506544 37142262.57759856 0.08545431122559896 0.09090736832820674 0.09742795689500652 0.10469291385857576 0.10676781385792009 0.12036275006371568 0.12733310806071618 0.0 0.0 580365386.513016 378793023.8997459 0.12755394001298817 0.12295779368101198 0.10973653676327182 0.11471631801752079 111734891894.24246 114728499890.05199 113857786608.04082 115749801566.64728 0.0 0.0 0.0 0.0 117415441662.73183 0.0 0.0 0.0 0.0 0.0 0.0 0.0 0.0 0.0 0.0 0.0 0.0 0.0 0.0 0.0 0.0 0.0 0.0 0.0 0.0 0.0 0.0 0.0
811061913.2251822 942013015.2616655 1099693680.9997356 81160171.7586762 72807833.79679991 684036847.8686601 794881067.4774473 56058294.334674545 53143946.06182034 50317769.76000481 0.07566247372855169 0.07609657169981326 37241548.51075008 33223781.550822936 24643589.606550526 21246662.401399538 24432326.17002588 23944252.001039706 0.10063320875005212 0.11795899602991287 0.1261751789205737 0.13635109256640146 168218594008.7336 1362102379.7011368 148250298.50116566 216408486.40214264 1261401054.997601 1255101605.313937 864902409.6603109 0.12603841373964672 119380020155.52638 120127510658.63646 119791972838.78062 0.0 0.0 0.0 116743918340.12833 114465657293.15643 0.0 0.0 0.0 0.0 0.0 0.0 0.0 0.0 0.0 0.0 0.0 0.0 0.0 0.0 0.0 0.0 0.0 0.0 0.0 0.0 0.0 0.0 0.0
