data/moz/moz_beta.asc
ncols	234
nrows	368
xllcorner	195196.26821073
yllcorner	7004178.4200866
cellsize	5000
NODATA_value	-9999
[rows 108 to 134 of 368, columns 0 to 60 of 234]
-9999.0 -9999.0 -9999.0 -9999.0 1051746901.814686 0.10240611911866425 0.1013481889497469 0.0 0.0 0.0 0.0 0.0 0.0 0.0 0.0 0.4497076536557925 0.4563759391997485 0.45824930348104115 0.4965396767598591 0.0 0.0 0.0 0.9426215663352238 0.0 0.0 0.0 0.49836435539468027 0.0 0.0 0.0 0.0 0.0 0.0 0.0 0.0 0.0 0.0 0.0 0.0 0.0 0.0 0.0 0.0 0.0 0.0 0.4417910209445845 0.446420987617941 0.43931541098216387 0.0 0.0 0.0 0.0 0.0 0.0 0.0 0.0 0.0 0.0 0.0 0.0 0.10558778763265723
-9999.0 -9999.0 -9999.0 -9999.0 1271537.450687503 0.0892238152787454 0.09709908303486334 0.09912820163804681 0.0 0.0 0.11309503239317445 0.10971492713986822 0.10884619315672821 0.0 0.0 0.0 0.4297118933406004 0.4385947261571727 0.45513499129841156 0.4441733430126896 0.45915024109453784 0.49730419322531877 0.0 0.0 0.46293454770732106 0.48883998192683437 0.4932850949163591 0.4511733035251127 0.0 0.0 0.0 0.0 0.0 0.0 0.0 0.0 0.0 0.0 0.0 0.0 0.0 0.0 0.4463557252641371 0.44084625948168893 0.0 0.4369280848225807 0.4342265614023933 0.0 0.0 0.09048805736518696 323578721.47006494 0.0 0.0 0.0 0.0 0.0 0.0 314291383.70886326 0.10373828138228149 0.09064613716047704 0.10352533162009533
-9999.0 -9999.0 -9999.0 -9999.0 0.3457306343365831 0.07093613972827348 0.09143201074161497 0.09852461349961475 0.0 0.1067650945829159 0.10611227667562345 0.1141029693922293 0.0 0.0 0.0 0.4307455658320583 0.43439174212767023 0.41617325055151777 0.43707129553520996 0.4623883448929606 0.49322304943190076 0.47730537046211013 0.0 0.47941828566580774 0.473685865128671 0.48752099806459026 0.49089333787015343 0.45872417632715035 0.4750327113749925 0.0 0.0 0.0 0.0 0.0 0.0 0.0 0.0 0.0 0.0 0.0 0.0 0.0 0.0 0.0 0.43488923500432586 0.4346667800877669 0.0 392902922.9670157 0.0 0.09697679374300652 424619119.04824334 0.0 0.0 0.0 0.0 0.0 0.0 0.0 0.0 0.09959198118390811 0.09174729275339656
-9999.0 -9999.0 -9999.0 -9999.0 0.0 0.07927957123658369 0.09590108076315325 0.0 0.09643567166014426 0.10185623689916452 0.0 0.0 0.0 0.0 0.0 0.421032835036664 0.4347601817807617 0.6764731850279706 0.6861122447627753 0.4162997198285232 0.4293765725419473 0.43057867680631695 0.45685433563809186 0.4722560704115148 0.47713483305706605 0.48852613313531906 0.48681002788346533 0.4842967702694483 0.49144580420914696 0.44457079360822244 0.0 0.0 0.0 0.0 0.0 0.0 0.0 0.0 0.0 0.0 0.0 0.0 510294326.7239469 0.42457073275267804 0.4076820961672702 0.4091661925077598 0.0 760969404.854074 545623160.1805705 0.07750729734206195 0.08167976267208901 712611975.523669 0.0 460742308.17355746 598276829.420154 0.10162976554029393 0.0 0.0 0.0 0.0 0.08798416094782394
-9999.0 -9999.0 -9999.0 -9999.0 1300999036.1377175 0.08237132517991776 0.08367493043726448 0.08404973981081498 0.08999545335672271 0.09726125487834217 0.0 0.0 0.0 0.0 0.4324302054875311 0.43435639935582326 0.40292163564466277 0.4329433528869269 0.44425086867795877 0.43105192780111035 0.43262038476408715 0.4504148513570858 0.463515720304467 0.4245058953485522 0.42475048494144785 0.43538162358523025 0.4285952026817561 0.43164195988315 0.45552274641774126 0.49581446591802497 0.45464868549275833 0.0 0.0 0.0 0.0 0.0 0.0 0.0 0.0 0.0 0.0 609993084.7379565 0.41434808199172457 0.8381901773322353 0.0 0.8401242020793276 0.8441076974491994 728422810.9173481 767193012.3397921 706586462.5897124 762969502.7030805 703001891.674146 746317428.7562485 0.08059021374743258 0.08267335947447459 0.07051673339083389 0.07144632249614655 500120202.82400584 548479585.3199657 0.0 0.09803386462897845
-9999.0 -9999.0 -9999.0 -9999.0 1317936476.28895 6132816102.894805 0.058917377617224584 0.08213588928139373 0.08834783602187646 0.0787345437456375 721957355.1311108 536311440.8063797 653614573.2827829 0.0 0.40689416577969184 0.404559188906019 0.4143049140779291 0.44908908371267015 0.43383850745652597 0.43625061018419464 0.4329088638245219 0.0 0.0 0.0 0.41898301516554914 0.40973171460099767 0.40266510145859274 0.42201701413923715 0.4399320488764836 0.4238053862637442 0.41682494726346664 487515921.9078543 0.0 0.0 0.0 0.0 0.0 618071001.1611253 377852653.34465426 0.10835321116665446 569717300.3895457 520529047.52004194 0.0 -9999.0 -9999.0 -9999.0 -9999.0 -9999.0 0.06769953405393764 0.07614545165993372 0.0873778683456069 0.08015989402125238 0.08573426154477494 0.07128042742996939 4511468015.407159 192227399.3826692 118807395.90492325 0.07318113330492705 0.08675942544106385 459194852.9894454 474685264.82573026
-9999.0 -9999.0 -9999.0 -9999.0 -9999.0 8570343348.359662 30870421.814644184 0.06006756938602004 0.06105204415073209 866175357.9671658 0.0 690112.2097061937 0.8226895852597066 0.37218588382661766 0.589424440344343 0.3861925847607607 0.3931449085971751 0.40631281833166166 0.42567100933354407 0.0 0.0 0.0 290980144.32668126 693394269.9382682 0.0 0.8390353114490371 0.0 0.8477366084518371 0.6350706285412981 0.852488279091614 0.0 0.0 0.0 0.0 0.42451123324456874 0.4038622090443654 0.8569061601425428 0.0 0.0 557743101.1477119 542119523.0769738 0.4126672573708381 0.40426060644758705 0.38371287767819723 0.0 -9999.0 -9999.0 -9999.0 0.07824557222952888 0.057696957531554544 0.05946484356269391 0.0756016111125789 0.06921303991643994 0.06024464270484953 4686351516.201541 196393769.2269148 182243428.83383995 4364238397.582799 0.07268136251687236 0.09193134074569397 0.09436811263582509
-9999.0 -9999.0 -9999.0 -9999.0 -9999.0 0.019342933280525127 27466198.994783323 3784236496.6709685 0.06603118924163132 0.06467610910371813 0.05688525378771187 0.07117363016596825 990634659.9271001 989923483.5404426 0.3518481944787809 0.0 0.8249828399589035 0.8293095643359883 0.39450001581079325 42364.21888608015 822353359.00519 875819594.057097 873664263.5949751 0.39732119973429125 0.38532405676080944 0.0 0.0 -9999.0 0.0 0.4132279291871544 0.41296584386287366 0.4244311739581396 0.0 -9999.0 -9999.0 -9999.0 -9999.0 -9999.0 -9999.0 -9999.0 -9999.0 -9999.0 0.0 0.394474208716872 0.39170179185796555 0.0 0.0 785048583.9627329 4615187308.335998 3914707272.609628 4018633590.2855067 4283674168.882187 4233691433.781431 4261415490.549609 4520664147.037819 4070456381.3842206 24529722.68707875 4339363729.4578705 0.07738259867378036 0.07901326043802645 0.09938480390571762
-9999.0 -9999.0 -9999.0 -9999.0 -9999.0 0.029376135468702543 4297881581.393606 0.06245526253092602 0.07434806693841915 0.07890615626071197 0.07015884446231552 0.08804555834017364 0.08794818836464394 445559871.2345008 632205160.9000124 820721294.3118486 783468117.4115638 0.38058941056663875 0.0 0.0 0.3759456904964572 0.0 0.5872120201094236 0.08038913308474925 0.07498252518208913 0.07731066791506126 859582533.8223028 0.08427599397718069 0.07592005752416135 0.07912961508497676 0.06334288060421173 0.0 0.4133988049484387 -9999.0 0.6249714655610679 0.40850880758904196 0.408091529193458 0.40265409538254243 0.0 -9999.0 -9999.0 -9999.0 -9999.0 0.39866776911978463 857487445.3359927 869679340.3968493 0.07128410640856052 0.05769160289424859 3848389747.0404215 0.08062553886948498 0.08375660873017193 3787773443.4166036 3471844210.0616307 3752865153.338987 23834957.6683727 210669389.46548373 238229650.40457556 4478507421.421966 4403222744.863378 0.07359124315160728 0.07094552072051226
-9999.0 -9999.0 -9999.0 -9999.0 -9999.0 1999345656.946112 0.07290129477210715 0.07243416599075501 0.0692921161758136 0.08257329041282835 0.09217662046008132 0.09251582203823416 559893711.1071503 469769063.51996756 585842279.6803247 655388098.2902198 669230472.6927162 0.0 0.3778259627630081 0.34857118528487363 979842283.2301673 962586803.0078113 930409561.7920107 0.400337977964779 0.059154794294889027 0.06827490936172684 0.09542880344500122 0.10132381931310841 0.08622425655607896 0.09323244763240991 0.0750113561552935 0.08144503441882607 0.09833925753756523 0.08869153505729155 0.07270131991878266 0.10037789826114703 0.0 0.0 686718191.8787507 0.0 761991811.8651805 821883386.4211932 790112084.366078 0.08324402059339155 0.09862689080194394 0.07588567967778935 0.07375432025102466 0.07360220258051624 0.0751706618936195 0.08043689777165557 0.0840682849841835 0.07761911573366195 0.08424835521453733 0.08317870757677906 3563608900.97144 20862873.85032506 26672645.91132836 3874553317.147788 4231730915.584158 4399103492.197398 0.08003390207481595
-9999.0 -9999.0 -9999.0 -9999.0 -9999.0 1958429698.3173084 0.06391936197220527 0.0804098489999545 0.08718786773927514 0.07937319633910912 0.0813848706986174 0.07928874518622145 680786207.9932222 710978313.2812707 597727233.3595529 656511308.5324373 571405955.1039159 448825719.35639304 572792716.4827626 726330743.8368344 1002000996.2622316 0.0 0.3916448776563182 0.0764258570622952 0.07268020688244531 0.08873434702190447 0.09308550894030752 0.09733332757521201 0.09345682674188724 0.08313593617925728 0.08415792397815175 0.0967152877789588 0.10384427224986231 0.07872325407532271 3836527843.7562575 0.07669055274347059 0.09537012607702666 0.0 0.0 0.0 0.0 0.09878357078738628 0.06184832858229374 0.07101120234593368 0.08324765707112537 0.09612712689235507 0.0945497491661857 0.09115087161631671 0.08952860192312617 0.08412608300009522 0.0965068297726576 0.09705892657249145 0.09370076783786181 0.0865221684497695 0.07583227664141497 0.07982358059945954 0.0748845981348619 0.07631780820821463 0.0728668283297896 0.06941232405654216 0.07609323644577798
-9999.0 -9999.0 -9999.0 -9999.0 -9999.0 2018909175.0956202 0.06378389914084893 0.0795006234122857 0.07708791842532785 0.07995718054424066 0.07718076014480636 696810300.751777 764626211.2658067 820518419.5944849 730443872.3502766 625013506.300813 590497162.9991714 653770123.5262691 619525874.8107841 615132223.8100052 791328733.1913148 0.3819066569309726 0.07050171059342454 0.0725399179054894 0.08073400668399383 0.09357880625921178 0.09784094608510899 0.09931285249404204 0.09383159141400176 0.07666000206668255 0.07750597147627378 0.0923717555773576 0.0996114800156794 0.0846352137781782 0.08413959679434686 0.09494791616115297 0.09265583766391297 315971409.5346962 0.08608653089971235 0.08676142644262855 0.08891931549552615 0.07015589580218434 4098346749.909617 0.09435524800254194 0.09165238677530521 0.08610966142122585 0.08537198996613798 0.09205362906706506 636354247.0382396 0.09652402045474653 0.09816026586094238 0.098159854550686 0.10513882051069078 0.09921339961109422 0.1066009585213183 0.10115414245934466 0.09266832939553471 0.08592342141315759 0.07564728066212958 0.07730853298389923 3990918707.3824577
-9999.0 -9999.0 -9999.0 -9999.0 -9999.0 2100074415.7292013 0.06575265915974095 0.0761449973178329 0.07584567733988744 0.08078266986444158 802603365.3961899 909383036.9267633 763268546.1477504 708159468.695965 843593210.6139907 789469554.7422075 483603807.0157408 627559064.7912495 713346610.5722566 782883977.9207064 1032112474.5972672 986355541.4764218 0.07757230875783248 0.0833228193271442 0.09087746995971209 361867946.595211 526176460.2275688 0.09219481999510205 0.09382412421093854 0.07270270167368764 0.06900678038893905 0.07256235864255792 0.08654963948060423 0.07392026474247172 0.0869598754197534 0.08255848978301351 652046002.070432 609383191.748049 491721440.0911223 668087204.16165 0.08579492838882156 0.08879974497254908 0.09021741434550878 534774291.0466316 701904496.2137759 611147815.0550666 0.0 0.0 0.0 0.0 0.0 0.0 0.0 0.10250708464262501 0.1058091612732752 0.10230406940956013 0.09535818112101706 0.09021610203362493 0.08803313867404543 0.07449734217514141 0.07341086408674458
-9999.0 -9999.0 -9999.0 -9999.0 -9999.0 2103325937.18466 0.06588438348070957 0.057635846254808686 0.07743435528782079 0.07940225677087302 683799753.178221 754413786.8627017 946999651.5587482 936995889.4940021 870874809.1293117 934872952.7783285 834446486.2866739 692016218.6926659 0.08071618724263944 0.07341461052149681 0.06799588450497585 0.0543949777356499 0.07782182826137535 0.07809069266332025 0.08057823728056142 446627539.7444904 640335084.5129261 0.08348292479385988 0.08314359738138434 0.06814982369888732 0.06923405563871532 0.0674336998886991 0.06384875670424384 0.08769881990003746 0.08214777425489525 339655438.4252891 0.0 176864964.82098755 544840109.0269612 691206560.0832515 608669606.9272213 0.08974375948150302 500806402.5378592 0.4142415111753552 0.4127733775233492 0.4144527085664051 0.42237375546404266 0.0 631369603.7478133 350536635.1725397 0.0 0.0 0.0 0.0 0.0 0.0 0.0 278490316.5607778 597458616.2786137 0.09466881206727058 0.09899237408211214
-9999.0 -9999.0 -9999.0 -9999.0 -9999.0 0.28478472986044384 0.07634792058967108 0.07163179615513011 0.07428995220202783 841592258.7450473 877731953.0771335 694335511.5648719 732826929.545616 696101275.0262924 2164729099.3353133 12560341.03295456 2205265293.7538753 0.07605686622744362 0.055798283588408264 0.015507157276938448 0.023801354516984445 0.02409987089809864 0.014734694919834758 0.02387072840870171 0.02413877599143916 0.07408913550798964 802818319.2604284 715328982.4346278 0.07927246160982528 0.08005380724818767 0.0678710557818431 0.06864487270002272 0.06311009850086179 0.07188868734263808 0.08194537118973767 0.07725752116691566 747108842.1646706 743030692.432503 858962453.0181793 838561414.9080627 521000503.91354424 756323812.7043828 0.0 0.6473117123536553 0.6159796640237073 0.6135523807351105 0.8387040897694712 0.8436586337841918 0.6320911702718117 0.6401056600327204 0.650854508826349 0.42927167433846375 0.42607206114079116 0.0 0.0 0.0 0.0 0.0 672216514.094572 268287788.69525337 0.09417731905364085
-9999.0 -9999.0 -9999.0 -9999.0 -9999.0 -9999.0 -9999.0 -9999.0 -9999.0 -9999.0 -9999.0 -9999.0 -9999.0 -9999.0 -9999.0 -9999.0 -9999.0 0.025275975355645613 0.023231081742938517 -9999.0 -9999.0 -9999.0 -9999.0 -9999.0 12143819.89541175 0.07340555431370423 0.07699191408548064 0.08505643569722193 0.07966369270664331 0.08128339364685801 0.08118764361108592 0.08294003217114966 0.06346465924613359 0.06497382698039911 0.08418184808588276 0.08042987572297644 0.07690584096724819 623974950.5221044 705957817.9554734 896884127.9146111 917590121.7854586 0.3994654304293487 0.5836806306137987 0.8327028900844868 0.8408971701597747 0.8436882892501941 0.831847828977987 0.836511440339722 0.8372109440760694 0.857907223799134 0.847354672056115 0.6609477987619609 0.42813084670220425 0.4273290094637694 0.4276579560872672 0.43926735359484104 0.41296603833760814 0.0 676077834.8829737 657232646.772016 536639834.5740797
-9999.0 -9999.0 -9999.0 -9999.0 -9999.0 -9999.0 -9999.0 -9999.0 -9999.0 -9999.0 -9999.0 -9999.0 -9999.0 -9999.0 -9999.0 -9999.0 -9999.0 -9999.0 -9999.0 -9999.0 -9999.0 -9999.0 -9999.0 -9999.0 -9999.0 2239763321.763819 0.06853613240452633 0.07556354705589366 0.0747223449203145 0.07522170816973917 0.07582566625175792 0.06620933049280603 0.06457910475757299 0.05908557092301255 0.05793733410380395 0.07449977214693701 0.07371599311652217 790353538.7520908 636703369.0999349 0.4066050410725752 0.8370792683593969 0.8331032212121945 0.8375114703865474 0.8315456284327023 0.0 0.0 0.8293981671934839 0.83784183399572 0.8311677497698992 0.0 0.8403408704342902 0.8469253432330335 0.8493529444018768 0.6158030413171067 0.6627287557968288 0.6324193282220861 0.6283056536153009 0.639053512514182 0.0 766088567.0415256 659366958.0502679
-9999.0 -9999.0 -9999.0 -9999.0 -9999.0 -9999.0 -9999.0 -9999.0 -9999.0 -9999.0 -9999.0 -9999.0 -9999.0 -9999.0 -9999.0 -9999.0 -9999.0 -9999.0 -9999.0 -9999.0 -9999.0 -9999.0 -9999.0 -9999.0 -9999.0 -9999.0 0.2695137424381336 0.06748242707395184 0.05142252510765512 0.057705694373539416 0.06053017874065765 0.05492616466553966 4828720513.2194395 4795370460.63409 4693278000.194156 0.06400655495800302 0.06379818033154694 0.07621906296870841 676834.0942135339 0.5722673405021009 0.8242816938059 0.8303446190078754 0.8344989134303427 0.0 0.8336893127113805 0.0 0.8233810009894954 0.0 0.0 0.0 0.0 0.0 0.0 0.8314840298255514 0.8380674158947614 0.8384207285209075 0.8417335497841494 0.8440831694444471 0.0 0.0 695967997.2276746
-9999.0 -9999.0 -9999.0 -9999.0 -9999.0 -9999.0 -9999.0 -9999.0 -9999.0 -9999.0 -9999.0 -9999.0 -9999.0 -9999.0 -9999.0 -9999.0 -9999.0 -9999.0 -9999.0 -9999.0 -9999.0 -9999.0 -9999.0 -9999.0 -9999.0 -9999.0 -9999.0 -9999.0 2312653588.7850113 0.013928139493581267 9413423159.526463 5128215164.150279 41127427.852165736 40073146.43299026 5089562115.093252 0.05287366446729007 0.055504875387876615 0.05559975976938296 932658133.3281662 840674469.3642757 0.3600226717330227 0.5832199455319634 0.8296679110968532 0.8239823639747156 0.8230933579506285 0.0 0.0 0.0 0.0 0.0 0.0 0.0 0.0 0.0 0.0 0.0 0.8425381670838151 0.8434736396241854 0.0 795565401.677736 802515715.9444435
-9999.0 -9999.0 -9999.0 -9999.0 -9999.0 -9999.0 -9999.0 -9999.0 -9999.0 -9999.0 -9999.0 -9999.0 -9999.0 -9999.0 -9999.0 -9999.0 -9999.0 -9999.0 -9999.0 -9999.0 -9999.0 -9999.0 -9999.0 -9999.0 -9999.0 -9999.0 -9999.0 -9999.0 -9999.0 -9999.0 -9999.0 -9999.0 -9999.0 0.013980679087469796 5220597817.823135 5353312241.17986 5118118067.508398 0.04993625111783848 0.05557474532356336 0.07463185181110091 0.387880512229801 0.36757844737680456 0.573351550275794 0.8190373435499554 0.819470352077398 0.0 0.0 0.0 0.0 0.0 0.0 0.0 0.0 0.0 0.0 0.0 0.8341349492478991 0.8380767521409855 662044580.1573523 668724113.3337555 660215325.0423208
-9999.0 -9999.0 -9999.0 -9999.0 -9999.0 -9999.0 -9999.0 -9999.0 -9999.0 -9999.0 -9999.0 -9999.0 -9999.0 -9999.0 -9999.0 -9999.0 -9999.0 -9999.0 -9999.0 -9999.0 -9999.0 -9999.0 -9999.0 -9999.0 -9999.0 -9999.0 -9999.0 -9999.0 -9999.0 -9999.0 -9999.0 -9999.0 -9999.0 -9999.0 -9999.0 5356764933.490276 5454387239.654884 5206976795.961319 0.05484792127056694 0.05211904881249305 0.38634611978826183 0.3861277344097373 0.3610298822484927 0.5619251076235579 0.8209160414215673 0.0 0.8220481355861493 0.0 0.8239802105406913 0.0 0.0 0.8259040284713405 0.0 0.0 0.0 0.8284492057766448 0.8301102609127815 0.6161774329343173 0.3946441812264195 628842938.4938464 696687719.8696203
-9999.0 -9999.0 -9999.0 -9999.0 -9999.0 -9999.0 -9999.0 -9999.0 -9999.0 -9999.0 -9999.0 -9999.0 -9999.0 -9999.0 -9999.0 -9999.0 -9999.0 -9999.0 -9999.0 -9999.0 -9999.0 -9999.0 -9999.0 -9999.0 -9999.0 -9999.0 -9999.0 -9999.0 -9999.0 -9999.0 -9999.0 -9999.0 -9999.0 -9999.0 -9999.0 2436271338.927102 0.04609103531804879 5810785070.212786 5292040995.058706 0.05230545944581165 0.07079596367816125 1629613.3638433274 0.388064324060094 0.36288209184326964 0.8216427091131631 0.827235142360316 0.8266631736948303 0.8282731698551685 0.821581019274585 0.8265703454144554 0.8222111662410486 0.8331239046881868 0.8256484281586287 0.0 0.0 0.8217603610634624 0.8260112503519533 0.3842412542276414 790476755.1757076 816694255.8048627 736749549.8815975
-9999.0 -9999.0 -9999.0 -9999.0 -9999.0 -9999.0 -9999.0 -9999.0 -9999.0 -9999.0 -9999.0 -9999.0 -9999.0 -9999.0 -9999.0 -9999.0 -9999.0 -9999.0 -9999.0 -9999.0 -9999.0 -9999.0 -9999.0 -9999.0 -9999.0 -9999.0 -9999.0 -9999.0 -9999.0 -9999.0 -9999.0 -9999.0 -9999.0 -9999.0 -9999.0 -9999.0 -9999.0 0.01199014916173435 5800869586.929063 0.04605645550421856 0.049648634018560345 0.059426444086240565 1035092975.5459884 995342907.215739 0.35213491898727206 0.5654330224336341 0.5712155441712484 0.5652753978624206 0.560673008025378 0.5690807193633776 0.5761623296164333 0.8229268851241498 0.8309320915983536 0.8249048216826567 0.8324490462232395 0.8261175610079904 0.39624055836861516 845320253.0305988 655684628.8240079 826441913.3150802 616891777.1233828
-9999.0 -9999.0 -9999.0 -9999.0 -9999.0 -9999.0 -9999.0 -9999.0 -9999.0 -9999.0 -9999.0 -9999.0 -9999.0 -9999.0 -9999.0 -9999.0 -9999.0 -9999.0 -9999.0 -9999.0 -9999.0 -9999.0 -9999.0 -9999.0 -9999.0 -9999.0 -9999.0 -9999.0 -9999.0 -9999.0 -9999.0 -9999.0 -9999.0 -9999.0 -9999.0 -9999.0 -9999.0 0.017968810344696804 0.04623170470763399 0.060557854008222715 1143235943.753219 1175575512.8969998 1021778283.7570641 2456960004.9449944 0.2632252127767697 0.17428715333331052 0.334265873432759 0.334997024222086 0.37265799517659737 0.37475562516739414 0.5815411275084895 0.5883219900972823 0.8260702956056338 0.8235498523977537 0.8262123737730462 0.3907098741357533 707282209.0180094 772570454.6984861 718290428.9429464 661464827.369073 666852514.7772663
-9999.0 -9999.0 -9999.0 -9999.0 -9999.0 -9999.0 -9999.0 -9999.0 -9999.0 -9999.0 -9999.0 -9999.0 -9999.0 -9999.0 -9999.0 -9999.0 -9999.0 -9999.0 -9999.0 -9999.0 -9999.0 -9999.0 -9999.0 -9999.0 -9999.0 -9999.0 -9999.0 -9999.0 -9999.0 -9999.0 -9999.0 -9999.0 -9999.0 -9999.0 -9999.0 -9999.0 -9999.0 -9999.0 -9999.0 0.0 0.7481778340254366 0.43220109130695566 0.4345618249728437 0.7508508846691698 0.0 0.0 0.0 0.4425047341920905 0.27098822176818155 0.3771747521372363 0.37550215197809 0.5730943054518913 0.828447019861476 0.8305345811072905 0.833468627315969 0.0 796694645.8625163 614173086.0085317 697106113.0678039 686873118.6833203 621791961.5997667
-9999.0 -9999.0 -9999.0 -9999.0 -9999.0 -9999.0 -9999.0 -9999.0 -9999.0 -9999.0 -9999.0 -9999.0 -9999.0 -9999.0 -9999.0 -9999.0 -9999.0 -9999.0 -9999.0 -9999.0 -9999.0 -9999.0 -9999.0 -9999.0 -9999.0 -9999.0 -9999.0 -9999.0 -9999.0 -9999.0 -9999.0 -9999.0 -9999.0 -9999.0 -9999.0 -9999.0 -9999.0 -9999.0 -9999.0 -9999.0 -9999.0 -9999.0 -9999.0 -9999.0 -9999.0 -9999.0 -9999.0 -9999.0 0.0 0.0 0.7620853866437605 0.5738996205942978 0.5798310209617596 0.6010228521550341 0.6197190683308408 688160583.484856 814367983.619606 709520351.2808887 625275526.2209353 0.0 0.0
-9999.0 -9999.0 -9999.0 -9999.0 -9999.0 -9999.0 -9999.0 -9999.0 -9999.0 -9999.0 -9999.0 -9999.0 -9999.0 -9999.0 -9999.0 -9999.0 -9999.0 -9999.0 -9999.0 -9999.0 -9999.0 -9999.0 -9999.0 -9999.0 -9999.0 -9999.0 -9999.0 -9999.0 -9999.0 -9999.0 -9999.0 -9999.0 -9999.0 -9999.0 -9999.0 -9999.0 -9999.0 -9999.0 -9999.0 -9999.0 -9999.0 -9999.0 -9999.0 -9999.0 -9999.0 -9999.0 -9999.0 -9999.0 -9999.0 -9999.0 -9999.0 0.0 0.4513102833118269 0.39116226519121877 0.3842533369717379 353899940.8683318 0.0 417949860.7559879 0.0 0.0 264478237.9082375
