data/moz/moz_beta_map.asc
ncols	234
nrows	368
xllcorner	195196.26821073
yllcorner	7004178.4200866
cellsize	5000.0
NODATA_value	-9999
[rows 100 to 124 of 368, columns 55 to 109 of 234]
0.10314317330099824 0.0947747663529804 0.0880595910109377 0.09663526052330505 0.09526234661975892 0.09844609044450409 0.09385006193504246 0.10050752726461756 0.09894471379228842 0.09148166049681938 0.07372987250624184 0.07553100849715276 0.08262799617111762 0.08338045665176777 0.07220775017232078 0.074650686530739 0.07825146290811708 0.07031614602567625 0.08004139597417573 0.08823699461398563 0.07469186116030756 0.07933852923507188 0.08389289497608579 0.08933647805361161 0.09060510522261213 0.08370115291529133 0.09298364853581238 0.08844509009201666 0.09236534759613761 0.07902125516968218 0.07938023467605122 0.09500259361170608 0.09196122927913261 0.09206649252790176 0.08909207314419326 0.08733622858523474 0.08542152934845094 0.07632572307767159 0.07158302577517806 0.06440472015601814 0.06831666188212397 -9999.0 -9999.0 -9999.0 -9999.0 -9999.0 -9999.0 -9999.0 -9999.0 -9999.0 -9999.0 -9999.0 -9999.0 -9999.0 -9999.0
0.10076085337267342 0.10421479606908633 0.09144906425521261 0.08956915219191078 0.0859761339859191 0.10687315419615598 0.09130252617385805 0.10682881451962735 0.11727391060730023 0.08813096431413449 0.08077009735257656 0.07659180943803409 0.08036929914618873 0.08380061302664397 0.09646836837659346 0.06903200540381589 0.07819654936173519 0.0891026181697278 0.08647045198807413 0.0845976650580571 0.07614151554292893 0.08703752775855547 0.08387553410018234 0.09236679204260116 0.08342657752815383 0.08630845318705167 0.10302841390850731 0.09231219180918997 0.094382717216956 0.08716289702338338 0.09815723198818348 0.10350916230427712 0.10185482974235081 0.08678664712284277 0.07450312027137966 0.0682171562610998 0.07579772661902173 0.07320462857765073 0.06725331610849807 0.06367363797348272 0.05388378912945795 -9999.0 -9999.0 -9999.0 -9999.0 -9999.0 -9999.0 -9999.0 -9999.0 -9999.0 -9999.0 -9999.0 -9999.0 -9999.0 -9999.0
0.10199868381836234 0.10056054884994536 0.09496257177329129 0.08620297000485752 0.07931494029628415 0.09259877774599537 0.09243166341514322 0.10791409343063556 0.09367241219949764 0.08920191706441943 0.09945527563755771 0.08270733311926884 0.09907962037733145 0.09359631481561684 0.09383003642057823 0.07215088727845237 0.0770910933828766 0.07514274309543341 0.08162478876581587 0.08046283420453366 0.07310720819446087 0.0759222640535565 0.07480370175033475 0.08222131454779621 0.08531049482475722 0.08085534915475477 0.10226034455489652 0.10233862360745685 0.09101321873246379 0.08923991682659028 0.09800514895326166 0.09546670428818316 0.10346178768078701 0.08870733426471325 0.07494951560236023 0.07075421753131672 0.0678527344966912 0.07238302753127114 0.06982390565477929 0.06872085310908654 0.055809801683820034 -9999.0 -9999.0 -9999.0 -9999.0 -9999.0 -9999.0 -9999.0 -9999.0 -9999.0 -9999.0 -9999.0 -9999.0 -9999.0 -9999.0
0.09655202640816166 0.07835178877471041 0.07112895453455176 0.08044458414855675 0.08607437115281327 0.07693507807211739 0.08666993176173358 0.09851744224584329 0.09064147639779577 0.09804590317007415 0.0954154545084606 0.08357488800406371 0.08782243668156263 0.08725545113329099 0.0811140694990172 0.07795838036181177 0.07955990909174865 0.07487114799816302 0.07859520846434385 0.07186554222808103 0.07551231812210005 0.0786044804200986 0.07886438554308497 0.07780706621751332 0.08069405924773512 0.07945698972098407 0.10080520938098711 0.09681843893677029 0.0963329635727423 0.09523330864920565 0.09999246359604204 0.09899647929652791 0.09442313753000199 0.08301016057286202 0.07789303966647548 0.0792133164441067 0.08411741003335153 0.0699027269586074 0.06776892640877766 0.0703502501433574 -9999.0 -9999.0 -9999.0 -9999.0 -9999.0 -9999.0 -9999.0 -9999.0 -9999.0 -9999.0 -9999.0 -9999.0 -9999.0 -9999.0 -9999.0
0.09546877613034402 0.0875772646990136 0.08713683133213429 0.08984215603150916 0.07628311253698858 0.07811743245749805 0.08695431788638845 0.08998733408777301 0.08881197451428964 0.09669286445829206 0.09130411150523278 0.09718425424327355 0.08514035469278518 0.09153762124794469 0.08020533103540646 0.07826186458950987 0.07990083016280672 0.07107756570199847 0.0791374720106456 0.06501976297130285 0.0674547984313937 0.07018923607035532 0.0818006709932414 0.0840339219505264 0.08192902417398074 0.0760517519189678 0.08397539489096643 0.10699276580346949 0.10457397819653694 0.08927128989768542 0.10118507576453635 0.09478098714840177 0.09322368273925032 0.0905608564548104 0.08240331886303227 0.09025664236289752 0.09012347188654388 0.07183473914863359 0.0652356358883454 0.0738951441076978 -9999.0 -9999.0 -9999.0 -9999.0 -9999.0 -9999.0 -9999.0 -9999.0 -9999.0 -9999.0 -9999.0 -9999.0 -9999.0 -9999.0 -9999.0
0.10311220707539467 0.08370237512868359 0.0917288613461583 0.09088886154588086 0.09405582761811253 0.09135123577565096 0.09331657632092982 0.08888092215200244 0.08979575617345414 0.08281722624088106 0.08813270846822174 0.09456768085472778 0.08852817266544148 0.09946424765760836 0.07644456427069526 0.07223627449183262 0.0759762681108766 0.08243005514410326 0.07208394708139443 0.07316239064905147 0.06569092877049396 0.06668400320436335 0.07082128177192638 0.08347330780326465 0.07386455660367033 0.0756928797814563 0.07621045549498806 0.07930478245058895 0.09328550255372141 0.10324493276198438 0.08705876436517597 0.0897796828986509 0.09530054303414139 0.09708002192751831 0.08868183203771152 0.09542992492205124 0.08723311217520972 0.07284676959873884 0.07140960204495493 0.0757842841275773 0.05422129606207948 -9999.0 -9999.0 -9999.0 -9999.0 -9999.0 -9999.0 -9999.0 -9999.0 -9999.0 -9999.0 -9999.0 -9999.0 -9999.0 -9999.0
0.07798307013418126 0.08188796993172091 0.09115564316208112 0.09072679313238471 0.10208981229628677 0.1023392412407377 0.08483295711224395 0.08551503346269461 0.08493059031588321 0.09351581267612771 0.0933330886591619 0.09230733961740227 0.10133354453701966 0.09817506379382934 0.07998990158952793 0.06980263456539973 0.07329205846742053 0.07771349600234122 0.07834856225012128 0.08610817606928166 0.07491463799366206 0.07797478953442287 0.07293498837491462 0.08199940095060076 0.0848666242390813 0.08665322896795817 0.08218969620735121 0.08060398856581028 0.08729608997590961 0.10793507135252738 0.10750725071750644 0.11807445890072098 0.10898650266589881 0.09570878253145376 0.08918172839269099 0.08683590280880484 0.07729012086599957 0.07843597626429093 0.08306445554456515 0.09111727775439395 0.05801911872151819 -9999.0 -9999.0 -9999.0 -9999.0 -9999.0 -9999.0 -9999.0 -9999.0 -9999.0 -9999.0 -9999.0 -9999.0 -9999.0 -9999.0
0.0763632678728002 0.08366493844387857 0.08866590643153513 0.09345060614052515 0.09835933613736832 0.09997110251208166 0.09012686378641553 0.07886141041084224 0.08103368594324621 0.07785289189871929 0.0746479362781338 0.08035807029653168 0.08988395209056974 0.0884266898007134 0.08335867681584053 0.07930903311200806 0.07640093457128562 0.07710249839168554 0.09025385815108872 0.07953930649548131 0.0763061363853069 0.08753826284136325 0.10904650744119228 0.1052302088827677 0.08924572053386617 0.0934685593837074 0.08595774413798177 0.08377145101955932 0.08117428599376145 0.10029084179990494 0.1177873653790506 0.1120422767037962 0.09752060820823392 0.08807463159606636 0.08407676890143564 0.08720711995078098 0.0805207030776034 0.0854571630015622 0.09655071931493948 0.07768624425233532 -9999.0 -9999.0 -9999.0 -9999.0 -9999.0 -9999.0 -9999.0 -9999.0 -9999.0 -9999.0 -9999.0 -9999.0 -9999.0 -9999.0 -9999.0
0.08637410604528388 0.0813182146928461 0.0811706889942168 0.08483420024125977 0.09368144522355096 0.07835844373549967 0.08047180972060222 0.07675262205968038 0.07347951720223937 0.0769154130748968 0.06747579829922354 0.062361085508699586 0.07365832389192215 0.08590972915219375 0.09357533117449604 0.08448746100644092 0.07972781868893097 0.06993223004401136 0.08254679475383847 0.07328457308291468 0.07176309400095437 0.09308166571891063 0.08939228606277731 0.08456468107006074 0.08060468622956002 0.08675103115255033 0.08580854019156975 0.09166344366625066 0.0871463838696344 0.101027882591116 0.10055194459916644 0.09555110569446422 0.09733307446547931 0.08502731856328076 0.07768955260726185 0.08440583941715853 0.09019976549213922 0.08023229067112207 0.08743987336516262 -9999.0 -9999.0 -9999.0 -9999.0 -9999.0 -9999.0 -9999.0 -9999.0 -9999.0 -9999.0 -9999.0 -9999.0 -9999.0 -9999.0 -9999.0 -9999.0
0.07728174361836561 0.07658144531171705 0.0748109754353706 0.07661031630477308 0.08027040918754656 0.0934357455871693 0.07623011698918239 0.08386891249170707 0.08822496044809704 0.07848951998655083 0.06895069230991477 0.062240828263803935 0.07881834217688506 0.08510081387781906 0.08671921706325052 0.07994277493138228 0.08597292626750659 0.07744455808615332 0.07638015801779827 0.08889637848095124 0.08995593612808861 0.09454745341712215 0.08456545369390105 0.0831420342524678 0.08126681599996902 0.08238713557593148 0.07241241541559822 0.08235539262884785 0.08666621342721982 0.09340120279743447 0.08837333683641696 0.08798842556039958 0.09083991251108424 0.09520943097914573 0.09191244368877802 0.07972626723277461 0.08473679996663319 0.07148748907642372 0.0683307801567348 -9999.0 -9999.0 -9999.0 -9999.0 -9999.0 -9999.0 -9999.0 -9999.0 -9999.0 -9999.0 -9999.0 -9999.0 -9999.0 -9999.0 -9999.0 -9999.0
0.07830955329698526 0.07648794189792152 0.08244482306945478 0.08022964716347827 0.07272146574597309 0.08138915416831599 0.089175037507036 0.07653221663661511 0.07344233229025958 0.07593407557404132 0.07335839404884806 0.07173918493811031 0.06685310902735947 0.08162023482851198 0.08517971802082 0.0793768390952918 0.08216269583396907 0.08102462112352306 0.08700982486500629 0.0896491441386934 0.08935825520451324 0.10362062982171052 0.08742981253050715 0.08793796381106017 0.09707070964759039 0.07895616060072921 0.08570012724406093 0.07775419123964933 0.07527189848824369 0.07438093449633565 0.07004052487448904 0.0790912064716012 0.08153990746082136 0.09503355992059728 0.089636849913401 0.09154030180015334 0.08220524553134138 -9999.0 -9999.0 -9999.0 -9999.0 -9999.0 -9999.0 -9999.0 -9999.0 -9999.0 -9999.0 -9999.0 -9999.0 -9999.0 -9999.0 -9999.0 -9999.0 -9999.0 -9999.0
0.07462744882305135 0.08022755245501632 0.08345758696552831 0.08394966510951893 0.09082915168480114 0.07757180903328652 0.07408333249318413 0.07704768581842274 0.08632959762682833 0.06939063301057201 0.07665681536782985 0.06524987789897642 0.05965706391946555 0.06953482780881233 0.07677464977992011 0.07430779539025788 0.09138191612373446 0.0955719678587647 0.09873747540755656 0.08669545469001205 0.07922334531060099 0.08862575279157756 0.07772694151644514 0.06829327293861731 0.08908249366567544 0.08124373036409008 0.08322551428494906 0.10275115989123569 0.0828498985262446 0.08509303437967251 0.07318997445402264 0.08074585148270874 0.08071904617039673 0.07379082488697351 0.0737406537897992 0.0835591950796154 0.08369433480177249 -9999.0 -9999.0 -9999.0 -9999.0 -9999.0 -9999.0 -9999.0 -9999.0 -9999.0 -9999.0 -9999.0 -9999.0 -9999.0 -9999.0 -9999.0 -9999.0 -9999.0 -9999.0
0.06010412648296424 0.061021778901979795 0.07158434198054273 0.07032516364137145 0.08291439687936125 0.07127111207734796 0.06917752271752861 0.07341620971212742 0.07758790996755913 0.07413748224698877 0.07209587271083244 0.0629143672156358 0.05943905575561457 0.061037578957709795 0.08091849838050615 0.08112579909212779 0.08549820278682767 0.09309126549153555 0.09658398021291162 0.09607969813598072 0.09172564036483206 0.07380200586696811 0.08081538810495424 0.08062323725373878 0.07170538751125174 0.07940172406546471 0.08389084659965278 0.08702006193403333 0.08952900102293881 0.08867826448163268 0.0803710065474154 0.07716462560552363 0.07437267771879248 0.07412670380948648 0.07000861020310781 0.09422088873595592 0.08611465753659517 -9999.0 -9999.0 -9999.0 -9999.0 -9999.0 -9999.0 -9999.0 -9999.0 -9999.0 -9999.0 -9999.0 -9999.0 -9999.0 -9999.0 -9999.0 -9999.0 -9999.0 -9999.0
0.06386323278385747 0.07654881567370504 0.06273827634831333 0.06096483724076524 0.07251258476050454 0.07217611671148184 0.0648211000341512 0.0695436894650478 0.07181551643652656 0.06609405867845404 0.059609973630414544 0.05827619010232072 0.06325598314095583 0.06216360615497308 0.0764881291718962 0.08375923511804809 0.07852763124879147 0.09098700228444581 0.0954204872188473 0.1007819420346527 0.08901940812253505 0.08149004177198992 0.07542798530246796 0.0821581686285394 0.07302594663686746 0.0751616556481253 0.07786117671251691 0.07658626801030786 0.08833829144394528 0.07696345892882013 0.07911024254719483 0.07775325957104753 0.0814140340038815 0.06869982116353437 0.08145711906259465 0.09133841777503403 0.08835027542771658 0.05896473342962835 -9999.0 -9999.0 -9999.0 -9999.0 -9999.0 -9999.0 -9999.0 -9999.0 -9999.0 -9999.0 -9999.0 -9999.0 -9999.0 -9999.0 -9999.0 -9999.0 -9999.0
0.055407426593215944 0.05873459746351932 0.054410482358287465 0.062243259995166805 0.0656505915004616 0.06788326905086163 0.061102420496159965 0.06425294950227524 0.06953404283532191 0.06885677975100905 0.06431969529592688 0.06541072004201968 0.05781684695612024 0.05953075166866769 0.061192828727086465 0.06876321452506388 0.0799988084566218 0.088822905730201 0.09015196927258952 0.07778158078752259 0.08352907891483284 0.07970491213067214 0.0822244726497607 0.07429715157510788 0.08000606370051767 0.07891526731903223 0.07389009620590867 0.07843317470570785 0.0789640275344792 0.07613715269014476 0.08746089653308957 0.09237163087489131 0.07809775121507226 0.07028079080443145 0.08406439075007296 0.07651137690841005 0.08739990357645606 -9999.0 -9999.0 -9999.0 -9999.0 -9999.0 -9999.0 -9999.0 -9999.0 -9999.0 -9999.0 -9999.0 -9999.0 -9999.0 -9999.0 -9999.0 -9999.0 -9999.0 -9999.0
0.060215488866618594 0.05985405985296055 0.05488948453119162 0.06691579269151166 0.06854454679831705 0.07252826612927613 0.06221903683023589 0.06080269944877276 0.05921027342899084 0.07286333985074366 0.06626710568271 0.06366742345395549 0.061027349143682796 0.05995108896212398 0.06272099882722187 0.06939972068765374 0.08097007880609534 0.07382541361640262 0.07860880057389949 0.08679579600068602 0.08640170603210465 0.08082064976180091 0.08184293605327032 0.07848926026076081 0.07814002860131969 0.08005382993225019 0.07985491013765242 0.08001715545683247 0.07194357023451789 0.06752395094566994 0.06822109958128944 0.07366548856565336 0.08536803309998497 0.09021760537454229 0.09316817883634942 0.0869885201451315 0.07790675977696053 -9999.0 -9999.0 -9999.0 -9999.0 -9999.0 -9999.0 -9999.0 -9999.0 -9999.0 -9999.0 -9999.0 -9999.0 -9999.0 -9999.0 -9999.0 -9999.0 -9999.0 -9999.0
0.05228106118858368 0.046855524877582766 0.05224360479628811 0.05366493390733981 0.06314479528071065 0.06052722086466714 0.06211503026887898 0.06628860582673952 0.05696573435158474 0.06626551602271566 0.0704542953885268 0.06821392127024346 0.06651053987730832 0.06929788115670986 0.06258225261897545 0.0635679566360704 0.05867220395476298 0.07074427939563395 0.08088380354689238 0.09163888374340692 0.09400791132093472 0.0858087537674814 0.07834054116119389 0.07945205323395554 0.07960380750674947 0.07871479049055427 0.07888034027259223 0.07652507954114963 0.07700653068393888 0.07630378588176065 0.07580289061094345 0.066615796517207 0.07425323038575331 0.08713010360503076 0.09144341772635994 0.07607542088407789 -9999.0 -9999.0 -9999.0 -9999.0 -9999.0 -9999.0 -9999.0 -9999.0 -9999.0 -9999.0 -9999.0 -9999.0 -9999.0 -9999.0 -9999.0 -9999.0 -9999.0 -9999.0 -9999.0
0.0664688325158635 0.05635718164478659 0.06423316630229445 0.05699029252834491 0.053743409606834415 0.06956600001640671 0.06822966613854638 0.06185961652284075 0.05630033774112153 0.05371015172875553 0.0605559648866933 0.0609743381633177 0.06363742170944815 0.05776140288891353 0.052236713011119706 0.06190046599838912 0.06316635206811413 0.06059027111049101 0.0809015469473363 0.07925305913890554 0.08716281050658717 0.09054031278155775 0.07636217645422426 0.07863663571184058 0.07579876974172564 0.07279167243853185 0.07727647484193796 0.08433942036939399 0.08391051489059376 0.07840888074993575 0.07033259077849799 0.0730013928284852 0.061197777759896675 0.07474071604867305 0.07141480220344544 -9999.0 -9999.0 -9999.0 -9999.0 -9999.0 -9999.0 -9999.0 -9999.0 -9999.0 -9999.0 -9999.0 -9999.0 -9999.0 -9999.0 -9999.0 -9999.0 -9999.0 -9999.0 -9999.0 -9999.0
0.06935538707109758 0.06442863177947653 0.0658544295599829 0.062426912672698495 0.059015875476995744 0.06563080516107689 0.07585124823727683 0.06992030154840788 0.0578642743290654 0.04838929274548203 0.04510881561560461 0.04456938819048357 0.05383824664312107 0.05501797115319158 0.061635584067029445 0.06380744852171735 0.059342550451196706 0.06669448849690716 0.08195658603881946 0.08199884206376318 0.08034442555500725 0.08360439628571847 0.08282111974549998 0.08543822250662932 0.08383783079993924 0.07517847420536587 0.07983590238268325 0.07231841903468514 0.07778765945312599 0.07188097155008227 0.0688561112678025 0.0725013573864569 0.06902667050704167 0.05010995874685642 -9999.0 -9999.0 -9999.0 -9999.0 -9999.0 -9999.0 -9999.0 -9999.0 -9999.0 -9999.0 -9999.0 -9999.0 -9999.0 -9999.0 -9999.0 -9999.0 -9999.0 -9999.0 -9999.0 -9999.0 -9999.0
0.0741816701425988 0.06632419627692791 0.06021435735078743 0.06518696527482966 0.06684190897674037 0.061835358421229634 0.056999633879726196 0.06095638432701886 0.06292500632026554 0.05438363449183697 0.05592384722071162 0.05478824967210381 0.04507144922864843 0.051911992372391094 0.05727842033204947 0.06432421317486375 0.07409158295201808 0.07124373698861423 0.08079234056299772 0.08480177716138289 0.07970232767625557 0.08098159644066379 0.07364210548503497 0.07299277801272387 0.07680077946866454 0.07364371048583088 0.06794180507084584 0.0720555624910782 0.07031697848762507 0.06868727169310701 0.07176980226712848 0.07523794381078319 0.07674873300865817 -9999.0 -9999.0 -9999.0 -9999.0 -9999.0 -9999.0 -9999.0 -9999.0 -9999.0 -9999.0 -9999.0 -9999.0 -9999.0 -9999.0 -9999.0 -9999.0 -9999.0 -9999.0 -9999.0 -9999.0 -9999.0 -9999.0
0.07526039256122867 0.06879486444241947 0.06408850197914942 0.06211200599619716 0.06404394077875879 0.0629659612969731 0.06521750390010693 0.05671279955526094 0.05865752036472089 0.05677662192277849 0.05841013384264715 0.05279480927060273 0.05104606366980184 0.043257594448252994 0.054143541524088644 0.07010236292084154 0.07211292290461142 0.06768248547411725 0.07472722020973192 0.07693822264985482 0.09284746036148121 0.09153174926682807 0.07363596091250445 0.09024531765806315 0.08482155296896243 0.08903227966746219 0.07429677553284872 0.0663717988514816 0.07019295926232587 0.07554455915044854 0.07899867080621255 0.08771496296725784 0.06926114453009077 0.07182412916191566 -9999.0 -9999.0 -9999.0 -9999.0 -9999.0 -9999.0 -9999.0 -9999.0 -9999.0 -9999.0 -9999.0 -9999.0 -9999.0 -9999.0 -9999.0 -9999.0 -9999.0 -9999.0 -9999.0 -9999.0 -9999.0
0.07986737166879664 0.07851035503734025 0.07516063434294362 0.06887513124076534 0.06815986520770151 0.07216260687769475 0.0682043440360962 0.06350367048489862 0.05774871030113141 0.05390822024087767 0.057158004176437606 0.05341666906796351 0.04789005575159155 0.04687698411362582 0.04766730771123259 0.052780757524952336 0.06558242184299763 0.06787415605454349 0.07305212138715413 0.08314231624317989 0.09061540189705328 0.07954337689634765 0.07287566908182061 0.08674644432669269 0.07963715361115059 0.07829372362474046 0.07785460371191949 0.06722628062869423 0.06950526293967876 0.07601924105959013 0.08311824124147316 0.07363627164984447 0.08192059253875435 0.09189011870251448 0.09874489327173379 0.1076133762117207 -9999.0 -9999.0 -9999.0 -9999.0 -9999.0 -9999.0 -9999.0 -9999.0 -9999.0 -9999.0 -9999.0 -9999.0 -9999.0 -9999.0 -9999.0 -9999.0 -9999.0 -9999.0 -9999.0
0.07661232957889709 0.08059868287435462 0.07873807137813829 0.0663460465233239 0.07524630500818132 0.06770789143502805 0.06892007920844025 0.06382170977991049 0.05992463035615507 0.05705680603419167 0.05783699775436911 0.05334732281497078 0.05104314216212772 0.06611308526446517 0.05471112419275705 0.04850859208093121 0.06327694663873705 0.07529977881355858 0.07870962458083411 0.06855010695537364 0.06884848095676249 0.07523507353349598 0.07496989576704989 0.0774975156876868 0.07479563563119059 0.07198955193258355 0.07214866988171242 0.0799774997048996 0.08618837460633859 0.08496399035627729 0.09209016494006554 0.0861925572070545 0.09086054764826759 0.08527522600737976 0.08960704713722407 0.09371713744140109 -9999.0 -9999.0 -9999.0 -9999.0 -9999.0 -9999.0 -9999.0 -9999.0 -9999.0 -9999.0 -9999.0 -9999.0 -9999.0 -9999.0 -9999.0 -9999.0 -9999.0 -9999.0 -9999.0
0.11408471390740098 0.10085132360444159 0.08319136559391692 0.06620583790450686 0.06688161411523826 0.07064954866805874 0.055798305898151594 0.05897523883525163 0.059015949575696815 0.05823747846189165 0.05560351148799884 0.05589181982155794 0.054881307257583625 0.053272739501997395 0.058303220824895544 0.04468765653998189 0.052445519605447154 0.06949248810314058 0.0644678074057745 0.05912387719810618 0.07310970133184586 0.07021635114247744 0.07443146122818575 0.07488528863517123 0.06995799811567682 0.07127477922563466 0.07496258135776358 0.07055127804481037 0.08414541383949325 0.08707599213825222 0.09083713614628665 0.08728796753616845 0.08363324923536487 0.08344868616543533 0.09079723130114585 0.09969372760010928 0.06486832291280703 -9999.0 -9999.0 -9999.0 -9999.0 -9999.0 -9999.0 -9999.0 -9999.0 -9999.0 -9999.0 -9999.0 -9999.0 -9999.0 -9999.0 -9999.0 -9999.0 -9999.0 -9999.0
0.14856300373715714 0.1476026538924988 0.15001777777393832 0.08204136437483839 0.0627081351758385 0.06680616584672606 0.059562301363381226 0.059314080456913575 0.05838703682958484 0.054884499219488785 0.0545220809140282 0.04504055694093975 0.05208897491010869 0.05921246269711308 0.059507324226043795 0.057050462585870314 0.04390258990688482 0.0529809043925258 0.06425749175262196 0.06148362141511473 0.05708073470381805 0.05550298190839194 0.0684587772704912 0.07773294817889125 0.07389505719638624 0.0752681900871832 0.06903451569091008 0.06398457770939361 0.08169865443979764 0.08555855477705036 0.08579807540061254 0.0910456584128914 0.08271092632822337 0.079142440777152 0.09904217023537189 0.09732338523045736 0.07659837888389831 -9999.0 -9999.0 -9999.0 -9999.0 -9999.0 -9999.0 -9999.0 -9999.0 -9999.0 -9999.0 -9999.0 -9999.0 -9999.0 -9999.0 -9999.0 -9999.0 -9999.0 -9999.0
