data/moz/moz_pfpr210.asc
ncols         234
nrows         368
xllcorner     195196.26821073
yllcorner     7004178.4200866
cellsize      5000
NODATA_value  -9999
[rows 124 to 154 of 368, columns 70 to 139 of 234]
0.2017626 0.1594085 0.186085 0.2207854 0.2138942 0.2018449 0.1954674 0.2273098 0.2495917 0.2404855 0.2443504 0.2285679 0.2157079 0.2587315 0.2694691 0.2700304 0.2792511 0.2610219 0.252871 0.2957013 0.2922514 0.2477107 -9999 -9999 -9999 -9999 -9999 -9999 -9999 -9999 -9999 -9999 -9999 -9999 -9999 -9999 -9999 -9999 -9999 -9999 -9999 -9999 -9999 -9999 -9999 -9999 -9999 -9999 0.2045977 0.2067767 0.1783619 0.1666943 0.1989454 0.2192521 0.2386325 0.2349596 0.2377984 0.2287425 0.2341901 0.2811025 0.315259 0.3156954 0.3599004 0.3872396 0.4007978 0.3543057 0.3543253 0.3895554 0.4024574 0.4077529
0.2066481 0.1921786 0.1651445 0.1575459 0.1654563 0.2175045 0.2076005 0.2264466 0.2234987 0.2566227 0.2653758 0.2564138 0.2526779 0.2557068 0.2635716 0.2675865 0.2680964 0.2634673 0.2659881 0.2875726 0.2937853 -9999 -9999 -9999 -9999 -9999 -9999 -9999 -9999 -9999 -9999 -9999 -9999 -9999 -9999 -9999 -9999 -9999 -9999 -9999 -9999 -9999 0.2331031 0.2423859 0.2218497 0.1833966 0.2092805 0.2163395 0.2316586 0.2282489 0.2175609 0.2108768 0.2230091 0.2282015 0.2516247 0.2671553 0.260833 0.2647087 0.2884053 0.2993352 0.3198472 0.3476149 0.3860353 0.3865403 0.3774464 0.348978 0.382484 0.3858411 0.4415928 0.4379767
0.2445448 0.2255764 0.2053096 0.1859135 0.1652988 0.2293513 0.2431085 0.2329368 0.2288266 0.2575245 0.2695279 0.2814045 0.2700699 0.2699177 0.2388461 0.2722175 0.269029 0.2770625 0.2756658 0.2903223 0.286838 -9999 -9999 -9999 -9999 -9999 -9999 -9999 -9999 -9999 -9999 -9999 -9999 -9999 -9999 -9999 -9999 -9999 -9999 -9999 -9999 0.2456291 0.252179 0.2506822 0.2235959 0.2061545 0.2310908 0.2269149 0.2240249 0.2268237 0.2206496 0.2214843 0.2307162 0.2314529 0.2531053 0.2666388 0.2697224 0.2740913 0.2828635 0.3025847 0.3251033 0.3024606 0.3625879 0.3932452 0.3636195 0.3787978 0.3925461 0.3837106 0.3798119 0.3832239
0.2469842 0.2418807 0.2369777 0.229958 0.1821631 0.2186339 0.2650911 0.2525477 0.2516785 0.2708206 0.2787243 0.2529624 0.2846347 0.2584924 0.2844451 0.2707901 0.2698608 0.2837264 0.2812922 0.2799643 0.2982613 0.2661989 -9999 -9999 -9999 -9999 -9999 -9999 -9999 -9999 -9999 -9999 -9999 -9999 -9999 -9999 -9999 -9999 -9999 -9999 0.2575641 0.252625 0.2577234 0.2455996 0.2284558 0.225736 0.2234431 0.2205186 0.2249051 0.2259166 0.2266382 0.2332806 0.2370065 0.2445735 0.2677219 0.2868724 0.277144 0.2982767 0.3136099 0.3157302 0.3237008 0.327905 0.3372504 0.3475171 0.3733698 0.3680616 0.4123396 0.4021633 0.3771855 0.3922806
0.2191337 0.2167496 0.2169982 0.2442557 0.232776 0.1975807 0.2389782 0.2600521 0.2571833 0.2720302 0.2707268 0.2711301 0.2702582 0.2684556 0.3000878 0.3200088 0.3174416 0.2828466 0.2788993 0.2855923 0.2926937 0.3123325 0.2698785 0.2654275 -9999 -9999 -9999 -9999 -9999 -9999 -9999 -9999 -9999 -9999 -9999 -9999 -9999 -9999 -9999 -9999 0.2672306 0.2761467 0.2589018 0.2318896 0.2400003 0.2422374 0.2372337 0.2503084 0.2395694 0.2315157 0.2318803 0.2501495 0.2656629 0.2526994 0.255526 0.2543257 0.2573279 0.2907037 0.315616 0.2940035 0.3412799 0.3635575 0.399007 0.3395322 0.3734518 0.3805095 0.343934 0.4038854 0.4287798 0.4334676
0.231946 0.2198057 0.221082 0.2523217 0.2415874 0.1894675 0.2086243 0.255945 0.2725673 0.2585237 0.2596364 0.2826885 0.2719738 0.2546024 0.2735512 0.274108 0.3102056 0.2906775 0.2977152 0.2873072 0.2881402 0.3378514 0.3409798 0.3305252 0.2798902 -9999 -9999 -9999 -9999 -9999 -9999 -9999 -9999 -9999 -9999 -9999 -9999 -9999 -9999 0.244066 0.2916487 0.2692149 0.261014 0.2706997 0.2822128 0.2577954 0.2553156 0.2425814 0.2542473 0.2487537 0.2433371 0.2469825 0.2509379 0.2781129 0.2914591 0.2582909 0.2698142 0.3149283 0.2989294 0.3199778 0.3376897 0.3781501 0.3310999 0.3402002 0.3776418 0.3889163 0.3776616 0.3787689 0.3904569 0.4256938
0.2011628 0.1910528 0.2252333 0.2588608 0.2574454 0.2183211 0.2041153 0.2125775 0.2653673 0.2619203 0.269248 0.2789747 0.2675839 0.2567178 0.2610211 0.2604098 0.2745256 0.2972552 0.2994806 0.3055677 0.3218936 0.3376689 0.348439 0.3594037 0.341194 -9999 -9999 -9999 -9999 -9999 -9999 -9999 -9999 -9999 -9999 -9999 -9999 -9999 -9999 0.2222569 0.2693798 0.3003183 0.2999019 0.2880858 0.2919463 0.2856079 0.2758667 0.2605924 0.2491608 0.2490204 0.2604212 0.2609552 0.2530489 0.2881257 0.3008698 0.2685323 0.2658588 0.307243 0.3221327 0.3515158 0.3432563 0.3768261 0.3531086 0.3574374 0.3627984 0.3785141 0.3742935 0.3908372 0.4098833 0.4130467
0.2397452 0.2347162 0.1979916 0.2013442 0.218562 0.2100498 0.2451288 0.2301879 0.2008941 0.2273527 0.2527784 0.28218 0.2760684 0.289231 0.2904057 0.3001114 0.2882641 0.2798901 0.2809938 0.2628922 0.2829107 0.310199 0.3164823 0.3250486 0.3510791 0.2981594 -9999 -9999 -9999 -9999 -9999 -9999 -9999 -9999 -9999 -9999 -9999 -9999 -9999 0.2161589 0.2395771 0.2577219 0.3092055 0.3029393 0.2485543 0.2759897 0.2807137 0.2637344 0.2657902 0.2715769 0.2596596 0.2731765 0.2806627 0.2937937 0.2925166 0.2958871 0.3203905 0.3334532 0.348614 0.3689093 0.3837601 0.3980777 0.3922569 0.3973134 0.4039454 0.4163606 0.3982024 0.3908249 0.3781077 0.4021738
0.2459006 0.2366198 0.2233872 0.2438045 0.2765898 0.262828 0.2599608 0.2680165 0.2668488 0.2042546 0.232903 0.2651025 0.284646 0.3009704 0.3040239 0.3093081 0.3071756 0.3098655 0.298299 0.3472785 0.3714733 0.3036322 0.3218406 0.3446026 0.3650857 0.3574166 0.3079877 -9999 -9999 -9999 -9999 -9999 -9999 -9999 -9999 -9999 -9999 -9999 -9999 0.2241669 0.2488491 0.2579292 0.2427899 0.2781257 0.2572094 0.2568505 0.2632365 0.2613894 0.2359221 0.2317676 0.2537873 0.264944 0.2672315 0.3006765 0.3061742 0.3333018 0.3210908 0.3566844 0.3589258 0.3740184 0.3911026 0.3973259 0.4089695 0.4176323 0.465199 0.4287331 0.4381148 0.4019403 0.4196466 0.3944089
0.2159047 0.2583283 0.2587461 0.2611434 0.3029812 0.3292614 0.291056 0.2924135 0.2763652 0.2653574 0.2158569 0.2322457 0.2809143 0.2939372 0.3137484 0.2945617 0.3122967 0.3137243 0.3421344 0.2991526 0.3135034 0.324605 0.3101031 0.3091949 0.3205936 0.3349694 0.3354392 0.3321249 0.3250993 -9999 -9999 -9999 -9999 -9999 -9999 -9999 -9999 -9999 0.2291689 0.245372 0.2662649 0.2382276 0.2229482 0.2690786 0.292639 0.2864676 0.2781341 0.2662594 0.2113684 0.2109282 0.2401855 0.2699817 0.2780803 0.313408 0.3168735 0.3066275 0.3152156 0.3405795 0.3655687 0.359364 0.3932861 0.3986018 0.4237571 0.4297253 0.4603569 0.4610757 0.4571625 0.4429826 0.4630663 0.4672653
0.2001204 0.2655026 0.2905206 0.3115734 0.2987311 0.298661 0.3119472 0.2939988 0.2940418 0.2943797 0.2331524 0.2174003 0.2698097 0.2814262 0.3090353 0.3030173 0.2879394 0.3275035 0.3292771 0.339672 0.3297476 0.3079244 0.3113654 0.3165638 0.3146494 0.324614 0.3446507 0.3534083 0.3469887 -9999 -9999 -9999 -9999 -9999 -9999 -9999 0.2300712 0.2663046 0.2739353 0.2694729 0.2691737 0.2714396 0.2254716 0.2503235 0.2922443 0.2973888 0.3021719 0.2971048 0.2825922 0.2450995 0.2522269 0.2731978 0.2623983 0.2950248 0.3020584 0.3245494 0.3251677 0.3354689 0.3477724 0.3908038 0.3963075 0.4225473 0.4412666 0.44293 0.4439099 0.4897372 0.469973 0.438047 0.4312612 0.4585723
0.2070138 0.2675251 0.3150596 0.3263416 0.3532538 0.3314941 0.3366821 0.3156762 0.3091431 0.3105887 0.3041251 0.2493879 0.244049 0.2588868 0.2496867 0.2874168 0.2909413 0.3025004 0.271352 0.3119031 0.3360578 0.3238029 0.3541279 0.3509534 0.3459188 0.3333586 0.3403407 0.3419735 0.3741399 0.3569946 0.2824698 -9999 -9999 -9999 -9999 -9999 0.2331031 0.2868663 0.2568325 0.2839238 0.2839147 0.3127319 0.2907664 0.2652325 0.2583386 0.3162056 0.3325856 0.3161413 0.3138733 0.303891 0.2792847 0.2555048 0.2324122 0.2777102 0.3386181 0.3633404 0.3660436 0.3398722 0.3677089 0.3705592 0.3653504 0.4270203 0.4351114 0.4747805 0.4574801 0.4710807 0.4662805 0.4074769 0.4119285 0.4490129
0.242311 0.2748399 0.3224995 0.3309036 0.3488891 0.344857 0.3363878 0.323497 0.3143122 0.308196 0.3024223 0.274208 0.2889272 0.3039069 0.2834872 0.2499545 0.2720073 0.2960455 0.2616012 0.3012798 0.3289944 0.3621249 0.3702892 0.3837941 0.3690422 0.3553117 0.3612891 0.3531754 0.3629548 0.3702725 0.3020555 -9999 -9999 -9999 -9999 -9999 -9999 0.2374482 0.2576543 0.2841749 0.2795454 0.2884294 0.3084013 0.3010598 0.2898271 0.2795871 0.2824559 0.3012511 0.2984448 0.2811501 0.24272 0.2432298 0.2730757 0.2933379 0.3378327 0.3560104 0.3829116 0.3757924 0.3614064 0.3881391 0.3878568 0.4309876 0.4395969 0.4736153 0.4853947 0.466768 0.4490506 0.4183177 0.4125361 0.442918
0.2611713 0.2684867 0.3054009 0.3286666 0.3504184 0.3349692 0.3374148 0.3202448 0.3185882 0.3062371 0.3020135 0.2871725 0.2813413 0.341881 0.3571384 0.2829752 0.2384429 0.2512617 0.2459611 0.2672182 0.3097286 0.3480231 0.3596581 0.3659971 0.3828821 0.3855411 0.3385019 0.3626058 0.3466899 0.3587373 0.3638186 0.2739023 -9999 -9999 -9999 -9999 -9999 -9999 0.2474723 0.2488122 0.2871515 0.2832727 0.3091976 0.3199475 0.2903583 0.2999682 0.31049 0.3276548 0.3085887 0.3036124 0.2662748 0.2705654 0.285111 0.2884238 0.340304 0.3581036 0.4006501 0.3691569 0.4026032 0.42035 0.4185075 0.4180164 0.4139896 0.4631067 0.4648748 0.4613343 0.4530995 0.4440089 0.4681479 0.4277947
0.2827742 0.3127054 0.3241808 0.3124902 0.3635693 0.3554017 0.3507672 0.3398709 0.3288619 0.3141852 0.3072335 0.2932386 0.3033045 0.3288688 0.3568109 0.2999943 0.2646291 0.2376012 0.2395756 0.2627906 0.2794062 0.2821251 0.2883551 0.3319815 0.3667025 0.3754008 0.3701073 0.3652173 0.3433717 0.3569791 0.3814062 0.3380354 -9999 -9999 -9999 -9999 -9999 -9999 -9999 0.2484759 0.2654056 0.2768418 0.2999856 0.319253 0.3084486 0.3297624 0.3255881 0.3186085 0.3076803 0.297148 0.3151627 0.3279181 0.2917394 0.3332021 0.3636346 0.372718 0.3802791 0.3997557 0.4348994 0.4405301 0.4218897 0.4262474 0.4146758 0.4288485 0.4031612 0.4023449 0.4559031 0.4520589 0.415707 0.4044488
0.3093596 0.2939748 0.3321559 0.3244879 0.3444088 0.3406144 0.3538179 0.3383617 0.3200051 0.3274076 0.3644583 0.3343549 0.3310777 0.306332 0.2944196 0.3026775 0.3181217 0.3011983 0.3086007 0.2923861 0.300269 0.3346304 0.2794259 0.3046376 0.3315272 0.334953 0.340087 0.3664253 0.3631693 0.3487627 0.4102117 0.3669079 0.3893789 0.409364 -9999 -9999 -9999 -9999 -9999 0.2775178 0.2890749 0.2956889 0.3041787 0.3255324 0.3184879 0.3283201 0.3331833 0.3352653 0.3072354 0.3332623 0.3285818 0.3489837 0.3208114 0.3534447 0.3724132 0.3930004 0.3811085 0.3762581 0.4086135 0.431706 0.4058014 0.4184224 0.4692129 0.4273098 0.4530655 0.4220494 0.4000671 0.4178968 0.4641415 0.4366039
0.3168346 0.2959211 0.3130684 0.3284286 0.3292981 0.3396752 0.3400262 0.3370927 0.3304696 0.3447081 0.3564816 0.3103437 0.2977529 0.3087477 0.3060401 0.2926908 0.3070841 0.3183341 0.3620937 0.3683422 0.3107149 0.3017699 0.3169328 0.295005 0.303626 0.3188215 0.3525237 0.3664384 0.3433512 0.3577725 0.3874316 0.3966017 0.395001 0.4205257 0.4257457 0.3490962 0.3479194 -9999 -9999 0.2780573 0.2763018 0.3314965 0.3314036 0.3357518 0.3286147 0.3235904 0.3231221 0.3271067 0.3400652 0.317209 0.3245956 0.3343734 0.3745608 0.4038287 0.4019186 0.4157246 0.3864022 0.3892739 0.4244758 0.4253723 0.4029789 0.4236271 0.4905857 0.4344785 0.4480989 0.4610627 0.4036954 0.3593932 0.3743881 0.3849463
0.3043213 0.3232477 0.3158087 0.3257506 0.3449496 0.346682 0.338291 0.3534358 0.3624124 0.3457248 0.3455025 0.3362274 0.2942398 0.2648965 0.3012081 0.2949176 0.3333796 0.3448243 0.3578297 0.3653145 0.3653194 0.3622386 0.3230382 0.2998963 0.3063573 0.3029933 0.3241752 0.3747396 0.3545156 0.3696402 0.3834489 0.3999535 0.3809136 0.3966127 0.4050953 0.3901829 0.4175686 -9999 -9999 0.2805303 0.279342 0.3115926 0.3519244 0.3751464 0.3305583 0.32093 0.3111027 0.3022172 0.3139732 0.3004524 0.3323843 0.3891731 0.4114878 0.3850733 0.4178438 0.3928989 0.4067145 0.4109957 0.4608893 0.4184776 0.3995568 0.4453596 0.4314553 0.4212455 0.3876127 0.4055944 0.4099002 0.3857867 0.3504941 0.3480181
0.310921 0.3214947 0.3270108 0.3285868 0.354114 0.3575291 0.3233942 0.3365944 0.3396634 0.3557527 0.3443446 0.3585119 0.3056447 0.2897221 0.2796023 0.3274085 0.3573774 0.3510233 0.3778847 0.3828369 0.4028895 0.372869 0.3744898 0.3907904 0.3751806 0.3373223 0.2921214 0.3055649 0.3459741 0.3399734 0.3803577 0.4085265 0.3828357 0.4020498 0.4105923 0.4145133 0.4257644 -9999 -9999 0.2839083 0.3358387 0.3357147 0.3666141 0.3677405 0.3619654 0.3475894 0.3245225 0.310365 0.3100438 0.2980892 0.3090571 0.3624116 0.415748 0.3923109 0.4021946 0.4085163 0.4059775 0.3962058 0.4162427 0.4108153 0.4120167 0.4286886 0.4086543 0.4013695 0.3975551 0.3877507 0.4155165 0.400419 0.3973151 0.3685834
0.3064795 0.3402886 0.3337287 0.35122 0.3614759 0.3451807 0.3515218 0.3451359 0.3438778 0.3498434 0.3311127 0.3499726 0.3018042 0.3084081 0.3201178 0.3329107 0.3590673 0.3653825 0.3657787 0.3764492 0.3765025 0.3742343 0.388773 0.3898062 0.3611108 0.3652917 0.3809151 0.3906923 0.301402 0.3421741 0.3627503 0.3946501 0.3813227 0.4122088 0.4356029 0.4136416 0.397608 -9999 -9999 0.2849174 0.329179 0.3351112 0.3886064 0.3843204 0.3515466 0.3733051 0.3675238 0.3465393 0.313615 0.2970972 0.3047505 0.3387192 0.4182308 0.4100035 0.408559 0.3894626 0.4053108 0.3974972 0.422981 0.4088483 0.414814 0.4582601 0.4681275 0.430784 0.4490757 0.394681 0.4608732 0.4655918 0.3751628 0.4043705
0.3006213 0.3329825 0.3518323 0.3394761 0.3332868 0.3325933 0.3272389 0.3364841 0.3340057 0.3275462 0.3700513 0.3695266 0.3848435 0.3679844 0.3519917 0.3632295 0.3787502 0.4043467 0.3867832 0.3611544 0.3930861 0.4035479 0.3953576 0.4080589 0.3619476 0.3644455 0.3978463 0.4006981 0.3391494 0.3218752 0.3353737 0.3603633 0.3861854 0.3928069 0.3942619 0.4104815 0.3408445 -9999 -9999 -9999 0.3134517 0.3598739 0.3688962 0.3668624 0.3788267 0.3838965 0.3770623 0.3752041 0.3409575 0.3161977 0.3366698 0.4103146 0.4254681 0.4231395 0.4223132 0.4252641 0.4225833 0.3950549 0.3905945 0.4161093 0.4233823 0.4228345 0.4668228 0.4615033 0.4545206 0.4551654 0.445362 0.3789145 0.3689061 0.4374089
0.324427 0.3038488 0.3087303 0.3308673 0.3436854 0.3365902 0.3541679 0.3595665 0.3443203 0.360937 0.3717213 0.3644676 0.392784 0.3695378 0.3295077 0.3440868 0.3651194 0.3680291 0.3817323 0.3749365 0.3720119 0.3800698 0.38931 0.3912302 0.3775956 0.3990328 0.3935431 0.4042224 0.3834952 0.3425305 0.3327816 0.325793 0.3724092 0.3778331 0.4215755 -9999 -9999 -9999 -9999 0.3195452 0.3186866 0.3667797 0.3660483 0.3641989 0.3600465 0.365713 0.3485506 0.3245708 0.3329708 0.3334218 0.3366497 0.3874279 0.4255318 0.4223689 0.4323786 0.4182938 0.4117417 0.3948944 0.4271349 0.4140308 0.4257775 0.4351754 0.396005 0.4335853 0.4246856 0.4465995 0.4005385 0.3912253 0.4124004 0.3607714
0.3031755 0.3167067 0.3007678 0.2966814 0.3499603 0.3581389 0.3683951 0.3839989 0.3688263 0.3588085 0.3587069 0.3681357 0.4037597 0.4292416 0.4053319 0.3472382 0.3916818 0.3712101 0.3948447 0.3886851 0.3829532 0.3944792 0.3824873 0.3804708 0.4023633 0.3977985 0.3979658 0.3970535 0.4009666 0.3917838 0.3335984 0.3260299 0.341782 0.4149388 0.432038 0.3455319 -9999 -9999 -9999 -9999 0.3736672 0.3524065 0.3630624 0.3785906 0.3630072 0.3742976 0.3694784 0.3461335 0.3377556 0.3401105 0.3647859 0.3952951 0.4077708 0.4092193 0.4417367 0.4215366 0.4255654 0.4060749 0.4211155 0.4067121 0.4009891 0.4264103 0.433792 0.4263565 0.4259982 0.3882587 0.44515 0.3219765 0.3343168 0.3273113
0.2875351 0.3095706 0.3026291 0.2798308 0.32583 0.3557085 0.3583448 0.3763628 0.3794186 0.3859909 0.3834377 0.3943098 0.3947441 0.4137996 0.430665 0.3423933 0.3611006 0.3948072 0.402255 0.3858466 0.3837329 0.3978507 0.3817409 0.3845115 0.381318 0.4093111 0.4019227 0.4000253 0.3924912 0.3944274 0.3666475 0.3013402 0.333543 0.353809 0.4053388 0.4088823 0.3326376 0.3630266 0.3211933 0.4112286 0.3091105 0.3171931 0.3388324 0.4048621 0.3840215 0.3832951 0.3405527 0.3532702 0.3698413 0.360629 0.3854627 0.4038796 0.4331485 0.4322624 0.4338757 0.4065992 0.4206759 0.4067262 0.4115789 0.3980486 0.4399102 0.4387925 0.4365209 0.4344579 0.4401908 0.4229808 0.4146682 0.3668128 0.354778 0.3732922
0.2601672 0.284665 0.2703362 0.2813831 0.3116018 0.3178553 0.3434662 0.3655595 0.3788463 0.3631573 0.3754571 0.3798502 0.4044573 0.3987564 0.4024273 0.334686 0.3519988 0.3574101 0.3749097 0.398629 0.3763201 0.3995771 0.3795768 0.381943 0.3847295 0.3905516 0.4170458 0.4032511 0.39372 0.4013517 0.3845941 0.3244563 0.3353091 0.3454435 0.3830789 0.4005822 0.3458307 0.372963 0.3296637 0.3800789 0.3659777 0.3059087 0.3276421 0.3852291 0.374569 0.3745217 0.3596513 0.3549816 0.3420804 0.3374175 0.3635119 0.3919678 0.367948 0.4234619 0.4176101 0.4183864 0.4072807 0.399064 0.4243183 0.4089657 0.4118024 0.4341224 0.409766 0.443423 0.4191493 0.4292788 0.4422584 0.4135357 0.394936 0.4252036
0.2806016 0.2899058 0.2723213 0.2841095 0.3113661 0.3183918 0.3392904 0.3698662 0.3603073 0.3707004 0.3727 0.3572926 0.3718013 0.3629366 0.3797555 0.3338405 0.3352192 0.3461538 0.3444486 0.3497176 0.3900988 0.410039 0.3900581 0.3579753 0.360689 0.4122915 0.4133467 0.3983539 0.3996531 0.397027 0.3807846 0.3710983 0.3086031 0.3160867 0.3708652 0.4024746 0.3612386 0.3906108 0.3351201 0.4012927 0.3900394 0.3048872 0.3453421 0.3839917 0.3613161 0.3637098 0.3505867 0.353084 0.3653238 0.3597606 0.3558549 0.3688978 0.3548897 0.3601658 0.3970367 0.3871496 0.4201806 0.4091879 0.4181705 0.4020841 0.3827477 0.3971531 0.3947674 0.4327074 0.4063017 0.4244323 0.4351844 0.3835259 0.3865072 0.40727
0.2462969 0.2577661 0.2930474 0.2899246 0.3428999 0.3549918 0.3443834 0.3630446 0.3559749 0.3492476 0.3553844 0.3566284 0.3965607 0.3624721 0.3714177 0.3383753 0.3627186 0.325762 0.3311639 0.3891905 0.3910169 0.3941108 0.3895042 0.3570417 0.3534289 0.3826314 0.3862 0.4150213 0.4073042 0.4070157 0.4065775 0.4051176 0.3324001 0.3280433 0.3448188 0.4246649 0.3352469 0.3342458 0.3333569 0.3993492 0.3472999 0.3131484 0.3353378 0.3636638 0.3466607 0.3575174 0.3541212 0.3553303 0.3667668 0.3807381 0.3701992 0.3647446 0.3719477 0.4118163 0.4091149 0.4232101 0.4212597 0.4028946 0.4180211 0.4262301 0.4484983 0.3850368 0.4466207 0.4293669 0.41991 0.4187901 0.4202764 0.3809942 0.3796216 0.4082554
0.2317461 0.2472624 0.2939569 0.3119097 0.3279582 0.3313269 0.336625 0.3338381 0.3467225 0.3516193 0.3406119 0.3558693 0.3814012 0.3956078 0.3841882 0.3520629 0.3529768 0.3426077 0.3502231 0.4039446 0.3963794 0.396713 0.3839359 0.3379177 0.3462941 0.3467828 0.3743856 0.3858139 0.4039358 0.4111234 0.4039054 0.4040639 0.3902544 0.3246776 0.3298122 0.3902718 0.3141463 0.3362987 0.3234536 0.3558502 0.3726094 0.2800082 0.3058995 0.3664684 0.3532717 0.3236335 0.3004557 0.3357912 0.3381941 0.3663515 0.3677602 0.3768893 0.3785507 0.3731177 0.3677373 0.3891442 0.4292864 0.4239947 0.4104186 0.4102806 0.461046 0.4255371 0.4112431 0.454794 0.4405474 0.42113 0.3881655 0.3448141 0.3861479 0.3998923
0.2289644 0.261517 0.2820315 0.3007569 0.3080617 0.3165269 0.3397976 0.3346489 0.3357469 0.3399991 0.3417023 0.3622372 0.3858267 0.40437 0.3994985 0.3942078 0.3475882 0.3473223 0.3237108 0.3791786 0.3792424 0.4114064 0.3767196 0.3665707 0.355274 0.3535314 0.3532541 0.3908862 0.408072 0.3820108 0.3979783 0.3998099 0.3885436 0.3119147 0.3304548 0.3571842 0.3462139 0.3516838 0.3618981 0.3892501 0.3616689 0.2823182 0.3174965 0.3356698 0.3416067 0.3074826 0.2977439 0.3466372 0.3537664 0.3507594 0.3727403 0.3860902 0.3733084 0.3639229 0.3864232 0.3856335 0.3852787 0.4028492 0.3848534 0.4066713 0.4335437 0.4321825 0.4096822 0.4350251 0.4460984 0.4292482 0.3933349 0.3720434 0.3864211 0.408253
0.2450257 0.2547218 0.2772892 0.304275 0.3198584 0.3445819 0.3308971 0.319645 0.3438005 0.3338119 0.3663625 0.3794273 0.3924607 0.3987368 0.4166292 0.4164628 0.353946 0.3417033 0.3392164 0.3640798 0.3569095 0.3927302 0.4045237 0.3984476 0.3847077 0.3623825 0.3833659 0.3863826 0.3733573 0.3922477 0.3979029 0.3745907 0.3870845 0.3516538 0.2974924 0.3440274 0.3526413 0.3271506 0.3230581 0.3460361 0.3335356 0.2837859 0.3119172 0.361324 0.3469614 0.3463408 0.3482273 0.3732573 0.3551955 0.35906 0.3642875 0.363888 0.3507883 0.3594068 0.4022615 0.4033946 0.4082037 0.3950737 0.3634952 0.3837627 0.4067385 0.4103374 0.4285686 0.3913703 0.4005002 0.4302021 0.4061668 0.3629391 0.3403512 0.3634633
0.2550547 0.2643054 0.2862289 0.2801487 0.3032144 0.3055898 0.3148674 0.315379 0.3261794 0.3628941 0.3502309 0.3653653 0.3714752 0.3938948 0.3842989 0.3825356 0.3722849 0.3468156 0.3546515 0.3745319 0.3634778 0.3685609 0.405899 0.3953858 0.394834 0.3918276 0.4096009 0.3769629 0.3808673 0.404771 0.3960787 0.3994582 0.371969 0.3599718 0.3235615 0.3306922 0.3583987 0.3624083 0.3587215 0.3406253 0.3475077 0.2682417 0.3157952 0.367273 0.3443658 0.3623361 0.3498173 0.3524697 0.3542712 0.3675512 0.3630604 0.3621831 0.3677012 0.3657386 0.4040306 0.3988504 0.4025155 0.4088137 0.3832747 0.3661736 0.3657575 0.3840719 0.4120256 0.4172505 0.3860266 0.3714769 0.3865345 0.3565308 0.3183204 0.324052
