data/moz/moz_beta.asc
ncols	234
nrows	368
xllcorner	195196.26821073
yllcorner	7004178.4200866
cellsize	5000
NODATA_value	-9999
[rows 300 to 324 of 368, columns 55 to 109 of 234]
0.23038803017530674 0.2527701599546773 0.23607761075688583 0.23624910165596963 0.32011790436096393 0.2482135148108513 0.24315345247325815 0.24648515130355625 0.25647252465536063 0.24077866721261518 0.2534130255889502 0.24450820415336838 0.11692792435069761 0.22076147630246404 0.2223706789028051 0.3031125022394709 0.29667187563873015 0.29251869385864815 0.5886196432228429 1.0 1.0 0.7610226207888448 0.5899358354827137 1.426993163649411 1.4141057174504894 0.5168892441718363 1.3075079088731405 0.4389267288905324 0.4884986246677498 1.552977098559448 1.098352531833961 1.0454187551242027 0.2060077957261553 0.14094733742296117 0.20141975399525092 0.14143893331519902 0.16321222880844766 0.16144000774969938 0.1348897251843395 0.10952819747507211 0.1034909097137113 0.14258958644036704 0.13944723254254254 0.13177217361837693 0.13215569197939173 0.1319606207301916 0.11137348682200816 0.09136841614493008 0.100831455524079 0.10423318804994897 0.07837079340898903 0.08480676050348572 0.10348725252309422 0.08329173829538242 0.10682790258360968
0.12001022670119835 0.11918222889345448 0.2337546380134125 0.24309253725284546 0.2514494287167297 0.2523292580145288 0.13218947373432355 0.25288389504869285 0.2651618648798365 0.24047733547374595 0.2705544326608581 0.2625260285447256 0.13009966264708053 0.24093717906771756 0.23806501264145752 0.23498544358281373 0.236444279701231 0.2270601862713023 0.5674961215528616 1.0 1.3876463366534468 0.3674520139869821 0.358545443308188 0.3836533731811523 0.3737356127934117 0.3015964544534271 0.5301681383491132 0.4485955824653383 0.4170930358986042 0.4608495708102412 0.4983137952201849 0.28066126159244387 0.19793457131163902 0.21219036453592982 0.2416776671912632 0.15175869367927405 0.15510265415186525 0.1291852467299092 0.12293845913502456 0.12043949580371832 0.1120230115912295 0.12119093352417162 0.1426083053929062 0.13435213831270262 0.20022592712395573 0.2063948003212576 0.10051261473327827 0.09380760220889264 0.09968220304451177 0.08881906292605933 0.08479098101379261 0.10621393717110071 0.11154667655901555 0.09957194461331142 0.10605410458514766
0.10377270800390702 0.11708823941052521 0.22564820694083373 0.24713106500937546 0.24666631258921293 0.25745975234195817 0.13906678903030975 0.14344936185517887 0.2572066615674144 0.2776879510437973 0.2578124908909737 0.13655549824932112 0.2568335516617195 0.2802429080262953 0.2404888219735945 0.23561168697606047 0.24274302828272182 0.22863851485817677 0.37761252196986916 1.4289515436021656 0.5913774795832357 0.2911881110500446 0.3601690233049841 0.22377793795762774 0.230941571452225 0.23896786404872766 0.45643524422314824 0.45154148200110417 0.42981585365834934 0.49283675536818716 0.4140481354343515 0.22374628840821448 0.21261231409936354 0.22827027092792107 0.22674040863046876 0.15670133660499252 0.15378113867361964 0.11870880912704354 0.12770713404503126 0.11399537714499575 0.11645829059119116 0.11198694750458625 0.14004110398850997 0.1299471945575586 0.19668740560760678 0.20039193971152366 0.10154262361200952 0.10141445750401118 0.09780023556845867 0.10819324134175222 0.12063891646183114 0.14296166961456544 0.11571272658865707 0.09900307851516696 0.11711489208353844
0.12177552008382743 0.13012397958058153 0.11341642890934252 0.11272485150768971 0.24527983342840973 0.2571895108711044 0.13517795775500327 0.13392880510425548 0.2504207579937465 0.2690140323244948 0.15164505399922565 0.2514452279714899 0.2694604770650728 0.23563048286853458 0.24407764755485928 0.2415374963236406 0.23691218042675172 0.24209511263808722 0.24065638664092026 0.5603724847014349 0.5520753690218777 0.5371592373879341 0.5316696614312423 0.23943406219293417 0.2289010889657434 0.22752963857135466 0.45622137300277826 0.4417440854052378 0.2866662557020742 0.448193276196366 0.2813921862937503 0.2100001906976234 0.20680178797544138 0.206223433490024 0.2407266104000956 0.192727955576584 0.20066521621505803 0.11919675477172753 0.11268526245910829 0.13495246470144442 0.13046043327832552 0.11239830786893618 0.11334806510410454 0.12383850598051932 0.15266354399940052 0.15472276333532423 0.11754762399924275 0.11022770153114334 0.11653243656882654 0.11780189855333778 0.11161964739192327 0.1300118062799733 0.12690036572697622 0.11342047391187561 0.10751368559573167
0.11831901725223647 0.1270751052472639 0.10143613755225783 0.1110783007013868 0.140721291999756 0.13564516061382656 0.13870441389046181 0.13359646277107157 0.13476589108410225 0.13334486966895043 0.1458486477198156 0.26611009990836554 0.22611692020371182 0.24081045248422908 0.2548486143028241 0.23970021859307009 0.11723503070480565 0.11996314811288052 0.12675977538632227 0.2900321318356835 0.5356108492169963 1.3017555823634956 0.5333901399343356 0.2682154715641157 0.23861014606426703 0.22258478680703 0.44680407235365716 0.48659065710667926 0.27184070205179695 0.46113903051261296 0.5082745642558137 0.24598374962048217 0.21134604702998186 0.2331774813383987 0.262000824213113 0.16117641179725384 0.14112473567591027 0.14654336123747677 0.14372449232413492 0.1499113077797762 0.14318855813690495 0.14173459362296778 0.1226259474294517 0.12351117946077515 0.13029445221780325 0.1303926000115642 0.13150058162528666 0.11672442746486161 0.12442025424358863 0.13774114059501305 0.11942428185871443 0.12474407872878436 0.1340175029519417 0.1323572855310967 0.1065082678442405
0.12372520610740834 0.12627906803881667 0.10789683031102826 0.12635979670294384 0.1441138509343676 0.13353614109435735 0.1250944094350516 0.13700159240621432 0.1359475964733452 0.1298463741555088 0.15093316867889267 0.23763925987884554 0.24960643678033073 0.24486224168056664 0.24650784743896534 0.2536459597805659 0.12119303717600273 0.09432116582924091 0.10683273452884193 0.11294924278642553 0.22874241521915148 0.22780599256643655 0.2170689834862238 0.2352330917585366 0.23976969859077363 0.21994342125138694 0.21084987153034826 0.27165048347678045 0.20957524115374823 0.27760092208935944 0.5153729188014694 0.26744893413005844 0.21087998984555553 0.2142370788177342 0.2124389437858759 0.14587097367620738 0.15487362166003343 0.21116477314115353 0.2124571798730257 0.22172258140900705 0.22695199441635808 0.15158487535426948 0.13489817589959147 0.11025577528336682 0.11445811990771679 0.11617861788838127 0.12581002119560214 0.12713001232600904 0.11334585188455923 0.11388412549986685 0.12463731809596963 0.13865084561441346 0.13179007198634488 0.1306285818384222 0.0
0.1344293138119505 0.1213548255273771 0.13074693774335597 0.11958778754994226 0.13385585400844247 0.12590893356284605 0.12636903088127918 0.13177820209986693 0.14188995289586612 0.134310044756359 0.1420699862786785 0.2972235954998814 0.2471246149994012 0.2752916438326208 0.249719485893598 0.1321030602820523 0.12173995566457843 0.09736213053239154 0.09925512290508771 0.12034421523959346 0.11601591578682022 0.1170513800245633 0.11616421323213087 0.23900826218028157 0.24779198867663108 0.24962977678754633 0.23411589548066375 0.2236767439553723 0.21155673147703768 0.2770499122677007 0.2994657287717337 0.20761725403669823 0.14781947038110502 0.21241558219139905 0.2177010025703751 0.228896315581429 0.22607054642784552 0.22230686814248282 0.21898394931251916 0.2084068545638154 0.21259496692690985 0.14169150371476452 0.1183615596910157 0.1259539787314634 0.11557205123375931 0.11225836798785938 0.12766751173026256 0.10403432784115005 0.13608827731899953 0.12233463585375241 0.12683262653991426 0.14828159446333 0.14264788018421043 0.12165504304834748 -9999.0
0.14317275813681238 0.12844627033011452 0.13380803220312015 0.12129362751814625 0.12846742227971175 0.126959573753064 0.1400878443920403 0.13001568625876733 0.13750245299544936 0.141002452257018 0.1513155003674223 0.15949535536364814 0.15995983058673824 0.250014557889217 0.25370631537522814 0.13677589165749374 0.12820317435330308 0.11149875287305752 0.10501819013328116 0.10635799216110148 0.12106185274451663 0.12197761644375518 0.11812496859818333 0.24080624361686925 0.22566653908752116 0.11551304225999612 0.16031798835015248 0.22875461315220968 0.1521143159189182 0.20536720555292615 0.21242800270531428 0.21401255185017126 0.21427171559606173 0.2134356464802072 0.2243703686920814 0.217716363710612 0.21321018371224662 0.2140975653376734 0.21108648850014874 0.22561724169683398 0.22325278388706432 0.15067435520110625 0.13004283790803747 0.13205417020654447 0.12048447119911097 0.1109938338971104 0.10900585641611757 0.10968916133436378 0.1448059329142809 0.13600465207403975 0.1438347145424415 0.1280297007861118 0.1360452417369325 0.0 -9999.0
0.14234159950092223 0.11291518976345062 0.13674928321653956 0.1326221986888759 0.1399803665820936 0.137523090497354 0.15825605456167371 0.14025066054989582 0.1400440220907029 0.14349213084600118 0.14854396414022408 0.15987268135352212 0.1506110889369656 0.20021707013994516 0.27536745452232725 0.12112686296408257 0.21608882461307535 0.21960058255938147 0.10431586481379342 0.11603026837405449 0.1212275471269807 0.123541605601879 0.12097446679298916 0.2328419532391376 0.11621525344484748 0.12507281893387268 0.11785181992007705 0.1601925457635644 0.2193504151502091 0.14774391097759154 0.15552817009315123 0.21667148683164641 0.21608485868099025 0.21789149065731273 0.21761796024414293 0.22774454568518354 0.21510822217196623 0.20984123947316352 0.21060110954121036 0.20858985038721292 0.14677837940257907 0.12201956236687556 0.13032907272149208 0.14237795870871442 0.13033890039242657 0.11503653045867503 0.11714673648083322 0.14103832260987276 0.14908948268488315 0.1524730768694442 0.14769520730931257 0.11574834893474042 0.12812432409146957 -9999.0 -9999.0
0.17252931925300888 0.1383503003553666 0.15658148506206898 0.1521741048571541 0.13075410326103318 0.14771007400346448 0.15097715697121397 0.1319340917255705 0.14649627765083315 0.18048254880934958 0.14062658202762798 0.13271560555641113 0.1377280306433789 0.13769136900387235 0.13812297776213148 0.1201774584191184 0.36542656223528747 0.12134777026228293 0.13025408319866444 0.1337484970248914 0.12832283388353596 0.11231283819019375 0.1188850835597561 0.1224430680247381 0.11443200515507339 0.11919994614648938 0.11128175421165697 0.11317809142068042 0.2134366543710488 0.14467663159577587 0.15031216247959545 0.22909285656918849 0.22134655247315468 0.2155534031021283 0.20868947702542728 0.21005983305971676 0.22134190556459776 0.14201347001627782 0.14426742878149887 0.13044019413253982 0.14612404794663267 0.1325814028908093 0.1378512166464044 0.1276250191800379 0.13511843157435946 0.14216143094925016 0.14899700063725418 0.16067500157539732 0.13118862252564084 0.12185065037155209 0.13572694807089955 0.11490950217813195 0.0 -9999.0 -9999.0
0.16188707502968525 0.16554325224518882 0.18600029049813077 0.17372673614986378 0.15530133061081788 0.12161088764064688 0.1372739394847733 0.14572872957893943 0.14632505660695297 0.15451320319002917 0.17069823412339843 0.1805834410998633 0.17282055271685143 0.11509152079384365 0.10709203953638508 0.12116015289294625 0.243998852286033 0.12484923570064464 0.12984100048695124 0.12186010548905023 0.13632535678539962 0.11464488537764912 0.11368470691041359 0.12181184183225222 0.12008051634886782 0.09282720385078087 0.11771180254832403 0.11298732816478697 0.12764629030496685 0.232711947127913 0.13145651139685932 0.19908157695271822 0.26110986464621405 0.22622678376933153 0.11068569416098034 0.14123239493256787 0.15665331479825062 0.1621087674416288 0.14334277373289608 0.12947106829557634 0.13622103931733354 0.12034843123065643 0.15097979520434035 0.11751605514263527 0.1109305632979218 0.11190087517754256 0.11166695542589962 0.11213078476571921 0.12131942314799768 0.1202086193556846 0.11531615744947271 0.0 -9999.0 -9999.0 -9999.0
0.16650620678773778 0.17422743527078438 0.2025619779680831 0.1928915612952592 0.1847730204583613 0.1699626647101082 0.13301480207186686 0.15697799927599432 0.17072269090244704 0.1499176664394477 0.16542925577887743 0.18891380167594718 0.15524171783841442 0.13452981301229777 0.11493827316040342 0.1367560501283396 0.1361038988382092 0.13058395767490003 0.13415303088930164 0.13320091617578167 0.11958243614743404 0.12620830893899623 0.12271477775992501 0.11625753213079458 0.12289790449125142 0.12538878619396293 0.12092069856884378 0.1197138433625656 0.12073389354041174 0.20272250984769205 0.2418761663062969 0.30716031363691115 0.3801007857983539 0.1214599504987405 0.133495239701224 0.14258837702792349 0.1449955083606695 0.14072550786540716 0.12122123259124751 0.12134953693887136 0.13507001928866896 0.1527061913280025 0.11501632954575934 0.1110501600448611 0.11136344248850066 0.11478195289666278 0.12162532316995874 -9999.0 0.1157378545480964 0.11544405203732314 0.11367704134324336 -9999.0 -9999.0 -9999.0 -9999.0
0.17006108350110463 0.15931534298785033 0.30518088236392177 0.18697081475594593 0.1770444799589678 0.18889876723161686 0.1409128799299692 0.1519002984369793 0.16345963523886095 0.18809926694169452 0.15393163589643427 0.14020468797779664 0.1642825759281418 0.13414851021091925 0.12141457723481633 0.1404585931142602 0.12765419316337662 0.11598112671947608 0.13153204180731615 0.13663837582392546 0.13112329883777718 0.12974852401391043 0.11393320352449571 0.11263852088922523 0.10897564925113394 0.12907048989704908 0.12558674911171627 0.2382569850026355 0.24633689532245912 0.2329576620498826 0.23228903789241148 0.2940083965543426 0.2940496597911929 0.25144406469698394 0.12540658335908475 0.1428994435662064 0.15166439213638783 0.1344075835954107 0.1316294220883731 0.1399259475718778 0.119495048403784 0.15009531646429772 0.165262188889015 0.15060970710131152 0.13328196207816267 0.11363030807281053 0.10943880911464654 0.11008490358284657 0.11522675860540144 0.11414546553686673 0.0 -9999.0 -9999.0 -9999.0 -9999.0
0.17992548176924922 0.17255411191339537 0.3236702285858287 0.2063745460148297 0.19872911319789685 0.1879699035834016 0.15313165713435217 0.1747257202317408 0.16287057195615723 0.17527546436539482 0.18863827957822388 0.19767559982177504 0.1263801873634263 0.12010815262417603 0.1536605438010334 0.26929803367844746 0.1239638017037031 0.1156515245118767 0.11261232637848122 0.1347776858823524 0.13963307979571485 0.1235838009697335 0.12388344828711373 0.12630818793021578 0.12257332855592461 0.14547714312694607 0.11671254903633298 0.24166590356473386 0.26336290047435323 0.23626829855278383 0.2411076985069296 0.2991295830126379 0.30203958940434666 0.24479559655520422 0.12322969277068291 0.1339481396438087 0.1319083933476897 0.135451535235486 0.15476143309692358 0.15654133954020027 0.1529524239735555 0.15214041924361862 0.1443594020425978 0.14617318647628103 0.13567944770086285 0.1247087449300524 0.10485200953243598 0.0 -9999.0 -9999.0 -9999.0 -9999.0 -9999.0 -9999.0 -9999.0
0.20769464487671527 0.2055110782602964 0.19866523390991403 0.19365047668514507 0.18950169463962735 0.1841547665691142 0.17468287930184168 0.1860649157133219 0.17270236640381254 0.17971608743569645 0.17794313217112898 0.14618304652090724 0.16331614010623965 0.16762370535804197 0.13019514011063577 0.13075610144003202 0.10817469400282709 0.13472592485865348 0.13838399270942797 0.13253662368718422 0.12466553527900467 0.12627738362919733 0.13037488599263855 0.13391168132656608 0.12619741693888628 0.1247801272977753 0.10812404476177648 0.252752580699191 0.2302662349997701 0.2333242832500961 0.24121030943393154 0.2481399289198406 0.23372381821916985 0.25495532988720143 0.13793895807326573 0.14764613711634791 0.16327051746877824 0.1583309187890081 0.15878951416816475 0.14956432989542456 0.14729295257781486 0.1419755490895247 0.12267290698164504 0.12520888308680922 0.12426160961234267 0.12496878144639986 0.0 -9999.0 -9999.0 -9999.0 -9999.0 -9999.0 -9999.0 -9999.0 -9999.0
0.1923929070339475 0.18926568342131367 0.20997184532468408 0.23535567774852126 0.1931114343760942 0.18967475451216897 0.19319216673829598 0.1964600523535991 0.17770782468605628 0.1527466523960622 0.15263269531813703 0.17133534889469196 0.15740185172892787 0.17114020160328278 0.18106112481646422 0.16071747445959125 0.13915100183399753 0.11330711035110652 0.10981888125094046 0.12617736527919238 0.12986485951430002 0.1235974682271859 0.13318423803566523 0.11012729042108142 0.09754548231509114 0.10877339194391794 0.13505174004929257 0.13040543144511832 0.2381898843635232 0.22977159912100853 0.2357053024575438 0.23577436403963306 0.1267787248541801 0.1722027388888406 0.1661751996254532 0.17001758285868543 0.16985854424042315 0.1713073990402018 0.16446538252247023 0.14636315564189364 0.14196329356487822 0.12132478782990554 0.12006408230841702 0.0 0.0 -9999.0 -9999.0 -9999.0 -9999.0 -9999.0 -9999.0 -9999.0 -9999.0 -9999.0 -9999.0
0.2012518055384827 0.18704420455493112 0.18302975316722847 0.15874464810598712 0.18482417111911245 0.19591771474526495 0.1850580518534303 0.18330848134064828 0.16547934624583654 0.1726474173700331 0.1620243034067796 0.14024047925801814 0.14137737326793007 0.14789718681348624 0.1687078912253794 0.14263274159920172 0.17568073861014852 0.1341973435043091 0.11513638239954103 0.0990808803228348 0.13436145941203662 0.15097491464020366 0.1203032402562011 0.12443311070542329 0.12084544889958639 0.12633898307526295 0.1400293886466143 0.11571815887787243 0.12251595238581396 0.1248194079421503 0.10816625335261114 0.10822676572585611 0.1307432752727777 0.16650500455914394 0.17944423551725033 0.17211113449926216 0.16364287062089944 0.17877904183734095 0.17486036494080473 0.12324622032176158 0.1160272182019677 0.13155628070772019 -9999.0 -9999.0 -9999.0 -9999.0 -9999.0 -9999.0 -9999.0 -9999.0 -9999.0 -9999.0 -9999.0 -9999.0 -9999.0
0.19798746437604986 0.1901941608024027 0.18912528954900865 0.16555643200882406 0.1512696632109556 0.17446481370975092 0.19040845913881702 0.18176512741499848 0.1551360092460077 0.200876655265033 0.15483373553446098 0.11860296396162728 0.12435821910519851 0.12028575478642786 0.12030367873231732 0.1753434760233242 0.1540709420385544 0.14458456330982083 0.13679977647586267 0.10785018834105599 0.11993513818125989 0.12325676412210888 0.13275497595501287 0.13486615199717905 0.13631832162221746 0.13997420939646787 0.12508005564282149 0.1376582305291584 0.12043912859136474 0.11478638089251805 0.1544221827655566 0.15637562866614577 0.15314915595267073 0.1461705151723458 0.15275954700748 0.13091117740378805 0.14451730000567137 0.13783680741125784 0.125572625612552 0.0 -9999.0 -9999.0 -9999.0 -9999.0 -9999.0 -9999.0 -9999.0 -9999.0 -9999.0 -9999.0 -9999.0 -9999.0 -9999.0 -9999.0 -9999.0
0.18180959505673816 0.16862248703392263 0.1813230252200604 0.17327473064031906 0.15981258722403807 0.1789786997509491 0.18058788228513373 0.16596580502193128 0.18334320546820002 0.16824393387348527 0.1715637217463073 0.17411205731242596 0.1414769317639924 0.14281448049429585 0.1364323505443682 0.11214646771915075 0.1286970635925171 0.15455912949983788 0.14358391790112726 0.11638078999724223 0.14372915792759922 0.13954674723731847 0.1306203256319043 0.1257177308254895 0.13272063319727653 0.15332106178790397 0.15076452374913982 0.1418046151600864 0.15864637164453618 0.17354077286330508 0.14791186931035918 0.15611709085869005 0.1582195813713692 0.1448587496580786 0.1220394770250194 0.1041379297824598 0.0 -9999.0 -9999.0 -9999.0 -9999.0 -9999.0 -9999.0 -9999.0 -9999.0 -9999.0 -9999.0 -9999.0 -9999.0 -9999.0 -9999.0 -9999.0 -9999.0 -9999.0 -9999.0
0.18291692748866745 0.17242702747329067 0.1747874803051829 0.20083859858961245 0.14095321301651495 0.16931535024089528 0.17551508327518206 0.14281218307613391 0.16155325461189526 0.13989552532897787 0.15617646129049673 0.17822892516888522 0.19092096485792787 0.18954148591724923 0.1534449602981711 0.11367428697143683 0.10934621205198145 0.14729128712086573 0.15678449836905128 0.13992701068767135 0.13263485035365785 0.1293822852611144 0.11230869013277071 0.12221124668227766 0.14282822343056065 0.15679123212631163 0.15102912883165978 0.16742586227408118 0.15791525565634504 0.14455203618510745 0.14684366225248557 0.1216457729997033 0.1175397128050374 0.12860843826957055 0.0 0.0 -9999.0 -9999.0 -9999.0 -9999.0 -9999.0 -9999.0 -9999.0 -9999.0 -9999.0 -9999.0 -9999.0 -9999.0 -9999.0 -9999.0 -9999.0 -9999.0 -9999.0 -9999.0 -9999.0
0.1854858326078359 0.1729890421443783 0.1674084741006387 0.1690299694978253 0.1358680230574768 0.17973857767682982 0.15805898878806607 0.13438039200276464 0.16028834424512248 0.14338130865411436 0.1806228068442966 0.18796698475953322 0.17330943299213356 0.1736271512631847 0.15941746472925356 0.1293424631175288 0.1185374001214194 0.1384025503087334 0.1452110879239816 0.14440252849697538 0.10981160932145753 0.13328452914361774 0.13769300409945004 0.13729597957102008 0.13624331318133182 0.15913801533653624 0.15408175342465222 0.15466508525093725 0.12471500484954581 0.11637649916496233 0.1219257328870378 0.0 0.0 -9999.0 -9999.0 -9999.0 -9999.0 -9999.0 -9999.0 -9999.0 -9999.0 -9999.0 -9999.0 -9999.0 -9999.0 -9999.0 -9999.0 -9999.0 -9999.0 -9999.0 -9999.0 -9999.0 -9999.0 -9999.0 -9999.0
0.1064984687251464 0.11645840292970291 0.1333814233687578 0.13220631315478834 0.14248548660008484 0.13054555690517808 0.14593362809114616 0.14324486637105197 0.15110556966898117 0.12847224206641916 0.16964764992465414 0.1500641076935295 0.1585820269125979 0.1521539292546529 0.15706175190624663 0.13316069117245885 0.13474510150694938 0.1555071870499491 0.20423421499777528 0.17932835706709835 0.1080376671479476 0.11205495118482324 0.13158839540531478 0.13191538285635837 0.13696932532786274 0.12648868458747747 0.1345372964145045 0.1296455929097589 0.12993722605633085 0.0 0.0 -9999.0 -9999.0 -9999.0 -9999.0 -9999.0 -9999.0 -9999.0 -9999.0 -9999.0 -9999.0 -9999.0 -9999.0 -9999.0 -9999.0 -9999.0 -9999.0 -9999.0 -9999.0 -9999.0 -9999.0 -9999.0 -9999.0 -9999.0 -9999.0
0.13844866186479635 0.1046376137710682 0.10046636995318226 0.10432475526277724 0.1279240073967975 0.14690529356029053 0.13415885029901656 0.13320228074578563 0.1378849633240599 0.12520895802712784 0.12982958016379958 0.13292270534697828 0.1504777225151574 0.13614458335996413 0.1261700220096438 0.12281360247864069 0.1623285970733695 0.15613664499026145 0.177296634259774 0.13130939556055704 0.11002428975893688 0.11295232634649775 0.1340653704424159 0.11564254581992907 0.0 -9999.0 -9999.0 -9999.0 -9999.0 -9999.0 -9999.0 -9999.0 -9999.0 -9999.0 -9999.0 -9999.0 -9999.0 -9999.0 -9999.0 -9999.0 -9999.0 -9999.0 -9999.0 -9999.0 -9999.0 -9999.0 -9999.0 -9999.0 -9999.0 -9999.0 -9999.0 -9999.0 -9999.0 -9999.0 -9999.0
0.14370050408587695 0.12206508952800142 0.10014270920070122 0.10149084221408879 0.09588965807950782 0.10143066230332112 0.12992341180080919 0.14688412592762903 0.16207143977514318 0.14980981671695442 0.13341124969495247 0.14614850516363245 0.1360567096807847 0.14142638525094062 0.15043753378974734 0.10990578806008972 0.1432635986430781 0.14099362654374342 0.1553208774287458 0.11674927169061425 0.13169621544421345 0.0 0.0 -9999.0 -9999.0 -9999.0 -9999.0 -9999.0 -9999.0 -9999.0 -9999.0 -9999.0 -9999.0 -9999.0 -9999.0 -9999.0 -9999.0 -9999.0 -9999.0 -9999.0 -9999.0 -9999.0 -9999.0 -9999.0 -9999.0 -9999.0 -9999.0 -9999.0 -9999.0 -9999.0 -9999.0 -9999.0 -9999.0 -9999.0 -9999.0
0.11684977901604716 0.08115684704226857 0.07772869798051754 0.09640718191742872 0.09727061266504301 0.10208275564481048 0.14271722997207437 0.14590204143471242 0.1544987548169507 0.1504433749562533 0.13586286604548703 0.25777227009631093 0.13057473199889302 0.17080089064937737 0.1493049619748953 0.11641068240096052 0.133685769447338 0.1228504409500055 0.1267432267296768 0.1204332692364634 -9999.0 -9999.0 -9999.0 -9999.0 -9999.0 -9999.0 -9999.0 -9999.0 -9999.0 -9999.0 -9999.0 -9999.0 -9999.0 -9999.0 -9999.0 -9999.0 -9999.0 -9999.0 -9999.0 -9999.0 -9999.0 -9999.0 -9999.0 -9999.0 -9999.0 -9999.0 -9999.0 -9999.0 -9999.0 -9999.0 -9999.0 -9999.0 -9999.0 -9999.0 -9999.0
