data/moz/moz_initialpopulation.asc
ncols         234
nrows         368
xllcorner     195196.26821073
yllcorner     7004178.4200866
cellsize      5000
NODATA_value  -9999
[rows 72 to 107 of 368, columns 81 to 161 of 234]
-9999 -9999 -9999 -9999 -9999 -9999 -9999 -9999 -9999 -9999 -9999 -9999 -9999 -9999 -9999 -9999 -9999 -9999 -9999 -9999 -9999 -9999 -9999 -9999 -9999 154 530 636 3592 3420 783 646 585 743 858 434 261 98 71 64 55 53 61 71 68 59 44 22 19 18 21 36 43 51 47 30 17 19 9 7 7 22 131 211 264 199 224 293 266 372 188 173 183 295 261 201 101 66 43 24 19
-9999 -9999 -9999 -9999 -9999 -9999 -9999 -9999 -9999 -9999 -9999 -9999 -9999 -9999 -9999 -9999 -9999 -9999 -9999 -9999 -9999 -9999 -9999 -9999 -9999 -9999 313 625 3089 7598 3760 1151 541 944 1661 591 339 126 84 80 70 64 66 63 49 32 19 17 17 18 20 37 43 44 45 29 22 29 30 28 39 91 209 249 289 278 380 522 602 377 176 119 215 329 236 130 76 64 34 24 23
-9999 -9999 -9999 -9999 -9999 -9999 -9999 -9999 -9999 -9999 -9999 -9999 -9999 -9999 -9999 -9999 -9999 -9999 -9999 -9999 -9999 -9999 -9999 -9999 -9999 -9999 15 335 1460 2763 1762 1817 1020 1025 1130 559 230 132 114 100 99 93 97 110 89 59 30 21 18 17 16 27 39 44 47 31 31 53 45 37 66 111 140 165 170 164 228 238 392 313 335 266 356 383 154 108 36 41 28 24 24
-9999 -9999 -9999 -9999 -9999 -9999 -9999 -9999 -9999 -9999 -9999 -9999 -9999 -9999 -9999 -9999 -9999 -9999 -9999 -9999 -9999 -9999 -9999 -9999 -9999 -9999 -9999 78 949 1415 1262 2060 1243 1391 1083 541 314 242 199 148 116 136 147 154 109 81 47 36 26 19 16 18 22 29 30 34 36 41 59 55 61 60 72 78 89 96 131 193 526 564 592 476 322 253 190 103 36 17 20 24 27
-9999 -9999 -9999 -9999 -9999 -9999 -9999 -9999 -9999 -9999 -9999 -9999 -9999 -9999 -9999 -9999 -9999 -9999 -9999 -9999 -9999 -9999 -9999 -9999 -9999 -9999 -9999 -9999 290 1344 1163 1600 3486 1376 972 526 433 523 319 215 177 175 170 161 121 83 45 37 34 25 24 30 30 30 32 32 33 35 42 59 47 38 44 63 68 80 95 210 509 1359 999 285 190 273 230 114 38 14 13 14 16
-9999 -9999 -9999 -9999 -9999 -9999 -9999 -9999 -9999 -9999 -9999 -9999 -9999 -9999 -9999 -9999 -9999 -9999 -9999 -9999 -9999 -9999 -9999 -9999 -9999 -9999 -9999 -9999 -9999 886 1676 1347 2311 1139 846 520 394 531 343 232 191 197 227 267 183 128 76 47 47 49 32 29 30 29 32 33 31 33 36 40 38 32 32 33 40 65 89 212 477 771 486 320 268 190 150 93 28 13 14 19 28
-9999 -9999 -9999 -9999 -9999 -9999 -9999 -9999 -9999 -9999 -9999 -9999 -9999 -9999 -9999 -9999 -9999 -9999 -9999 -9999 -9999 -9999 -9999 -9999 -9999 -9999 -9999 -9999 -9999 -9999 1294 2452 2561 1713 884 673 537 385 309 265 186 178 323 396 263 171 113 72 59 56 51 34 28 31 32 32 33 33 35 34 31 30 29 29 28 43 72 135 402 412 372 295 173 156 109 57 22 14 17 32 47
-9999 -9999 -9999 -9999 -9999 -9999 -9999 -9999 -9999 -9999 -9999 -9999 -9999 -9999 -9999 -9999 -9999 -9999 -9999 -9999 -9999 -9999 -9999 -9999 -9999 -9999 -9999 -9999 -9999 -9999 119 1601 2503 2061 1042 708 520 255 257 231 177 236 423 521 397 240 141 94 65 59 57 40 32 34 35 36 33 34 42 43 36 30 32 34 34 37 61 104 323 413 358 159 123 114 93 53 40 23 25 53 74
-9999 -9999 -9999 -9999 -9999 -9999 -9999 -9999 -9999 -9999 -9999 -9999 -9999 -9999 -9999 -9999 -9999 -9999 -9999 -9999 -9999 -9999 -9999 -9999 -9999 -9999 -9999 -9999 -9999 -9999 -9999 -9999 1473 2318 1334 963 666 238 264 188 191 291 503 1060 636 319 184 114 82 68 66 45 40 42 43 43 38 46 67 69 64 43 40 45 70 97 113 168 188 125 194 181 116 88 69 74 53 41 48 43 43
-9999 -9999 -9999 -9999 -9999 -9999 -9999 -9999 -9999 -9999 -9999 -9999 -9999 -9999 -9999 -9999 -9999 -9999 -9999 -9999 -9999 -9999 -9999 -9999 -9999 -9999 -9999 -9999 -9999 -9999 -9999 -9999 339 5134 2450 1275 569 394 321 247 342 481 803 3275 1083 357 240 133 99 124 95 66 53 61 63 61 54 67 72 78 74 61 48 89 130 175 255 230 118 97 123 154 129 73 95 132 105 79 58 32 31
-9999 -9999 -9999 -9999 -9999 -9999 -9999 -9999 -9999 -9999 -9999 -9999 -9999 -9999 -9999 -9999 -9999 -9999 -9999 -9999 -9999 -9999 -9999 -9999 -9999 -9999 -9999 -9999 -9999 -9999 -9999 -9999 -9999 1955 2953 1323 766 716 377 330 448 580 995 1609 754 305 255 196 144 179 150 104 64 68 82 70 61 75 80 87 88 68 81 141 209 664 424 173 81 50 60 68 64 82 149 204 251 80 53 32 24
-9999 -9999 -9999 -9999 -9999 -9999 -9999 -9999 -9999 -9999 -9999 -9999 -9999 -9999 -9999 -9999 -9999 -9999 -9999 -9999 -9999 -9999 -9999 -9999 -9999 -9999 -9999 -9999 -9999 -9999 -9999 -9999 -9999 -9999 4566 1487 1177 1020 728 672 755 923 1491 1136 499 387 255 343 329 242 179 129 116 131 150 128 76 64 77 87 99 116 137 192 670 446 179 155 70 43 41 44 65 98 134 183 207 144 56 43 40
-9999 -9999 -9999 -9999 -9999 -9999 -9999 -9999 -9999 -9999 -9999 -9999 -9999 -9999 -9999 -9999 -9999 -9999 -9999 -9999 -9999 -9999 -9999 -9999 -9999 -9999 -9999 -9999 -9999 -9999 -9999 -9999 -9999 -9999 3721 3934 1790 1308 1182 1066 1445 1859 1088 732 285 232 215 213 494 450 336 73 125 170 173 159 120 61 61 115 144 175 204 369 645 186 91 70 43 31 34 43 78 126 192 175 163 208 85 59 58
-9999 -9999 -9999 -9999 -9999 -9999 -9999 -9999 -9999 -9999 -9999 -9999 -9999 -9999 -9999 -9999 -9999 -9999 -9999 -9999 -9999 -9999 -9999 -9999 -9999 -9999 -9999 -9999 -9999 -9999 -9999 -9999 -9999 -9999 -9999 2041 3832 3224 1985 1362 1207 1291 844 609 221 181 185 218 240 791 360 109 63 171 251 165 121 59 82 163 237 618 775 405 436 159 93 62 40 22 23 28 64 125 217 198 241 181 169 202 139
-9999 -9999 -9999 -9999 -9999 -9999 -9999 -9999 -9999 362 -9999 -9999 -9999 -9999 -9999 -9999 -9999 -9999 -9999 -9999 -9999 -9999 -9999 -9999 -9999 -9999 -9999 -9999 -9999 -9999 -9999 -9999 -9999 -9999 -9999 215 7709 17133 4557 1088 710 770 637 350 164 132 131 139 238 661 316 77 31 53 184 176 141 91 104 154 320 1276 947 232 165 118 96 64 43 28 28 30 45 76 96 171 196 139 181 223 122
-9999 -9999 -9999 -9999 -9999 188 1368 6573 11670 6189 2051 -9999 -9999 -9999 -9999 -9999 -9999 -9999 -9999 -9999 -9999 -9999 -9999 -9999 -9999 -9999 -9999 -9999 -9999 -9999 -9999 -9999 -9999 -9999 -9999 -9999 633 3092 1683 853 678 562 439 169 160 110 112 172 192 392 114 41 28 29 105 158 146 137 136 166 391 1049 615 267 120 98 76 68 81 64 46 56 55 69 84 108 120 112 105 112 95
584 739 220 3611 3550 4727 5154 6086 5939 2238 3528 205 -9999 -9999 -9999 -9999 -9999 -9999 -9999 -9999 -9999 -9999 -9999 -9999 -9999 -9999 -9999 -9999 -9999 -9999 -9999 -9999 -9999 -9999 -9999 -9999 -9999 354 1356 782 584 475 436 166 147 122 95 119 172 331 115 55 38 28 25 52 110 230 193 263 1039 705 270 217 120 105 92 124 110 89 79 90 92 87 109 193 141 160 133 97 99
1897 2071 2486 3070 2590 2431 2738 2679 3598 1954 2757 4254 -9999 -9999 -9999 -9999 -9999 -9999 -9999 -9999 -9999 -9999 -9999 -9999 -9999 -9999 -9999 -9999 -9999 -9999 -9999 -9999 -9999 -9999 -9999 -9999 -9999 -9999 431 821 727 587 415 162 100 93 94 101 103 72 122 97 38 30 26 33 69 169 215 330 478 301 171 174 131 136 141 149 141 144 109 194 172 99 149 233 151 110 101 104 87
1635 1800 2018 2528 2136 2179 2104 1659 1731 2327 2391 4227 2967 -9999 -9999 -9999 -9999 -9999 -9999 -9999 -9999 -9999 -9999 -9999 -9999 -9999 -9999 -9999 -9999 -9999 -9999 -9999 -9999 -9999 -9999 -9999 -9999 -9999 -9999 539 837 730 339 173 89 85 112 76 28 34 44 108 97 36 32 70 116 179 118 72 69 40 36 72 99 151 162 118 127 185 171 244 185 129 166 228 141 114 95 84 95
1890 2020 2166 1879 1574 1876 1191 1350 1472 1821 1602 1902 4309 840 -9999 -9999 -9999 -9999 -9999 -9999 -9999 -9999 -9999 -9999 -9999 -9999 -9999 -9999 -9999 -9999 -9999 -9999 -9999 -9999 -9999 -9999 -9999 -9999 -9999 -9999 733 875 239 190 87 76 89 68 55 34 62 153 219 70 59 88 164 285 66 70 43 31 36 45 36 57 116 95 125 170 146 147 160 166 267 291 196 167 106 99 98
1472 1605 1826 1678 1589 1793 1397 1073 1750 1252 923 1255 2305 921 -9999 -9999 -9999 -9999 -9999 -9999 -9999 -9999 -9999 -9999 -9999 -9999 -9999 -9999 -9999 -9999 -9999 -9999 -9999 -9999 -9999 -9999 -9999 -9999 -9999 -9999 149 792 244 172 88 64 59 55 64 47 83 300 621 146 83 101 188 291 90 67 32 25 31 38 36 45 68 96 119 143 168 215 192 165 244 267 236 323 223 200 140
1024 1274 1518 1834 1706 1872 1430 903 3066 2866 1439 1328 1804 177 -9999 -9999 -9999 -9999 -9999 -9999 -9999 -9999 -9999 -9999 -9999 -9999 -9999 -9999 -9999 -9999 -9999 -9999 -9999 -9999 -9999 -9999 -9999 -9999 -9999 -9999 -9999 209 303 221 106 68 58 57 70 53 59 177 521 221 133 157 286 148 82 55 38 32 33 64 58 56 61 101 162 141 129 152 148 230 299 463 545 440 313 238 185
943 1205 1238 1466 1586 1576 1218 949 3422 8177 4466 2774 3205 935 -9999 -9999 -9999 -9999 -9999 -9999 -9999 -9999 -9999 -9999 -9999 -9999 -9999 -9999 -9999 -9999 -9999 -9999 -9999 -9999 -9999 -9999 -9999 -9999 -9999 -9999 -9999 72 299 187 85 75 91 69 70 104 66 122 227 214 161 221 316 158 130 131 79 69 75 113 131 178 233 197 205 230 172 141 196 251 450 1117 891 373 275 172 154
1069 1260 1140 1198 1447 1513 909 805 1488 6050 4727 3392 4190 4364 -9999 -9999 -9999 -9999 -9999 -9999 -9999 -9999 -9999 -9999 -9999 -9999 -9999 -9999 -9999 -9999 -9999 -9999 -9999 -9999 -9999 -9999 -9999 -9999 -9999 -9999 -9999 1 228 211 93 89 72 72 73 85 96 129 133 169 294 545 853 284 189 236 139 150 156 350 680 501 543 398 386 223 301 225 156 227 390 833 650 225 200 144 139
945 854 962 1213 1270 1350 786 699 1992 3024 2752 4163 4551 5067 -9999 -9999 -9999 -9999 -9999 -9999 -9999 -9999 -9999 -9999 -9999 -9999 -9999 -9999 -9999 -9999 -9999 -9999 -9999 -9999 -9999 -9999 -9999 -9999 -9999 -9999 -9999 -9999 191 202 127 119 80 78 79 78 94 204 213 170 493 2993 18289 17225 898 334 217 157 343 736 763 2780 2280 2099 982 304 293 246 163 151 231 385 478 244 169 151 159
486 614 1095 1260 1414 1075 650 1182 2492 2191 1868 2162 2915 2515 -9999 -9999 -9999 -9999 -9999 -9999 -9999 -9999 -9999 -9999 -9999 -9999 -9999 -9999 -9999 -9999 -9999 -9999 -9999 -9999 -9999 -9999 -9999 -9999 -9999 -9999 -9999 19 118 253 204 135 96 101 162 126 217 373 270 189 435 1115 27094 26671 2264 135 128 70 298 486 686 2820 5745 1744 773 200 175 173 139 136 289 284 478 284 210 261 252
437 416 741 1241 1195 880 1100 1660 2591 1842 1657 1607 2197 3188 -9999 -9999 -9999 -9999 -9999 -9999 -9999 -9999 -9999 -9999 -9999 -9999 -9999 -9999 -9999 -9999 -9999 -9999 -9999 -9999 -9999 -9999 -9999 -9999 -9999 -9999 -9999 21 350 902 608 375 126 188 334 370 518 599 228 196 169 1260 1133 2864 978 711 509 277 278 346 478 1160 2820 685 315 284 219 345 179 257 484 598 760 465 398 565 721
558 376 474 928 1189 859 1035 2031 2913 1890 1740 1699 2030 3548 2254 -9999 -9999 -9999 -9999 -9999 -9999 -9999 -9999 -9999 -9999 -9999 -9999 -9999 -9999 -9999 -9999 -9999 -9999 -9999 -9999 -9999 -9999 -9999 -9999 -9999 -9999 -9999 1558 2117 1382 1305 452 561 804 623 432 550 293 177 1153 2868 3401 2761 2319 1113 1188 281 203 200 431 568 455 787 506 934 619 532 628 886 1891 2211 1398 949 932 1474 1563
535 375 411 488 919 812 869 2149 2703 2257 2080 1878 2254 3846 3307 -9999 -9999 -9999 -9999 -9999 -9999 -9999 -9999 -9999 -9999 -9999 -9999 -9999 -9999 -9999 -9999 -9999 -9999 -9999 -9999 -9999 -9999 -9999 -9999 -9999 -9999 1080 5053 2767 2162 2267 1601 978 712 602 419 316 505 1445 1652 1494 1830 2377 2261 1313 293 145 172 181 270 327 286 315 313 770 808 492 819 1767 8528 6404 1933 1590 1056 1062 1152
272 282 292 429 556 474 674 1336 645 1412 1381 1365 2360 5807 1547 -9999 -9999 -9999 -9999 -9999 -9999 -9999 -9999 -9999 -9999 -9999 -9999 -9999 -9999 -9999 -9999 -9999 -9999 -9999 -9999 -9999 -9999 -9999 -9999 -9999 -9999 1379 2946 3084 2529 2377 1502 1206 751 696 408 694 985 1117 1022 1153 1523 2566 2732 2058 414 276 281 268 505 509 421 441 459 627 681 821 854 1123 1565 1426 1560 1891 1065 817 1025
183 233 248 425 523 330 371 856 358 262 387 617 1605 7587 713 -9999 -9999 -9999 -9999 -9999 -9999 -9999 -9999 -9999 -9999 -9999 -9999 -9999 -9999 -9999 -9999 -9999 -9999 -9999 -9999 -9999 -9999 -9999 -9999 -9999 129 1800 2107 2827 2278 1415 958 621 349 298 307 581 604 590 743 817 1830 2405 2805 1456 817 640 534 393 572 509 443 608 739 1098 1298 1020 848 672 636 976 1558 1791 974 705 728
183 210 297 371 223 291 350 649 371 207 231 343 1233 4396 -9999 -9999 -9999 -9999 -9999 -9999 -9999 -9999 -9999 -9999 -9999 -9999 -9999 -9999 -9999 -9999 -9999 -9999 -9999 -9999 -9999 -9999 -9999 -9999 -9999 -9999 126 3785 2778 3713 1544 1271 950 759 638 418 247 649 688 534 554 994 2767 3221 2524 757 827 1606 1109 869 800 545 767 1063 1701 1269 961 858 806 640 718 853 1446 1439 871 673 617
183 244 241 176 223 288 361 766 416 232 379 341 1554 5387 -9999 -9999 -9999 -9999 -9999 -9999 -9999 -9999 -9999 -9999 -9999 -9999 -9999 -9999 -9999 -9999 -9999 -9999 -9999 -9999 -9999 -9999 -9999 -9999 -9999 -9999 1293 11420 7280 3270 1832 1624 1220 1109 1046 671 572 711 669 613 718 1068 2152 3222 1323 1033 1675 6415 3180 1246 867 825 816 895 887 863 638 499 1069 1468 1376 836 1664 1415 745 605 587
198 279 182 155 192 234 312 757 609 301 324 467 785 1929 1538 -9999 -9999 -9999 -9999 -9999 -9999 -9999 -9999 -9999 -9999 -9999 -9999 -9999 -9999 -9999 -9999 -9999 -9999 -9999 -9999 -9999 -9999 -9999 -9999 -9999 6637 15578 4517 2238 2024 1943 949 870 1141 1169 1105 1392 1317 1174 1329 2042 2374 1157 1039 1833 2009 7314 2930 1002 688 536 757 600 760 488 383 373 993 2114 2142 1676 2563 1992 902 442 553
213 236 223 155 160 200 383 846 954 429 511 905 516 1122 1610 -9999 -9999 -9999 -9999 -9999 -9999 -9999 -9999 -9999 -9999 -9999 -9999 -9999 -9999 -9999 -9999 -9999 -9999 -9999 -9999 -9999 -9999 -9999 -9999 -9999 4702 6862 6193 3566 2278 1961 1827 1840 1732 1418 941 1090 1687 1931 2730 1640 934 696 888 1202 1718 2481 1219 820 497 429 582 496 581 407 438 476 826 1812 2593 2843 1926 1201 1091 690 572
223 215 192 169 161 192 396 1026 1014 949 1030 873 638 963 -9999 -9999 -9999 -9999 -9999 -9999 -9999 -9999 -9999 -9999 -9999 -9999 -9999 -9999 -9999 -9999 -9999 -9999 -9999 -9999 -9999 -9999 -9999 -9999 -9999 -9999 1180 4784 9133 5944 3743 2433 2080 2839 2385 2861 1434 1645 711 442 356 797 899 705 833 1187 2011 1840 1203 1206 895 859 1146 1245 1251 717 661 739 1037 1924 2754 3041 2023 1710 1592 1477 1135
