data/moz/moz_beta_map.asc
ncols	234
nrows	368
xllcorner	195196.26821073
yllcorner	7004178.4200866
cellsize	5000.0
NODATA_value	-9999
[rows 300 to 324 of 368, columns 55 to 109 of 234]
0.11590765815780785 0.1345242492404091 0.12054652640297471 0.1206873525481012 0.14397534029408537 0.13065514780019985 0.12640538323945408 0.12919798700927454 0.1376970077676305 0.12442805833963423 0.13507329738629067 0.12753832555728975 0.1048124402776606 0.10820845795600978 0.10948221988717555 0.12836225339907725 0.1226299369632392 0.11898949674088445 0.15419147040207776 0.5429013129539625 0.5611679753845681 0.18639294866379472 0.15461589729700345 0.26327767445427197 0.2601281725900049 0.15426100228949927 0.1875469808605762 0.1479152235461491 0.144459891697912 0.1920909305422606 0.18089735048183433 0.17856193354693084 0.11871984571794834 0.11354998543260379 0.11430927863941315 0.11405295923241951 0.13666007230575078 0.13479779917141105 0.10738234787581319 0.10424110489207299 0.09771827981981192 0.11523163823697334 0.11201739280627127 0.10423077207150336 0.10461761885518761 0.10442082425470128 0.10624067052168328 0.08771583957464495 0.09730787848951933 0.10076360628910623 0.07460264820492336 0.08397200404929632 0.1027692393673926 0.08243710343520269 0.10340191837931574
0.10838526477282948 0.10742386179723509 0.11864470626287238 0.1263545254622826 0.1333987229937284 0.1341481442315006 0.12265134000157331 0.13462132918566302 0.14524399727507323 0.12417794956173393 0.14999739612590135 0.14293991074906257 0.12018819724968104 0.12455969654468728 0.12218213809406851 0.11965102661046018 0.12084770142679703 0.11322464261290467 0.147312219922116 0.5547351516012053 0.2537989393972768 0.1346773598813809 0.1283567223336571 0.14631032499066413 0.13917114242207973 0.12700360864936994 0.1587930821256077 0.15167210920422322 0.1395880946559827 0.1347967386326306 0.14786403082066712 0.1421758130343681 0.11099569422861533 0.1247474499699387 0.15469721501958766 0.12469096842202754 0.12816877609560876 0.10162781693974347 0.11882569217647314 0.11609927932813931 0.10869007969122589 0.11803864408353681 0.11525082916181577 0.10683776969984324 0.11317060772218383 0.11909434816159294 0.0945122970717807 0.09018505689649454 0.09614123943848607 0.08513770525141252 0.0839560152090457 0.10570100275263127 0.1109028502905436 0.09895195665891728 0.1026149087833032
0.0917189291402632 0.1045494990047521 0.11209307526450686 0.12974187464720383 0.12935045148915159 0.1385473750690344 0.1307954871736851 0.13601258658153892 0.1383291963648756 0.15636583839540602 0.13885165590311863 0.1278151742156 0.13800777324333066 0.15866873711799395 0.12418748021769069 0.12016421121456969 0.12606286230307168 0.11449433782983222 0.1419558285583848 0.263760250574771 0.1550801807090581 0.11783269300485792 0.12950416628570385 0.1106005232370292 0.11635611839716722 0.12292775945591315 0.15475120973291343 0.1528256170835185 0.14441474795953085 0.14596635975063238 0.13844322888901667 0.1362590373010822 0.1251622524518803 0.1408478099696619 0.139291067258898 0.12983643900730493 0.12679265653706986 0.11421319053430273 0.124037602182369 0.1090860951909385 0.11176335113859902 0.1069059869943709 0.11262372145455175 0.10239331345113123 0.10981781645537235 0.11332872558325098 0.09562010770283705 0.09548220545964889 0.09423177899125379 0.10479099062280514 0.12037520390202748 0.14311453573077673 0.11536166443137748 0.09837419001501786 0.11387990957504156
0.10908204872110727 0.12021682473069951 0.10100422998844623 0.09996856685563224 0.12818521289224405 0.13831441582651494 0.12618341698453492 0.12470570117904682 0.13252439157796725 0.14863418927072547 0.14581610370690148 0.13339514841565803 0.14902883758728513 0.12017962587502938 0.12717787552799975 0.12505868448389815 0.12123241433301055 0.12552281156545256 0.12432654257131562 0.14496552615428313 0.14221685862162795 0.1372375854655321 0.13539403004856881 0.12331339995130984 0.11470605863596477 0.11360176601853153 0.15466680882706405 0.1490053809709198 0.14704811145289592 0.15151490594015166 0.14276594039617874 0.12260134408580736 0.11948859707121523 0.1189284704908083 0.15370309453638026 0.16814030202519584 0.17673068903754724 0.11474476791799922 0.10766366576837948 0.10744593347087773 0.10290949705526478 0.10735227431102025 0.10838313801629254 0.11980850262593405 0.1256306195795631 0.1277729625811627 0.11294876333985049 0.10499878548013415 0.11328593698658221 0.11748762550929057 0.11119769057608893 0.1299194548667582 0.1238695575727851 0.11011379375433546 0.1040995556595848
0.1064228387390106 0.11663390240427382 0.10164884448380107 0.09808036724319472 0.13276273950050818 0.12673658894353287 0.13036500192011582 0.12431287073695543 0.1256957433209926 0.12401557775859509 0.13887663419640406 0.14607600380840116 0.11246825234100305 0.12445445087332115 0.136302205288157 0.12353375741607116 0.1051676625553977 0.1083305694406714 0.11390918567229427 0.11683148246767826 0.13671815525087844 0.23438830849368567 0.13597240762393775 0.14792917819667156 0.12263214482961986 0.10965210081575831 0.1509726645365779 0.16688885879543403 0.1351193591391607 0.15661327059382446 0.17592965339533112 0.1592194400000152 0.12391873194943938 0.14587461619362285 0.17632397537144837 0.13452111794440172 0.11373144817697017 0.11929627733727835 0.11639607930846205 0.12277586620775496 0.11584596515387839 0.11435563486287348 0.1184845457875144 0.11945102672204007 0.126869973042755 0.1269774750696783 0.12819133936906046 0.11348171559149028 0.12133591666961535 0.13779418655214185 0.11913884037421428 0.12455465711620091 0.1311460702453608 0.12913026184048831 0.10097447659740136
0.11271289273328501 0.11570062226564105 0.10863221528481919 0.11352155755343687 0.13680526136445775 0.124241584905273 0.11431346678114332 0.12384789000874973 0.12282403774275417 0.11989005732665305 0.144962412826774 0.12183108871775934 0.13183368240326582 0.12783498576847208 0.12921708449614586 0.13527243128882727 0.1097606701286586 0.09398189030025228 0.09466077998004593 0.10022630989440082 0.1145780988402582 0.11382397851643335 0.10530604207545828 0.11985387217495469 0.12359130458896925 0.10756298836543951 0.12343253491282838 0.1349685209146653 0.1221863090291872 0.13971388007486832 0.17895084569074388 0.18223480198185432 0.12346203035061944 0.12676350544113496 0.12499176653702039 0.11860347162675756 0.12793012224390374 0.1237410338173209 0.12500969580289714 0.1342209280031322 0.1395060707475237 0.12451058712173689 0.1319167012637693 0.10689036658355051 0.1111712473606678 0.11292516025517257 0.12275554181809273 0.12410421665910688 0.11295359559494417 0.11058626328417878 0.12444594858877889 0.13588716911336704 0.128867903938356 0.12723596466178821 0.0
0.12529756225611718 0.10867495146907999 0.11777548060297209 0.12131088798235051 0.1207927739476858 0.11526699320199166 0.11353050611348132 0.12216614269672937 0.12859906978779226 0.12515649645518184 0.13436846737864552 0.17426101268054903 0.12973643947722105 0.15421641689575596 0.1319294950949123 0.12254937563313757 0.10904763166208177 0.09725547596566017 0.08738426389311141 0.10769723206751122 0.10375855847332476 0.10495521781681184 0.10392982102416114 0.12296115994749168 0.13029923404815916 0.13185346179174054 0.14684157395265 0.13618884648406437 0.12412536129144039 0.1392721455694617 0.15761231499977232 0.12027979572631396 0.12061286400332501 0.12496879917683672 0.13019825873443794 0.14148629803706944 0.13861102381566398 0.13480843234795764 0.13147752391285586 0.12104748861820265 0.12514519061373316 0.11431151449947681 0.11383497903323044 0.12290261243410947 0.11521852601002429 0.11184736604986106 0.1275317363518981 0.10056148877968679 0.13610997052258858 0.119206176969163 0.12668147157588297 0.1485372305704604 0.13997930634779185 0.11851239206324735 -9999.0
0.13568274688238188 0.11554406792335976 0.12074634541051096 0.12063799235568136 0.1309687790994543 0.11410283065955266 0.12684705740417865 0.12008934094136518 0.12893815853593207 0.12773617463180814 0.14542085753230685 0.15525254760582347 0.15581200912917068 0.13217969316051092 0.13532404564499143 0.128076445153675 0.11530836623469923 0.09915467861391902 0.09118009539622492 0.09420408529809847 0.10960800939471779 0.11067428797293363 0.1061979907659894 0.12445095597492951 0.11210774060335697 0.10317811507272272 0.15624348748070602 0.14134170611242958 0.12506014105165889 0.11810078568486551 0.12498100992610456 0.12654185029587847 0.12679770992311404 0.12597287753466646 0.13688939681624315 0.130213553226916 0.12575073214154237 0.1266257622350866 0.12366431822735505 0.13815138228712087 0.13576117818493424 0.12356633622092895 0.12659439695519054 0.12913797894269843 0.11731759514700671 0.1076418887759261 0.10561798130255591 0.10923435019024721 0.14499431868789933 0.1331790826132829 0.14400437985330247 0.12790061157005733 0.13322061473298252 0.0 -9999.0
0.1346920647372324 0.11406860340619353 0.13641502032667774 0.13274688863374287 0.13971453284697222 0.140836280597145 0.14452891339337065 0.1322028523827923 0.13195709757922838 0.13015713660757813 0.13507220955336646 0.14610370254462457 0.1445762993251497 0.2044885911942886 0.15428426088807395 0.10968365890491934 0.10454040038319026 0.10729289263069522 0.092240785387582 0.10352748375772285 0.10980083448686352 0.1124984893082449 0.10950633334181958 0.11790044318448786 0.103988774652643 0.11428820544851304 0.10528737307782524 0.1334891268703363 0.13184363569073115 0.12053484538447522 0.12861234191610085 0.12917446405955796 0.12859220596502907 0.13038795911967493 0.13011558621064154 0.14031228104528715 0.12762464457723072 0.12244604914566277 0.12318900261788851 0.12122562951721683 0.11953858089665129 0.11782275221998846 0.1269078926715177 0.1401322142454571 0.1273840837622238 0.11467364560580624 0.11682088463709163 0.14115428174770825 0.1493608031949778 0.15281027496483884 0.1479394710803692 0.1124864690665532 0.1244941000460714 -9999.0 -9999.0
0.17098670828017953 0.14173836882373145 0.15666928167350985 0.15216798762880526 0.13345895380886408 0.14760874925893233 0.1509455126557735 0.13474437668085698 0.1330795610079339 0.16618433002756516 0.13265004927459542 0.12327236135511757 0.1292058186103786 0.12916231371123874 0.12967458154631747 0.10857958308738218 0.1332345947681273 0.10994077145895458 0.1203700048188443 0.1206885454434113 0.11542438418580162 0.09949557525759728 0.10707913014268299 0.11121676832278686 0.10193193467755793 0.10659059991675998 0.09894548113963848 0.10048927511312586 0.12597387087023088 0.11737442895414339 0.12319103036502556 0.14168691727702845 0.13384323481084126 0.12806540909043007 0.12132264811816156 0.12265963059897952 0.1338385693321646 0.11464124645116662 0.11695380266675746 0.1270296067629845 0.1442527575548511 0.12967717498534004 0.13506874264639415 0.1246100593036211 0.1322723405798076 0.13948118617637462 0.1492665247584697 0.16117286698672917 0.13111819662506172 0.12160873277279663 0.1357418049270716 0.11163132795929752 0.0 -9999.0 -9999.0
0.15813454701948437 0.15162840427637284 0.1715585571267918 0.18036837745418827 0.15536186828005158 0.12162813059801926 0.1375323423257248 0.14978881070790923 0.15043972834412228 0.1408835505960625 0.15665138334493012 0.18073237033825854 0.17133890923274966 0.10269193733170756 0.0949102705740209 0.10848658951131514 0.12711194933409978 0.11205803346627287 0.11988373305526376 0.10916390684320756 0.12319096961170005 0.10217715986341586 0.10107178166864184 0.11048116423739199 0.10744216894398521 0.09237557842209032 0.10515205437358242 0.1002700658583578 0.10008472615778487 0.14539558902083238 0.1039125531756772 0.1120826631067769 0.14170727623597612 0.11255625663703002 0.0976309544277722 0.11384159688025797 0.129786299050378 0.1355001175793508 0.141193136752208 0.1259682790903045 0.13336835424860446 0.11717875821132111 0.14851469765889153 0.11428904985913103 0.10757745834138487 0.1085656725321826 0.11102427908083584 0.11149255389024951 0.11816979773504306 0.11703607585875356 0.11495815649284942 0.0 -9999.0 -9999.0 -9999.0
0.16370792267892648 0.17304057353501548 0.20732110501398132 0.1956307363833069 0.1924295158494305 0.1694314339572207 0.1321155460261982 0.15707423485538946 0.17110929742482409 0.14986342407579187 0.15151733062017808 0.17439546465787795 0.16017615465784854 0.13757297767484422 0.11626284840435942 0.12360935098819267 0.12727998971857865 0.1176173644760309 0.12108130354325738 0.12015695994806358 0.10696046161037152 0.11561770904006352 0.1115336062716718 0.10403761198599175 0.11016842167098109 0.11258071060083993 0.10825491385543849 0.10804099337229689 0.1092264854595284 0.11555610775095355 0.12534050092500656 0.13201730074272447 0.14374735091533028 0.1100713682843067 0.1303778802042073 0.13991837421382175 0.14301105272802442 0.13801096478002814 0.11695178824147062 0.11709174175308767 0.13222281034987463 0.15028398688410613 0.11174022110862375 0.10769924834544069 0.10801829381945162 0.1144146280055331 0.11848205366037068 -9999.0 0.110979796236414 0.11508828727587048 0.11037523413588327 -9999.0 -9999.0 -9999.0 -9999.0
0.15501720661355134 0.15503575284332996 0.18173467482694908 0.18846491880671878 0.1839917730061469 0.18965765238192078 0.14122760621223515 0.1518883422251642 0.16915301923584247 0.18884216861594247 0.1539629886747622 0.13994361467051109 0.1645337592720889 0.13375939395548378 0.12329606869066603 0.13245019122875681 0.11731341101128372 0.10348002192701376 0.11853724117025892 0.1234950370220189 0.11814063348368622 0.11977490366439247 0.1013576858210647 0.10025378198923938 0.09672348597635687 0.11897732986512545 0.11488970668930278 0.12234054394513098 0.12907326264833718 0.11799470726508889 0.11745037288272768 0.12029014193633514 0.12032625076876938 0.13339415854592365 0.11259795258007968 0.14023691525333043 0.1492162774894893 0.13154511041283787 0.1287036236035904 0.11250610791098653 0.11630791890443622 0.14760833067267307 0.16585030012001076 0.15091058997178436 0.13325073509106017 0.11032761205198689 0.10605866783147595 0.10671639859012474 0.11195472733531478 0.11085259694438487 0.0 -9999.0 -9999.0 -9999.0 -9999.0
0.16601216858497242 0.15779255259401376 0.19949429338823607 0.2119226119749611 0.18394703343812596 0.17347645572606815 0.157871615830181 0.17519572989720908 0.16850951224958283 0.18205985572995323 0.1966475378293863 0.1986070576916598 0.12647043402788427 0.12187627231629129 0.14005324457177684 0.14888519909006076 0.11120046829456129 0.11703678040966574 0.11374024140486598 0.12168784244854453 0.12640501940891352 0.11254775914936681 0.11112265513332882 0.11573474617307868 0.12455577924564629 0.13208801354565589 0.10456342332739155 0.1251655091839774 0.14367006820259154 0.12070312043557085 0.12470136165032425 0.12480506726811127 0.12740014822773613 0.12777912293514762 0.11213436858395444 0.13693900990195457 0.13185141762325783 0.1354611856470187 0.15514333650858175 0.15421514574929338 0.15053635479022998 0.15247112808833752 0.1445391767035994 0.14638798113703894 0.1328463353011632 0.12163057591392498 0.10431667530354513 0.0 -9999.0 -9999.0 -9999.0 -9999.0 -9999.0 -9999.0 -9999.0
0.1970606015644987 0.19461887230267821 0.20261319284099086 0.19654891517766931 0.1749678190034045 0.16976124030079331 0.16053395112110413 0.186766963411307 0.17924952884803508 0.18028905615010318 0.1788175130034827 0.1463664984456094 0.16356619506445128 0.1679453172360867 0.12972313814232048 0.1302958190827637 0.10768035420148922 0.1348600214699881 0.14177511319566094 0.13540085250446657 0.1268311891377251 0.12858494010358199 0.13304591286524886 0.1335175818358858 0.1256423573384604 0.12419583837724953 0.10887814233825696 0.13450924644741216 0.11580906697132859 0.11829355864641074 0.12478663682399632 0.13059299125344273 0.11861954654288479 0.136393712537091 0.13525442811869604 0.14509887352415313 0.16381942369584873 0.15878275420858504 0.15925034907016725 0.14984487764993132 0.1447370390752218 0.14210947457097828 0.1224458440339449 0.12214144489243209 0.12117388654258089 0.12189618590601434 0.0 -9999.0 -9999.0 -9999.0 -9999.0 -9999.0 -9999.0 -9999.0 -9999.0
0.17994500984689038 0.17644786146774172 0.19960640784518963 0.21946439005982882 0.17848148094861443 0.19173792992188624 0.1785600505634887 0.20517808107858768 0.17823950608603129 0.15275274374504624 0.15312816602057502 0.1721130269157526 0.1575071056814311 0.17153553745556188 0.18166162845059655 0.16615744380227895 0.1386193489508357 0.11280391616643567 0.10893552047646837 0.12562189130054358 0.12938596429427396 0.12566945361464643 0.1327748454028104 0.10938755197854223 0.09750451179599458 0.10786994247378759 0.13468164788026366 0.11744417335550898 0.12228516761716321 0.11540897579158503 0.12024099298882472 0.1202976472730854 0.12302201238379613 0.17027549286310112 0.1640935089440598 0.1706993755202871 0.17053720312312148 0.17201460649370504 0.16503780575830054 0.14658162447922568 0.14209698388738537 0.12077804055377525 0.11979007138718115 0.0 0.0 -9999.0 -9999.0 -9999.0 -9999.0 -9999.0 -9999.0 -9999.0 -9999.0 -9999.0 -9999.0
0.1898548412470871 0.17396434256107415 0.17341497119905303 0.15379144283247587 0.18586619516665295 0.19929132403029218 0.18614933722461494 0.1840312546329646 0.17135940380028916 0.1791895105600012 0.16758503229072913 0.1438000262665078 0.1450403006081073 0.15215594410639802 0.16905228040951403 0.14641001795921105 0.17617054393186365 0.13721061058366546 0.11435702459482615 0.09904726872821955 0.13397682570229333 0.15551636336393698 0.11962749604346365 0.12384168411596101 0.12085103094361525 0.12578684968703724 0.1397645951355938 0.11710909249502151 0.10979868157822516 0.11202914089568346 0.10892382941752934 0.10898932999987206 0.12779752310064907 0.16711759211610297 0.17770298012216984 0.1701815369575395 0.1614965537965555 0.17702070637904804 0.1730013696927983 0.12013694230364717 0.11277079208530949 0.13149272141625484 -9999.0 -9999.0 -9999.0 -9999.0 -9999.0 -9999.0 -9999.0 -9999.0 -9999.0 -9999.0 -9999.0 -9999.0 -9999.0
0.18620310945982227 0.1774860583848725 0.17961537261333996 0.16068479958392504 0.14116114726626422 0.16032147854232992 0.19262593509916504 0.18216285942634308 0.16006069780953386 0.18603546746339011 0.1597305519116319 0.12024108416790363 0.12649689150767765 0.12206925790370637 0.12208873488524857 0.17582629530154473 0.15410526386603796 0.14441662599020244 0.1364665807275668 0.10692910640289821 0.1192519390019277 0.12529893265169617 0.13563877086055337 0.13449214854568023 0.13952264962920768 0.12673659920231575 0.12728214110223077 0.13734318919145894 0.12223592393421093 0.11400008991257582 0.15446398990519708 0.1564590432325062 0.1531638289083937 0.15027103602146372 0.15746523500963802 0.12796919652335356 0.14189380984227604 0.13505399541892282 0.1225130207751485 0.0 -9999.0 -9999.0 -9999.0 -9999.0 -9999.0 -9999.0 -9999.0 -9999.0 -9999.0 -9999.0 -9999.0 -9999.0 -9999.0 -9999.0 -9999.0
0.1681157527387805 0.15876823909753265 0.17167912128890564 0.1634959185110044 0.14604516115928307 0.16471931295223421 0.16628693971464276 0.15204012530056743 0.18399019994018165 0.17437946102136073 0.17800581619651215 0.18078922531630423 0.14514892035378124 0.14260886507551118 0.13609139127616068 0.11130826954102281 0.1281938385353092 0.15460385482423258 0.14744796406157124 0.11562617497594894 0.14408744625174036 0.1392717146997189 0.13015720529683658 0.12797594444663093 0.11969075997300697 0.1478274058605605 0.15528662453507802 0.14157752511255337 0.15877808954987574 0.1739861643013019 0.14781484770337183 0.1566658813121042 0.15834222665106515 0.14883925453567576 0.12397536842183807 0.1045669292633817 0.0 -9999.0 -9999.0 -9999.0 -9999.0 -9999.0 -9999.0 -9999.0 -9999.0 -9999.0 -9999.0 -9999.0 -9999.0 -9999.0 -9999.0 -9999.0 -9999.0 -9999.0 -9999.0
0.16935248452216428 0.162634305765738 0.16503365231497047 0.19153087722487344 0.13580578124804554 0.15530389484872392 0.1613448001781828 0.14660582044834944 0.1617466759244685 0.1434237397253002 0.16119712053541096 0.1852851866204505 0.19172008951865457 0.19031318994882615 0.1534659393156387 0.1128660447544152 0.10917926359365951 0.15149448632526863 0.16186126392548866 0.13966004482817682 0.1328214964348948 0.12889332782609222 0.1114736612754018 0.12157430771160647 0.12951146095996383 0.15199777074742993 0.14507746614096384 0.1534627784544249 0.15803142981225488 0.14492304285860444 0.14725005472406313 0.12099730547473851 0.1190864191630147 0.1311223114112149 0.0 0.0 -9999.0 -9999.0 -9999.0 -9999.0 -9999.0 -9999.0 -9999.0 -9999.0 -9999.0 -9999.0 -9999.0 -9999.0 -9999.0 -9999.0 -9999.0 -9999.0 -9999.0 -9999.0 -9999.0
0.17591317213876478 0.16320553473790012 0.1575349359253146 0.15918223552261024 0.13903172318006762 0.16545958217031553 0.1443369575894343 0.13741011741808398 0.16045493648006337 0.14318775398135067 0.18121434808085055 0.1887072378926295 0.17375001105062207 0.17443858233399248 0.1595655663656534 0.1294782944923106 0.11859699135312401 0.13810326654166583 0.1492238112291854 0.1442307144517267 0.1089281083863909 0.13348121606198876 0.13795789330730157 0.13697327480355037 0.13944087126420635 0.14538803190295124 0.14046340433100418 0.1410314570456821 0.12412937586415915 0.11631438291288868 0.12128297015554977 0.0 0.0 -9999.0 -9999.0 -9999.0 -9999.0 -9999.0 -9999.0 -9999.0 -9999.0 -9999.0 -9999.0 -9999.0 -9999.0 -9999.0 -9999.0 -9999.0 -9999.0 -9999.0 -9999.0 -9999.0 -9999.0 -9999.0 -9999.0
0.10112517709284244 0.11112168958394895 0.11466174979811969 0.11339004532767791 0.12917816189424303 0.13323180281122285 0.15001246255272774 0.14304840809038613 0.151577594627535 0.12796434104730067 0.17001174896782853 0.1545218202907017 0.16382473703368758 0.15214738178792211 0.15715976970666634 0.13275080385493665 0.1348792834181706 0.15572807717309944 0.20529082615454133 0.17989337061624408 0.10712015766351121 0.11208368497593946 0.13175887683315435 0.13209091407910162 0.13663971344523645 0.1259396468472559 0.12145441511641421 0.11670712731092653 0.13256925383969861 0.0 0.0 -9999.0 -9999.0 -9999.0 -9999.0 -9999.0 -9999.0 -9999.0 -9999.0 -9999.0 -9999.0 -9999.0 -9999.0 -9999.0 -9999.0 -9999.0 -9999.0 -9999.0 -9999.0 -9999.0 -9999.0 -9999.0 -9999.0 -9999.0 -9999.0
0.1348506321341852 0.10443407999391242 0.09981444310757927 0.10145592564079862 0.11503770934339055 0.15107311673676274 0.13376995166213962 0.13230172633479928 0.137354085805153 0.12463350006547166 0.1324520220065414 0.1358215363054247 0.15497345369333107 0.139333231952889 0.12846810685644067 0.12218896891711144 0.1625384460192062 0.15621497165479545 0.17609558466896175 0.130783563329862 0.10952663495758994 0.11298535329091465 0.1342741298548209 0.11487323495006345 0.0 -9999.0 -9999.0 -9999.0 -9999.0 -9999.0 -9999.0 -9999.0 -9999.0 -9999.0 -9999.0 -9999.0 -9999.0 -9999.0 -9999.0 -9999.0 -9999.0 -9999.0 -9999.0 -9999.0 -9999.0 -9999.0 -9999.0 -9999.0 -9999.0 -9999.0 -9999.0 -9999.0 -9999.0 -9999.0 -9999.0
0.13858074266310835 0.11880805733406072 0.09949308265122703 0.10083160088852416 0.09321267826228881 0.09605073026348687 0.12944573823636854 0.14676519072425132 0.16227584173233206 0.13630428102234196 0.12409400750078799 0.1392349419400852 0.12293002036714479 0.12814833866921602 0.1369153105860951 0.11080734739822096 0.14709841209004068 0.14462163959135024 0.15585750725827 0.11624074012921526 0.1311700390181395 0.0 0.0 -9999.0 -9999.0 -9999.0 -9999.0 -9999.0 -9999.0 -9999.0 -9999.0 -9999.0 -9999.0 -9999.0 -9999.0 -9999.0 -9999.0 -9999.0 -9999.0 -9999.0 -9999.0 -9999.0 -9999.0 -9999.0 -9999.0 -9999.0 -9999.0 -9999.0 -9999.0 -9999.0 -9999.0 -9999.0 -9999.0 -9999.0 -9999.0
0.10647615152017627 0.07585450927947332 0.07548176202592913 0.09102985309795641 0.09189214236460568 0.09176095869689621 0.13513970654884194 0.13250139381976597 0.14086948051327028 0.13692099666078913 0.12699444223215484 0.13881694870847908 0.12074762467452466 0.1567514121675142 0.13581287792873567 0.11786071097852094 0.12062764693868508 0.1248570902845535 0.1290919126865005 0.11976016092700514 -9999.0 -9999.0 -9999.0 -9999.0 -9999.0 -9999.0 -9999.0 -9999.0 -9999.0 -9999.0 -9999.0 -9999.0 -9999.0 -9999.0 -9999.0 -9999.0 -9999.0 -9999.0 -9999.0 -9999.0 -9999.0 -9999.0 -9999.0 -9999.0 -9999.0 -9999.0 -9999.0 -9999.0 -9999.0 -9999.0 -9999.0 -9999.0 -9999.0 -9999.0 -9999.0
