data/moz/moz_population.asc
ncols         234
nrows         368
xllcorner     195196.26821073
yllcorner     7004178.4200866
cellsize      5000
NODATA_value  -9999
[rows 288 to 323 of 368, columns 0 to 80 of 234]
-9999 -9999 -9999 -9999 -9999 -9999 -9999 -9999 -9999 -9999 -9999 -9999 -9999 -9999 -9999 -9999 -9999 -9999 -9999 -9999 -9999 -9999 -9999 -9999 -9999 -9999 -9999 -9999 -9999 -9999 -9999 13 44 35 31 43 51 66 55 18 14 12 10 9 9 10 15 20 44 101 288 154 237 97 79 68 62 42 32 31 30 28 37 32 31 33 40 88 162 260 200 126 136 147 85 84 81 93 147 99 63
-9999 -9999 -9999 -9999 -9999 -9999 -9999 -9999 -9999 -9999 -9999 -9999 -9999 -9999 -9999 -9999 -9999 -9999 -9999 -9999 -9999 -9999 -9999 -9999 -9999 -9999 -9999 -9999 -9999 -9999 -9999 -9999 11 38 26 31 39 53 113 43 20 14 12 10 10 13 15 17 27 53 166 128 201 113 73 61 56 42 34 32 34 43 54 39 34 30 40 65 169 167 193 143 175 114 78 86 90 106 148 103 66
-9999 -9999 -9999 -9999 -9999 -9999 -9999 -9999 -9999 -9999 -9999 -9999 -9999 -9999 -9999 -9999 -9999 -9999 -9999 -9999 -9999 -9999 -9999 -9999 -9999 -9999 -9999 -9999 -9999 -9999 -9999 -9999 -9999 17 30 26 35 52 133 105 55 36 26 22 30 42 62 64 74 110 150 151 197 127 73 58 60 47 45 49 37 57 63 57 53 39 42 58 118 121 169 181 144 95 90 103 145 144 152 109 43
-9999 -9999 -9999 -9999 -9999 -9999 -9999 -9999 -9999 -9999 -9999 -9999 -9999 -9999 -9999 -9999 -9999 -9999 -9999 -9999 -9999 -9999 -9999 -9999 -9999 -9999 -9999 -9999 -9999 -9999 -9999 -9999 -9999 -9999 23 20 27 42 87 166 86 50 42 30 38 44 75 80 95 141 209 207 215 140 96 65 55 56 57 52 53 54 62 68 65 49 40 86 112 97 156 146 93 89 124 157 115 101 152 117 29
-9999 -9999 -9999 -9999 -9999 -9999 -9999 -9999 -9999 -9999 -9999 -9999 -9999 -9999 -9999 -9999 -9999 -9999 -9999 -9999 -9999 -9999 -9999 -9999 -9999 -9999 -9999 -9999 -9999 -9999 -9999 -9999 -9999 -9999 19 17 17 39 74 111 129 81 56 44 43 42 48 69 95 289 478 305 175 163 110 98 98 87 62 60 59 57 57 71 75 56 49 106 86 115 133 93 93 122 154 106 92 104 147 55 30
-9999 -9999 -9999 -9999 -9999 -9999 -9999 -9999 -9999 -9999 -9999 -9999 -9999 -9999 -9999 -9999 -9999 -9999 -9999 -9999 -9999 -9999 -9999 -9999 -9999 -9999 -9999 -9999 -9999 -9999 -9999 -9999 -9999 -9999 10 17 18 32 79 82 88 138 85 71 59 50 44 58 88 297 529 417 187 221 122 106 129 105 71 68 64 61 59 78 77 73 95 95 96 145 105 87 104 151 115 98 104 103 43 24 33
-9999 -9999 -9999 -9999 -9999 -9999 -9999 -9999 -9999 -9999 -9999 -9999 -9999 -9999 -9999 -9999 -9999 -9999 -9999 -9999 -9999 -9999 -9999 -9999 -9999 -9999 -9999 -9999 -9999 -9999 -9999 -9999 -9999 -9999 5 24 32 45 79 117 160 170 193 138 82 75 59 48 71 178 522 433 225 347 235 154 134 117 73 68 65 63 73 89 96 139 136 109 140 115 89 91 123 148 99 100 106 75 16 46 57
-9999 -9999 -9999 -9999 -9999 -9999 -9999 -9999 -9999 -9999 -9999 -9999 -9999 -9999 -9999 -9999 -9999 -9999 -9999 -9999 -9999 -9999 -9999 -9999 -9999 -9999 -9999 -9999 -9999 -9999 -9999 -9999 -9999 -9999 -9999 24 49 68 108 143 223 444 230 267 247 283 108 56 71 118 237 369 741 831 361 181 141 112 69 61 68 70 92 111 161 160 116 169 141 100 98 123 154 114 94 103 100 18 21 94 73
-9999 -9999 -9999 -9999 -9999 -9999 -9999 -9999 -9999 -9999 -9999 -9999 -9999 -9999 -9999 -9999 -9999 -9999 -9999 -9999 -9999 -9999 -9999 -9999 -9999 -9999 -9999 -9999 -9999 -9999 -9999 -9999 -9999 -9999 -9999 24 59 76 123 139 89 122 53 523 451 532 239 96 69 136 159 299 1045 1735 366 247 177 115 76 63 67 78 107 158 174 137 169 198 104 79 123 148 112 97 86 94 44 13 23 48 66
-9999 -9999 -9999 -9999 -9999 -9999 -9999 -9999 -9999 -9999 -9999 -9999 -9999 -9999 -9999 -9999 -9999 -9999 -9999 -9999 -9999 -9999 -9999 -9999 -9999 -9999 -9999 -9999 -9999 -9999 -9999 -9999 -9999 -9999 -9999 -9999 33 80 115 109 54 587 490 1066 1082 705 341 86 169 179 129 201 476 833 374 283 208 124 81 68 68 96 154 176 136 181 241 157 99 91 126 79 76 80 108 76 13 15 21 40 48
-9999 -9999 -9999 -9999 -9999 -9999 -9999 -9999 -9999 -9999 -9999 -9999 -9999 -9999 -9999 -9999 -9999 -9999 -9999 -9999 -9999 -9999 -9999 -9999 -9999 -9999 -9999 -9999 -9999 -9999 -9999 -9999 -9999 -9999 -9999 -9999 -9999 12 153 250 217 433 298 962 830 277 376 365 394 244 131 153 400 912 358 247 179 127 89 71 85 115 182 151 151 223 246 207 136 145 96 79 72 37 42 18 12 17 25 22 37
-9999 -9999 -9999 -9999 -9999 -9999 -9999 -9999 -9999 -9999 -9999 -9999 -9999 -9999 -9999 -9999 -9999 -9999 -9999 -9999 -9999 -9999 -9999 -9999 -9999 -9999 -9999 -9999 -9999 -9999 -9999 -9999 -9999 -9999 -9999 -9999 -9999 -9999 122 170 242 146 137 276 274 263 480 518 584 532 259 146 447 529 341 176 155 134 98 109 117 153 148 148 208 195 209 206 176 132 83 72 81 41 13 14 19 29 23 17 36
-9999 -9999 -9999 -9999 -9999 -9999 -9999 -9999 -9999 -9999 -9999 -9999 -9999 -9999 -9999 -9999 -9999 -9999 -9999 -9999 -9999 -9999 -9999 -9999 -9999 -9999 -9999 -9999 -9999 -9999 -9999 -9999 -9999 -9999 -9999 -9999 -9999 -9999 54 131 162 138 136 226 155 244 244 274 305 524 469 293 376 371 324 226 160 150 116 97 139 200 136 191 214 158 216 446 245 124 90 93 93 46 17 18 31 43 29 20 42
-9999 -9999 -9999 -9999 -9999 -9999 -9999 -9999 -9999 -9999 -9999 -9999 -9999 -9999 -9999 -9999 -9999 -9999 -9999 -9999 -9999 -9999 -9999 -9999 -9999 -9999 -9999 -9999 -9999 -9999 -9999 -9999 -9999 -9999 -9999 -9999 -9999 -9999 35 109 121 150 133 110 146 172 192 204 177 270 447 276 417 467 357 332 331 207 133 106 152 262 191 215 157 159 210 369 149 137 106 115 113 49 18 25 63 53 57 62 82
-9999 -9999 -9999 -9999 -9999 -9999 -9999 -9999 -9999 -9999 -9999 -9999 -9999 -9999 -9999 -9999 -9999 -9999 -9999 -9999 -9999 -9999 -9999 -9999 -9999 -9999 -9999 -9999 -9999 -9999 -9999 -9999 -9999 -9999 -9999 -9999 -9999 -9999 18 101 126 115 134 127 112 123 189 179 175 197 315 385 528 362 305 645 575 238 174 144 133 289 286 195 159 171 256 241 113 108 115 117 128 62 21 42 85 53 195 135 105
-9999 -9999 -9999 -9999 -9999 -9999 -9999 -9999 -9999 -9999 -9999 -9999 -9999 -9999 -9999 -9999 -9999 -9999 -9999 -9999 -9999 -9999 -9999 -9999 -9999 -9999 -9999 -9999 -9999 -9999 -9999 -9999 -9999 -9999 -9999 -9999 -9999 -9999 5 86 122 107 122 173 162 157 182 225 169 176 459 442 524 263 231 527 464 522 279 189 239 320 284 243 205 259 240 136 102 118 131 137 163 112 40 49 46 47 143 129 108
-9999 -9999 -9999 -9999 -9999 -9999 -9999 -9999 -9999 -9999 -9999 -9999 -9999 -9999 -9999 -9999 -9999 -9999 -9999 -9999 -9999 -9999 -9999 -9999 -9999 -9999 -9999 -9999 -9999 -9999 -9999 -9999 -9999 -9999 -9999 -9999 -9999 -9999 -9999 52 77 75 95 126 118 156 120 88 161 250 293 270 176 111 214 339 389 1008 466 332 360 359 331 403 478 344 211 102 110 126 170 267 328 550 93 42 29 44 134 124 130
-9999 -9999 -9999 -9999 -9999 -9999 -9999 -9999 -9999 -9999 -9999 -9999 -9999 -9999 -9999 -9999 -9999 -9999 -9999 -9999 -9999 -9999 -9999 -9999 -9999 -9999 -9999 -9999 -9999 -9999 -9999 -9999 -9999 -9999 -9999 -9999 -9999 -9999 -9999 5 37 41 44 58 43 52 40 34 89 140 187 303 178 126 150 273 369 1018 736 481 370 464 523 836 452 273 185 158 133 138 220 441 1042 756 319 201 120 109 143 146 160
-9999 -9999 -9999 -9999 -9999 -9999 -9999 -9999 -9999 -9999 -9999 -9999 -9999 -9999 -9999 -9999 -9999 -9999 -9999 -9999 -9999 -9999 -9999 -9999 -9999 -9999 -9999 -9999 -9999 -9999 -9999 -9999 -9999 -9999 -9999 -9999 -9999 -9999 -9999 -9999 24 45 38 34 35 35 25 23 32 51 101 232 192 221 252 358 640 734 1937 893 455 631 481 557 476 339 240 224 152 207 307 554 1132 896 789 308 320 285 181 160 185
-9999 -9999 -9999 -9999 -9999 -9999 -9999 -9999 -9999 -9999 -9999 -9999 -9999 -9999 -9999 -9999 -9999 -9999 -9999 -9999 -9999 -9999 -9999 -9999 -9999 -9999 -9999 -9999 -9999 -9999 -9999 -9999 -9999 -9999 -9999 -9999 -9999 -9999 -9999 -9999 17 37 37 31 28 26 22 22 27 36 73 103 126 171 237 315 737 781 3390 1229 823 591 436 445 716 484 382 363 182 215 374 620 538 473 628 334 375 322 216 215 288
-9999 -9999 -9999 -9999 -9999 -9999 -9999 -9999 -9999 -9999 -9999 -9999 -9999 -9999 -9999 -9999 -9999 -9999 -9999 -9999 -9999 -9999 -9999 -9999 -9999 -9999 -9999 -9999 -9999 -9999 -9999 -9999 -9999 -9999 -9999 -9999 -9999 -9999 -9999 -9999 13 35 32 37 25 23 26 24 26 43 80 84 89 134 163 429 1570 2773 10076 4455 1492 830 432 447 855 553 514 314 251 249 480 221 238 619 670 494 349 339 246 290 397
-9999 -9999 -9999 -9999 -9999 -9999 -9999 -9999 -9999 -9999 -9999 -9999 -9999 -9999 -9999 -9999 -9999 -9999 -9999 -9999 -9999 -9999 -9999 -9999 -9999 -9999 -9999 -9999 -9999 -9999 -9999 -9999 -9999 -9999 -9999 -9999 -9999 -9999 -9999 -9999 7 48 46 38 33 37 30 27 28 56 68 75 81 108 145 282 1346 4926 2092 1698 2600 4180 1014 529 517 304 374 459 421 385 378 71 383 484 656 543 371 324 280 406 644
-9999 -9999 -9999 -9999 -9999 -9999 -9999 -9999 -9999 -9999 -9999 -9999 -9999 -9999 -9999 -9999 -9999 -9999 -9999 -9999 -9999 -9999 -9999 -9999 -9999 -9999 -9999 -9999 -9999 -9999 -9999 -9999 -9999 -9999 -9999 -9999 -9999 -9999 -9999 -9999 3 59 96 73 71 65 42 38 53 74 78 70 91 104 159 279 515 600 1518 3347 8573 8960 1937 1277 640 571 370 354 287 564 546 195 526 427 628 502 360 331 352 650 1359
-9999 -9999 -9999 -9999 -9999 -9999 -9999 -9999 -9999 -9999 -9999 -9999 -9999 -9999 -9999 -9999 -9999 -9999 -9999 -9999 -9999 -9999 -9999 -9999 -9999 -9999 -9999 -9999 -9999 -9999 -9999 -9999 -9999 -9999 -9999 -9999 -9999 -9999 -9999 -9999 5 37 55 39 34 39 89 76 83 88 96 96 114 122 190 321 323 254 443 1132 34053 18113 2278 2267 2033 869 706 1120 1403 1441 575 265 781 520 658 529 363 325 493 815 785
-9999 -9999 -9999 -9999 -9999 -9999 -9999 -9999 -9999 -9999 -9999 -9999 -9999 -9999 -9999 -9999 -9999 -9999 -9999 -9999 -9999 -9999 -9999 -9999 -9999 -9999 -9999 -9999 -9999 -9999 -9999 -9999 -9999 -9999 -9999 -9999 -9999 -9999 -9999 -9999 6 26 29 28 22 32 47 51 129 141 115 158 177 251 355 442 418 234 390 1082 3212 7694 4807 1373 2253 3424 2280 2143 2342 1140 358 262 977 989 659 574 437 489 511 775 473
-9999 -9999 -9999 -9999 -9999 -9999 -9999 -9999 -9999 -9999 -9999 -9999 -9999 -9999 -9999 -9999 -9999 -9999 -9999 -9999 -9999 -9999 -9999 -9999 -9999 -9999 -9999 -9999 -9999 -9999 -9999 -9999 -9999 -9999 -9999 -9999 -9999 -9999 -9999 -9999 7 32 33 29 27 31 51 45 57 216 245 240 236 213 243 315 426 197 277 791 770 1333 2664 1484 1120 1950 4988 5839 1335 882 189 766 1383 1116 583 503 461 524 456 1153 576
-9999 -9999 -9999 -9999 -9999 -9999 -9999 -9999 -9999 -9999 -9999 -9999 -9999 -9999 -9999 -9999 -9999 -9999 -9999 -9999 -9999 -9999 -9999 -9999 -9999 -9999 -9999 -9999 -9999 -9999 -9999 -9999 -9999 -9999 -9999 -9999 -9999 -9999 -9999 -9999 8 37 33 40 53 43 37 41 53 115 333 246 218 210 248 280 285 363 313 551 521 836 2836 1561 2360 6902 10516 11407 4357 3129 2624 30477 13245 1995 1069 1044 1126 1017 2080 3186 2341
-9999 -9999 -9999 -9999 -9999 -9999 -9999 -9999 -9999 -9999 -9999 -9999 -9999 -9999 -9999 -9999 -9999 -9999 -9999 -9999 -9999 -9999 -9999 -9999 -9999 -9999 -9999 -9999 -9999 -9999 -9999 -9999 -9999 -9999 -9999 -9999 -9999 -9999 -9999 -9999 9 38 35 46 66 44 37 44 43 78 336 295 191 204 223 273 275 463 514 545 447 590 1097 2066 3855 6224 7307 2837 3953 2521 1910 21032 34093 4827 4660 3909 1975 2945 16073 14568 3687
-9999 -9999 -9999 -9999 -9999 -9999 -9999 -9999 -9999 -9999 -9999 -9999 -9999 -9999 -9999 -9999 -9999 -9999 -9999 -9999 -9999 -9999 -9999 -9999 -9999 -9999 -9999 -9999 -9999 -9999 -9999 -9999 -9999 -9999 -9999 -9999 -9999 -9999 -9999 -9999 6 58 61 62 63 65 55 68 78 120 236 238 163 177 276 270 361 681 1019 438 401 414 449 1227 1199 1714 1870 1353 1295 2138 1848 2134 1971 2525 10776 3493 1869 2451 3379 5993 2995
-9999 -9999 -9999 -9999 -9999 -9999 -9999 -9999 -9999 -9999 -9999 -9999 -9999 -9999 -9999 -9999 -9999 -9999 -9999 -9999 -9999 -9999 -9999 -9999 -9999 -9999 -9999 -9999 -9999 -9999 -9999 -9999 -9999 -9999 -9999 -9999 -9999 -9999 -9999 -9999 -9999 91 173 115 52 82 134 100 77 97 183 320 201 209 285 298 460 957 1347 514 526 340 455 1447 941 1137 1107 1195 1465 1758 2462 4287 2271 2948 4774 3153 1477 1669 2492 1974 937
-9999 -9999 -9999 -9999 -9999 -9999 -9999 -9999 -9999 -9999 -9999 -9999 -9999 -9999 -9999 -9999 -9999 -9999 -9999 -9999 -9999 -9999 -9999 -9999 -9999 -9999 -9999 -9999 -9999 -9999 -9999 -9999 -9999 -9999 -9999 -9999 -9999 -9999 -9999 -9999 -9999 101 141 151 97 118 203 190 106 109 205 339 227 255 333 405 543 713 670 790 596 534 779 2125 1355 1169 1352 1617 2653 4419 3397 3634 2287 1377 4978 5511 2413 2498 1333 542 359
-9999 -9999 -9999 -9999 -9999 -9999 -9999 -9999 -9999 -9999 -9999 -9999 -9999 -9999 -9999 -9999 -9999 -9999 -9999 -9999 -9999 -9999 -9999 -9999 -9999 -9999 -9999 -9999 -9999 -9999 -9999 -9999 -9999 -9999 -9999 -9999 -9999 -9999 -9999 -9999 -9999 68 75 81 111 99 160 297 207 144 248 458 303 307 417 370 706 712 579 1023 748 624 1169 2486 1468 1356 1826 2236 3090 2847 2342 5370 1552 1439 2881 8623 3540 3138 3426 611 422
-9999 -9999 -9999 -9999 -9999 -9999 -9999 -9999 -9999 -9999 -9999 -9999 -9999 -9999 -9999 -9999 -9999 -9999 -9999 -9999 -9999 -9999 -9999 -9999 -9999 -9999 -9999 -9999 -9999 -9999 -9999 -9999 -9999 -9999 -9999 -9999 -9999 -9999 -9999 -9999 -9999 59 80 87 120 115 134 183 234 224 277 508 570 461 538 621 815 540 660 1075 802 841 1796 3247 2394 3153 3453 4382 7486 4535 5480 10076 3041 1304 2329 4384 5869 5380 3236 1825 556
-9999 -9999 -9999 -9999 -9999 -9999 -9999 -9999 -9999 -9999 -9999 -9999 -9999 -9999 -9999 -9999 -9999 -9999 -9999 -9999 -9999 -9999 -9999 -9999 -9999 -9999 -9999 -9999 -9999 -9999 -9999 -9999 -9999 -9999 -9999 -9999 -9999 -9999 -9999 -9999 -9999 52 85 107 96 75 105 131 155 201 272 653 1279 1475 1329 1295 1393 386 448 794 1243 1464 3996 7715 3455 2545 1761 1952 2395 2413 4046 14157 11262 3401 4177 3769 10428 8308 5558 4206 2555
-9999 -9999 -9999 -9999 -9999 -9999 -9999 -9999 -9999 -9999 -9999 -9999 -9999 -9999 -9999 -9999 -9999 -9999 -9999 -9999 -9999 -9999 -9999 -9999 -9999 -9999 -9999 -9999 -9999 -9999 -9999 -9999 -9999 -9999 -9999 -9999 -9999 -9999 -9999 -9999 -9999 58 100 134 109 111 109 105 132 215 197 347 1008 4337 3262 4286 10312 5802 2158 636 1564 3029 18807 22684 2853 1259 1229 1505 1266 1716 2730 2599 3410 17901 20001 25053 13071 6372 3278 3047 -9999
-9999 -9999 -9999 -9999 -9999 -9999 -9999 -9999 -9999 -9999 -9999 -9999 -9999 -9999 -9999 -9999 -9999 -9999 -9999 -9999 -9999 -9999 -9999 -9999 -9999 -9999 -9999 -9999 -9999 -9999 -9999 -9999 -9999 -9999 -9999 -9999 -9999 -9999 -9999 -9999 -9999 73 169 160 169 148 138 95 129 254 385 960 1220 1222 932 1183 4288 5666 5631 3305 1893 2942 2362 2925 856 365 262 687 712 875 1302 1108 1504 8250 44760 26715 6063 2843 -9999 -9999 -9999
