data/moz/moz_beta.asc
ncols	234
nrows	368
xllcorner	195196.26821073
yllcorner	7004178.4200866
cellsize	5000
NODATA_value	-9999
[rows 108 to 134 of 368, columns 0 to 60 of 234]
-9999.0 -9999.0 -9999.0 -9999.0 2675783645.6371546 3052340153.955461 3043141054.2088337 0.0 0.0 0.0 0.0 0.0 0.0 0.0 0.0 0.5055243952562274 0.5179149902395748 0.5213673489976957 0.6359647814257157 0.9443603446234692 0.9546286892561492 0.9246638765021975 0.0 0.9340630571653602 0.9404404802721451 0.9390723315860772 0.6382215248191729 0.0 0.0 0.0 0.0 0.0 0.0 0.0 0.0 0.0 0.0 0.0 0.0 0.0 0.0 0.0 0.0 0.0 0.0 0.4906260825526032 0.49936251691261296 0.4859296938520821 0.0 0.0 703212515.3065847 0.0 0.0 0.0 0.0 0.0 0.0 0.0 0.0 0.0 3079732333.595955
-9999.0 -9999.0 -9999.0 -9999.0 47398773.01246459 2934021009.875657 3005704667.7972693 3023682210.7089114 0.0 0.0 3142877796.963621 3114690891.6957374 3107383531.294295 0.0 0.0 0.0 0.46756603937144586 0.5582685838433792 0.5816276207842379 0.5662500566501872 0.5871578369216505 0.6369117455743228 0.9260582983420791 0.9285077767388782 0.5923191678385908 0.6263134789529547 0.6319106133662081 0.5082608975378119 0.0 0.0 0.0 0.0 0.0 0.0 0.0 0.0 0.0 0.0 0.0 0.0 0.0 0.0 0.4992398173702505 0.48883578950286904 0.0 0.4813853715326481 0.47622580825134836 0.0 912544433.5810181 2945747802.116623 1179750766.2058327 0.0 0.0 0.0 878425858.5641605 838319126.7406065 952765934.4435956 1169002504.3357913 3063858291.3526144 0.08811832264636892 0.10073158556668207
-9999.0 -9999.0 -9999.0 -9999.0 0.4119547871926352 0.06889303340029518 2954446519.3180847 3018354110.8275905 0.0 3089768409.0403647 3084209863.129343 3151210669.979266 0.0 0.0 0.0 0.46955265257296647 0.47654178334346253 0.52516422604329 0.5560709664678272 0.5915772674565388 0.6318329641974684 0.6114666485921969 0.9214003118635917 0.6142211413943537 0.6067118417640031 0.6246393397077075 0.6289075983033781 0.5222403882411703 0.6084864872597379 0.0 0.0 0.0 0.0 0.0 0.0 0.0 0.0 0.0 0.0 0.0 0.0 0.0 0.0 0.0 0.47749305298014566 0.4770677630314354 0.0 1272476470.123385 0.0 3004615158.2366347 1321547101.0193443 0.0 933467805.8589522 384237296.61690927 0.0 585682648.876791 966318877.5221288 0.0 0.0 3027765133.782649 0.08919508243555796
-9999.0 -9999.0 -9999.0 -9999.0 0.0 2838398163.082713 2995000917.471479 0.0 2999785713.9510746 3047564554.569483 0.0 0.0 0.0 0.0 0.0 0.45080693446476455 0.5527224433616239 0.8635727949383984 0.867661068791959 0.5253554278710058 0.544854378189186 0.5466194217824837 0.5840024563292132 0.6048209751934736 0.611243647452273 0.6259156745618911 0.6237344019919334 0.6205212794263688 0.6296030377292517 0.49587893481772866 0.0 0.0 0.0 0.0 0.0 0.0 0.0 0.0 0.0 0.0 0.0 0.0 1470949404.6614873 0.4576543250623297 0.42482738688249533 0.4277231973446642 32942805.08084695 1995817765.9131343 1538397188.259578 2820653652.547605 2862069038.4795575 1887994012.2256925 0.0 1381797991.0084639 1643843094.212485 3045594040.5382886 0.0 0.0 0.0 0.0 0.08551655468918289
-9999.0 -9999.0 -9999.0 -9999.0 3280531465.323738 2868815464.2624216 2881446074.6019464 2885057088.3999233 2941189075.2153845 3007148425.1385827 0.0 805353367.3729523 0.0 0.0 0.4727855043447373 0.47647418132897074 0.5048611923489847 0.5500777518199045 0.5663602409732953 0.5473130072000036 0.47315007240721224 0.5750559860184277 0.5931074342772125 0.4575290184325122 0.4580016818956201 0.47843398417218036 0.4654174285201759 0.47127361153079217 0.5821640905425125 0.6350646121274915 0.5147204846642865 0.0 0.0 0.0 0.0 0.0 0.0 0.0 0.0 0.0 0.0 1667997471.6044552 0.4378214300283608 0.0 0.0 0.0 0.0 1923003004.4671679 2009847778.3397794 1874719658.5848691 2000323086.9853556 1866841107.5597656 1962918807.2527843 2851373874.542147 2871751846.0108542 0.06848486255753439 0.0693895969022668 1452091829.7600746 1543974891.1063287 0.0 3014009968.249342
-9999.0 -9999.0 -9999.0 -9999.0 3322007686.979343 211640235.23132473 0.05720953401082903 2866522325.5613513 2925842939.0456696 2832965887.95275 1908656573.0470598 1520338640.7567751 1759811931.9740086 18698680.996167764 0.42328944264916474 0.41873014784341395 0.5223338500409831 0.5731965323501456 0.4754832480868922 0.48009314904141603 0.4737029243199739 0.0 0.0 0.0 0.44683106250082066 0.4288262907596192 0.4150303233545659 0.4527137197339224 0.48710105277879917 0.4561747438722129 0.4426392259561986 1429111323.698162 0.0 0.0 0.0 0.0 4768712.696021123 1684782369.103695 1250571076.9362826 3103224936.0943427 1585980192.7802818 1490184001.1461241 0.0 -9999.0 -9999.0 -9999.0 -9999.0 -9999.0 0.06574404147040012 2806857264.406747 2916735774.178811 2847127045.321293 2901176265.6348586 0.06922812457912672 106307702.58486256 207978392.61472347 151612332.06212488 0.07107849625794312 2910900226.016247 1379129371.2645702 1406173739.1955876
-9999.0 -9999.0 -9999.0 -9999.0 -9999.0 451920916.1674165 330835992.5060672 0.05832651547894504 0.05928274297220996 2236795811.847646 0.0 42147973.48191559 0.0 0.4558784020221257 0.7891700863826974 0.47850791319825925 0.3964318379252579 0.4221545212388092 0.45977964730539833 0.0 986234188.4873502 1023330950.3767791 1143892562.3427682 1845793856.15731 31890529.277018175 0.0 0.0 0.0 0.8383878862267315 0.0 0.0 0.0 0.0 0.0 0.4575393348731046 0.5063194743449666 0.0 0.0 840737216.2292948 1562183011.6011276 1531579924.8823676 0.43454843152835454 0.41814698020871544 0.47453736406974933 0.0 -9999.0 -9999.0 -9999.0 2828073774.741703 0.05602459165225128 0.05774116490902358 0.07343596745549474 0.06721631908600413 0.05849849585178416 115693670.17760488 250978551.21164274 232852872.8723991 98765085.28413786 0.07059188809060737 2959028609.4419913 2981203498.465434
-9999.0 -9999.0 -9999.0 -9999.0 -9999.0 0.018859455180139657 296018843.3640095 72192586.86225155 0.06412165607825686 0.06280429273217798 0.055236617748279045 2755210724.009845 2529764108.077799 2528072032.7296796 0.4222313929174963 0.0 0.0 0.0 0.39907810889486234 38016133.63168321 2135507401.7325113 2259236877.72125 2254217282.2578797 0.4045891784732644 0.4771190228220473 18521584.343235362 0.0 -9999.0 0.0 0.43564050154005296 0.43513005065836885 0.5375440717287244 0.0 -9999.0 -9999.0 -9999.0 -9999.0 -9999.0 -9999.0 -9999.0 -9999.0 -9999.0 0.0 0.4916506201280806 0.4872714717193952 0.0 0.0 2050274885.7745764 111818142.93478641 77738229.28584208 82333747.80743161 94775719.40850307 92349482.13900755 93690643.42563024 106789684.82091007 84684657.68812305 265838750.460737 97522965.13385527 0.07517139516425086 0.07676095078723007 3025942407.7904572
-9999.0 -9999.0 -9999.0 -9999.0 -9999.0 2180667428.9075265 95472180.52497058 0.06064598987232893 0.07221489920932603 0.07665652846787224 0.06813658915085356 2923010686.088664 2922097230.5394754 1355945168.3442848 1714396679.6956365 2131758272.335344 2046686381.2720225 0.3719732023416286 0.0 0.0 0.46199991012032093 0.0 0.7860149025236047 2849391028.892971 2794960896.113468 2818670470.6240487 2221484631.9464827 2887232518.566595 2804559959.145366 2836905710.517666 0.06150850368853183 21948461.161653534 0.4359732734703828 -9999.0 0.82981577185164 0.4264406549558228 0.4256264160265259 0.4150088218969194 0.0 -9999.0 -9999.0 -9999.0 -9999.0 0.407220165874533 2216624148.699816 2244943319.986151 2756381401.1854973 0.056019393209303714 74888403.26666123 0.0783331683594899 0.08138812799610509 72339656.00786093 59915192.39749952 70896087.23889534 258676565.888643 269266126.6680196 304575728.3895932 104590705.04866606 100730471.23271188 0.0714778437809854 0.06890216349129845
-9999.0 -9999.0 -9999.0 -9999.0 -9999.0 5009593872.832118 0.07080602152814211 0.07035122119909001 0.06729325366230314 2870779645.8686824 2961274579.170051 2964375367.8631926 1566435752.290515 1397511989.8419993 1618466683.9546838 1763602574.40534 1793330483.3313422 33525019.158783343 0.36661225740659653 0.41673444876311333 2504105517.76565 2463169793.817945 2387148245.7075276 0.4104836257546236 0.057440077451660104 0.06630369064995621 2990762432.4287605 3042928598.0987897 0.08379739921630233 0.09064781334024899 0.07286096271497068 2859771816.806246 3016714612.303689 2929056903.693936 0.07061131887433889 3034662445.9673014 0.0 0.0 1831229947.4594798 32642204.669045012 1998120366.9241855 2134427614.3332858 2061784592.8996956 2877283338.372809 3019258102.6008673 0.07371272324087405 0.07163665110256373 0.07148851608914772 0.07301614519168281 0.07814918429330286 0.08169235199928258 0.07540191372959991 0.08186812705688101 0.08082410447224743 63376229.3756993 227936230.91831338 287877054.19908327 76005045.0205332 92255075.33349149 100521720.34221652 0.07775616436073733
-9999.0 -9999.0 -9999.0 -9999.0 -9999.0 4907612277.770729 0.06206875662027142 2849595438.554362 2914945370.3843374 2839329150.051884 2859182404.5198426 2838489414.783727 1818332807.1246135 1884391236.2902133 1642715747.6021228 1766005443.17424 1589359068.263791 1361443474.062072 1592138015.243989 1918356334.4306126 2556831342.336112 0.0 0.39350349612487767 2809709696.7236705 2771082177.327897 2929456768.8372703 2969569662.0279293 3007789669.26585 2972946274.0910234 0.08078236326379237 0.08177985190701738 3002282975.0059147 3064771633.3770137 0.07647821199636283 74385434.32921828 0.07449697093037308 2990235073.894768 964498366.5256958 0.0 0.0 0.0 3020642026.178957 0.060056302380433246 0.06896608891487187 0.08089139414687455 2997025783.9222627 2982844344.385253 2951860797.340536 2936856276.9143186 2885791492.7277117 3000421580.4036555 3005346979.7498026 2975160748.748313 0.0840883610337055 0.07366069363581675 0.07755106370492229 0.07273748939616599 0.07413376079735141 0.0707724631780892 0.06741020823322595 0.07391494784778987
-9999.0 -9999.0 -9999.0 -9999.0 -9999.0 5058373184.729781 0.06193710175877159 2840595239.759507 2816420285.323197 2845121934.1991243 2817358620.719972 1853265550.691449 2004057456.1200287 2131292358.0718775 1927496010.7111685 1699290363.699578 1627934243.408786 1760144228.1695855 1687816453.951498 1678663858.026178 2064553012.5844958 0.374532097704114 2748066864.3018436 2769612659.4554105 2852790073.4247985 2974053970.5717797 3012299234.0117073 3025308942.1161404 2976347110.701576 0.07446720057364431 0.07529163748347799 2963059128.897418 3027936585.1660113 0.08224578367259494 0.08176196191825609 2986435539.1262655 2965653561.0685744 1170915807.399247 2904524837.6669836 2910919143.9734473 2931183179.3895993 0.0681337198201567 85966295.80193321 2981087221.248003 2956470428.73676 2904744444.6196856 2897724661.299389 2960148771.4651794 1723146968.7982805 3000575159.7635045 3015129927.635254 3015126284.4631944 3075891168.561183 3024432973.4332056 3088372343.7417655 3041448646.960138 2965767547.742826 2902975309.139251 0.07348046016436453 0.07509921043016812 81092714.02084221
-9999.0 -9999.0 -9999.0 -9999.0 -9999.0 5260863864.383461 0.06385085045101314 2806852637.5973506 2803800967.111779 2853269024.409014 2090259809.2100277 2337711526.2135563 2000996987.305355 1878181327.2037416 2184455096.5664353 2060322999.6820743 1422067730.9037445 1704628486.213105 1889615037.3612466 2045360560.0309753 2628743045.4150605 2519585650.3562484 2821308704.893353 2878045464.4143033 2949342158.967123 1228345240.5188847 1500906941.8036072 2961441101.9716787 2976279418.3080854 0.07061266417177785 0.06701565166154481 0.07047602609655354 2908915525.152424 0.07179825646981867 2912794139.4264755 2870635796.929552 1756462876.7055728 1666734472.0177195 1436730800.9440203 1790865865.8939304 2901753489.039326 2930067385.901958 2943244831.5687423 1517376259.2964804 1864431914.0363984 1670390413.4268663 0.0 0.0 394718111.8198519 932185652.0036966 0.0 0.0 0.0 3053215656.4253283 3081623463.3160357 3051454823.0201006 2990127698.963156 2943232685.195397 2922894204.3023553 0.0723602896128731 0.07130219399146737
-9999.0 -9999.0 -9999.0 -9999.0 -9999.0 5268979392.832479 0.06397891985043799 0.0559652632616321 2819918310.0445733 2839617991.6867685 1824879576.7435799 1981074850.9209526 2426290769.396096 2402674041.299433 2247724582.7757535 2397667658.9000463 2163341363.597388 1842783448.4600003 2852614650.2896824 2778747443.862241 2721053521.2582774 0.052819786741897114 2823819888.7631264 2826520523.598113 2851255854.6127415 1357738811.8372612 1731565955.532721 2879592726.0123534 2876311475.9710946 0.06618201834343215 0.06723676550258285 0.06548549474595175 0.06200013570666652 2919755315.1080313 2866638174.0104485 1199330427.2776685 0.0 1060673919.6606866 1536871222.807343 1841015724.5250125 1665257515.5576873 2938854638.773042 1453355204.823903 0.4376139906137973 0.4347551531142582 0.4380250738184231 0.4534045213559401 14009699.759748822 1712637584.791791 1213265425.6312256 605965966.2835158 0.0 540615360.1417223 0.0 0.0 0.0 503892853.0738457 1131561327.5682888 1642164942.386496 2983919031.617589 3022484632.5016513
-9999.0 -9999.0 -9999.0 -9999.0 -9999.0 0.20020375393370324 2808917502.9201503 2760058617.793966 2787824229.5436664 2179831824.358422 2263692691.849111 1847851271.917098 1932798828.4760575 1851713661.6103072 5422285542.0957985 125949234.91700067 5523541190.262289 2805954844.4567842 0.05418158784882354 0.015140579994396046 2065645628.6344788 2072269102.262245 0.014391206777099578 2067190207.9730318 2073127968.670476 2785747524.640283 2090750811.8787143 1893992074.701432 2838327440.6578236 2846078066.839642 0.06591086844675235 0.06666357626948725 0.06128229163138228 0.06982019581576715 2864663957.067916 2818133933.546765 1964690972.2493267 1955565081.9582653 2220045819.2943287 2172833615.2631183 1491076238.9380982 1985366480.5680175 0.0 0.8473502738437997 0.8211747856206785 0.8186663876329607 0.0 0.0 0.8359763071148911 0.8422526341946392 0.8496809621301227 0.5447001345991243 0.46055380027220816 0.0 0.0 948215273.9255368 0.0 361035323.927833 1799775416.5921464 1122078341.6337347 2979478160.0271316
-9999.0 -9999.0 -9999.0 -9999.0 -9999.0 -9999.0 -9999.0 -9999.0 -9999.0 -9999.0 -9999.0 -9999.0 -9999.0 -9999.0 -9999.0 -9999.0 -9999.0 2097804209.1653218 2052824158.434511 -9999.0 -9999.0 -9999.0 -9999.0 -9999.0 123754921.15041468 2778653200.220475 2815449291.134508 2894711535.5346885 2842213759.6390004 2858187691.1154823 2857248466.973813 2874339409.364716 0.061626849141856316 0.06309369471934402 2886327704.675258 2849793019.090957 2814578139.981079 1697115315.546807 1873336957.4010315 2308422171.955589 2356983824.0007787 0.40877873367972223 0.7808098101067805 0.0 0.0 0.0 0.0 0.0 0.0 0.0 0.0 0.8557392816391683 0.5430203513737277 0.4629782018512915 0.46361218845587254 0.5592364304221357 0.43513042945088737 0.0 1808125899.7441165 1767549477.694949 1520972213.125888
-9999.0 -9999.0 -9999.0 -9999.0 -9999.0 -9999.0 -9999.0 -9999.0 -9999.0 -9999.0 -9999.0 -9999.0 -9999.0 -9999.0 -9999.0 -9999.0 -9999.0 -9999.0 -9999.0 -9999.0 -9999.0 -9999.0 -9999.0 -9999.0 -9999.0 5609742401.845022 2726928277.9322186 2800918056.0011578 2792284448.9444327 2797416505.048575 2803596694.727246 0.06429486462251487 0.06271000146089363 0.057372857135581136 0.05625796123434885 2789990482.403661 2781879843.385783 2062333921.1618443 1723884403.8073285 0.4227250263707541 0.0 0.0 0.0 0.0 0.0 0.0 0.0 0.0 0.0 0.0 0.0 0.0 0.0 0.8209948620584319 0.8567245758455208 0.8362465969375293 0.8327724087115339 0.8414663152939502 0.0 2007355642.7245495 1772122031.860841
-9999.0 -9999.0 -9999.0 -9999.0 -9999.0 -9999.0 -9999.0 -9999.0 -9999.0 -9999.0 -9999.0 -9999.0 -9999.0 -9999.0 -9999.0 -9999.0 -9999.0 -9999.0 -9999.0 -9999.0 -9999.0 -9999.0 -9999.0 -9999.0 -9999.0 -9999.0 0.17689385413626027 2715443469.9906983 0.04993620319568066 0.056033073651164805 0.058775830618878706 0.053335227990181346 123679543.01484874 121780937.81967221 116075007.8071083 0.06215350030963906 0.06195098133613197 2807606673.806083 42036295.3150562 0.7625166387392927 0.0 0.0 0.0 0.0 0.0 0.0 0.0 0.0 0.0 0.0 0.0 0.0 0.0 0.0 0.0 0.0 0.0 0.0 22273599.57757222 29341260.083677046 1851422010.8604727
-9999.0 -9999.0 -9999.0 -9999.0 -9999.0 -9999.0 -9999.0 -9999.0 -9999.0 -9999.0 -9999.0 -9999.0 -9999.0 -9999.0 -9999.0 -9999.0 -9999.0 -9999.0 -9999.0 -9999.0 -9999.0 -9999.0 -9999.0 -9999.0 -9999.0 -9999.0 -9999.0 -9999.0 5791955385.038395 0.013608557705774012 559408787.861788 141500743.2145344 434810039.9613826 424180040.97437257 139122339.28576475 0.05134379936335636 0.05389683282672951 0.053988917435222994 2392446651.6132545 2177712055.8609786 0.4358572723629366 0.7801152625732672 0.0 0.0 0.0 0.0 0.0 0.0 0.0 0.0 0.0 0.0 0.0 0.0 0.0 0.0 0.0 0.0 30451351.510413457 2074201933.8634555 2090059607.7463694
-9999.0 -9999.0 -9999.0 -9999.0 -9999.0 -9999.0 -9999.0 -9999.0 -9999.0 -9999.0 -9999.0 -9999.0 -9999.0 -9999.0 -9999.0 -9999.0 -9999.0 -9999.0 -9999.0 -9999.0 -9999.0 -9999.0 -9999.0 -9999.0 -9999.0 -9999.0 -9999.0 -9999.0 -9999.0 -9999.0 -9999.0 -9999.0 -9999.0 0.013659546710894026 147279980.61306235 155817093.6623516 140877194.86151567 0.04849482472341479 0.05396464096170562 2791352262.649332 0.38616056585585634 0.4483323529607698 0.7643533845855519 0.0 0.0 0.0 0.0 0.0 0.0 0.0 0.0 0.0 0.0 0.0 0.0 0.0 0.0 0.0 1777867029.802813 1792238688.6573951 1773941240.1465034
-9999.0 -9999.0 -9999.0 -9999.0 -9999.0 -9999.0 -9999.0 -9999.0 -9999.0 -9999.0 -9999.0 -9999.0 -9999.0 -9999.0 -9999.0 -9999.0 -9999.0 -9999.0 -9999.0 -9999.0 -9999.0 -9999.0 -9999.0 -9999.0 -9999.0 -9999.0 -9999.0 -9999.0 -9999.0 -9999.0 -9999.0 -9999.0 -9999.0 -9999.0 -9999.0 156042904.1835868 162505675.78062078 146419469.8294241 0.05325930125924367 0.05061179015609645 0.38317052138094004 0.38274512262089144 0.4375271356554058 0.7439189076528466 0.0 0.0 0.0 0.0 0.0 0.0 0.0 0.0 0.0 0.0 0.0 0.0 0.0 0.8213757702969782 0.39935967701670616 1707324535.2540324 1852997210.098566
-9999.0 -9999.0 -9999.0 -9999.0 -9999.0 -9999.0 -9999.0 -9999.0 -9999.0 -9999.0 -9999.0 -9999.0 -9999.0 -9999.0 -9999.0 -9999.0 -9999.0 -9999.0 -9999.0 -9999.0 -9999.0 -9999.0 -9999.0 -9999.0 -9999.0 -9999.0 -9999.0 -9999.0 -9999.0 -9999.0 -9999.0 -9999.0 -9999.0 -9999.0 -9999.0 6101202272.624873 0.04476705546371166 187390755.477321 151841200.9112398 0.05079260891752577 2751200415.1604815 50765703.541264765 0.3865188862654873 0.44059250023660135 0.0 0.0 0.0 0.0 0.0 0.0 0.0 0.0 0.0 0.0 0.0 0.0 0.0 0.47538474054510427 2062614265.3731842 2122515073.276911 1941539296.080108
-9999.0 -9999.0 -9999.0 -9999.0 -9999.0 -9999.0 -9999.0 -9999.0 -9999.0 -9999.0 -9999.0 -9999.0 -9999.0 -9999.0 -9999.0 -9999.0 -9999.0 -9999.0 -9999.0 -9999.0 -9999.0 -9999.0 -9999.0 -9999.0 -9999.0 -9999.0 -9999.0 -9999.0 -9999.0 -9999.0 -9999.0 -9999.0 -9999.0 -9999.0 -9999.0 -9999.0 -9999.0 0.011727030568469615 186670818.75936052 0.04473353974298427 0.048215929234292826 2623701902.3891525 2635876458.1773367 2540970710.716498 0.4227114484420869 0.750447405835805 0.76071455860903 0.750158943880851 0.7415332739426191 0.7569952324252078 0.7690171370737842 0.0 0.0 0.0 0.0 0.0 0.4024779635056944 2188447443.4103727 1764236774.7851233 2144907194.59106 1682325588.5771272
-9999.0 -9999.0 -9999.0 -9999.0 -9999.0 -9999.0 -9999.0 -9999.0 -9999.0 -9999.0 -9999.0 -9999.0 -9999.0 -9999.0 -9999.0 -9999.0 -9999.0 -9999.0 -9999.0 -9999.0 -9999.0 -9999.0 -9999.0 -9999.0 -9999.0 -9999.0 -9999.0 -9999.0 -9999.0 -9999.0 -9999.0 -9999.0 -9999.0 -9999.0 -9999.0 -9999.0 -9999.0 1922167045.16638 0.04490339753869021 2637041516.7591033 2896312872.3614163 2974717475.5081515 2604030645.323262 6152982894.739287 0.16770532140646538 0.13095931429721486 0.392537689842577 0.3937814712005988 0.3566175129251232 0.3606690359809043 0.777553539150832 0.7876079404828095 0.0 0.0 0.0 0.3916787898073849 1876250442.2973094 2021996078.685044 1900538414.731443 1776622342.609179 1788206022.225249
-9999.0 -9999.0 -9999.0 -9999.0 -9999.0 -9999.0 -9999.0 -9999.0 -9999.0 -9999.0 -9999.0 -9999.0 -9999.0 -9999.0 -9999.0 -9999.0 -9999.0 -9999.0 -9999.0 -9999.0 -9999.0 -9999.0 -9999.0 -9999.0 -9999.0 -9999.0 -9999.0 -9999.0 -9999.0 -9999.0 -9999.0 -9999.0 -9999.0 -9999.0 -9999.0 -9999.0 -9999.0 -9999.0 -9999.0 0.0 0.4137065442080822 0.38447703718171056 0.39155230043241535 0.4222233913408768 0.0 0.0 0.0 0.41566139328851587 0.17908346358930716 0.36535050756257587 0.46127950653671956 0.7639195014182442 0.0 0.0 0.0 26134745.78261916 2076776000.480373 1676669917.5603635 1853913179.4825387 1831567338.596288 1692548889.0481575
-9999.0 -9999.0 -9999.0 -9999.0 -9999.0 -9999.0 -9999.0 -9999.0 -9999.0 -9999.0 -9999.0 -9999.0 -9999.0 -9999.0 -9999.0 -9999.0 -9999.0 -9999.0 -9999.0 -9999.0 -9999.0 -9999.0 -9999.0 -9999.0 -9999.0 -9999.0 -9999.0 -9999.0 -9999.0 -9999.0 -9999.0 -9999.0 -9999.0 -9999.0 -9999.0 -9999.0 -9999.0 -9999.0 -9999.0 -9999.0 -9999.0 -9999.0 -9999.0 -9999.0 -9999.0 -9999.0 -9999.0 -9999.0 0.0 0.0 0.4621956326946643 0.7652738323364883 0.7748942115670359 0.804430810146144 0.8248902276749065 1834372188.3765724 2117180592.9885626 1881178301.9141767 1699839372.9635222 0.0 0.0
-9999.0 -9999.0 -9999.0 -9999.0 -9999.0 -9999.0 -9999.0 -9999.0 -9999.0 -9999.0 -9999.0 -9999.0 -9999.0 -9999.0 -9999.0 -9999.0 -9999.0 -9999.0 -9999.0 -9999.0 -9999.0 -9999.0 -9999.0 -9999.0 -9999.0 -9999.0 -9999.0 -9999.0 -9999.0 -9999.0 -9999.0 -9999.0 -9999.0 -9999.0 -9999.0 -9999.0 -9999.0 -9999.0 -9999.0 -9999.0 -9999.0 -9999.0 -9999.0 -9999.0 -9999.0 -9999.0 -9999.0 -9999.0 -9999.0 -9999.0 -9999.0 0.0 0.44282273313186865 0.39256159164628646 0.47540410968840713 1217681556.9219925 964287702.7849354 1310915658.0303085 420410321.32096773 0.0 1118674242.5417497
