data/moz/moz_initialpopulation.asc
ncols         234
nrows         368
xllcorner     195196.26821073
yllcorner     7004178.4200866
cellsize      5000
NODATA_value  -9999
[rows 108 to 143 of 368, columns 0 to 80 of 234]
-9999 -9999 -9999 -9999 97 291 194 152 122 110 132 108 162 116 79 48 47 36 31 26 26 23 18 22 26 26 32 79 70 67 69 60 65 71 73 72 71 67 56 86 123 55 64 68 59 43 44 46 57 68 95 74 81 64 71 80 98 120 155 169 300 491 457 658 575 932 303 201 137 140 175 273 250 253 298 192 143 97 115 186 315
-9999 -9999 -9999 -9999 62 278 338 208 141 139 217 226 180 104 76 53 45 34 31 29 30 28 26 27 29 29 30 34 64 74 73 68 72 70 66 67 62 64 64 77 103 72 45 47 53 45 47 51 122 181 155 114 83 80 93 78 149 154 182 345 468 694 527 531 537 887 484 235 141 148 180 248 274 202 424 234 163 87 104 206 298
-9999 -9999 -9999 -9999 34 377 280 220 157 170 244 218 131 89 60 48 36 28 28 29 30 30 27 30 32 30 31 34 34 65 66 64 63 55 64 67 64 65 61 75 97 101 52 52 50 49 55 70 129 179 160 144 106 112 114 90 115 122 93 214 343 518 487 568 579 442 512 253 152 150 190 211 180 186 294 225 140 99 120 137 191
-9999 -9999 -9999 -9999 9 320 248 164 179 229 162 139 112 71 53 40 30 26 25 29 30 33 30 29 33 33 32 32 34 47 67 64 64 58 58 61 70 71 67 81 95 111 89 44 44 45 52 74 152 185 204 158 130 141 134 171 142 109 90 99 427 318 468 513 493 423 375 290 190 161 191 156 143 143 202 217 160 194 196 159 348
-9999 -9999 -9999 -9999 167 337 276 171 284 300 148 116 97 66 47 36 30 28 30 34 36 33 33 38 43 37 40 36 34 33 43 73 61 62 59 66 68 76 97 141 154 144 42 15 12 14 17 76 87 106 144 91 152 219 306 549 415 162 103 96 194 282 429 418 402 394 274 259 277 165 150 119 100 106 158 230 189 197 244 339 728
-9999 -9999 -9999 -9999 110 836 487 293 295 276 121 74 83 52 41 40 33 31 35 37 45 59 64 53 49 45 47 42 36 36 38 76 70 68 72 68 60 72 145 179 121 72 1 -9999 -9999 -9999 -9999 -9999 378 198 278 263 320 501 1272 7648 3900 673 280 154 165 345 368 398 417 438 417 326 328 175 143 106 88 114 166 250 249 255 252 787 1147
-9999 -9999 -9999 -9999 -9999 1008 1879 508 379 156 13 54 19 28 22 34 38 38 40 52 81 78 76 71 68 16 9 19 22 15 8 60 58 57 40 29 16 10 95 96 84 37 36 29 9 -9999 -9999 -9999 181 516 436 429 526 633 1059 4483 4683 935 376 270 217 352 491 505 523 501 526 456 391 258 175 108 95 116 173 282 301 296 868 965 907
-9999 -9999 -9999 -9999 -9999 434 2006 686 396 415 357 289 161 93 34 5 17 18 34 55 87 90 78 43 32 57 15 -9999 5 39 37 28 4 -9999 -9999 -9999 -9999 -9999 -9999 -9999 -9999 -9999 4 28 28 8 5 87 903 728 861 1059 747 798 720 1320 1582 791 442 370 300 284 475 543 617 851 658 474 352 355 268 146 116 108 158 303 249 477 1212 1170 915
-9999 -9999 -9999 -9999 -9999 186 846 660 425 372 339 292 229 126 97 74 78 38 10 8 28 6 27 196 244 188 146 324 292 316 394 55 38 -9999 22 45 51 36 6 -9999 -9999 -9999 -9999 51 147 124 204 440 721 636 666 930 850 1316 1788 5980 4627 884 799 524 354 311 432 669 596 1151 819 549 320 522 649 225 129 92 133 169 233 1212 1152 952 886
-9999 -9999 -9999 -9999 -9999 148 532 544 367 316 274 231 168 110 99 86 78 66 47 29 124 139 74 45 395 379 273 333 368 432 400 276 268 293 347 206 127 96 70 65 94 122 88 238 284 398 586 375 552 414 463 437 468 545 793 2277 2398 802 1131 897 341 318 369 379 684 868 704 488 453 572 795 272 173 168 130 114 148 1152 891 676 888
-9999 -9999 -9999 -9999 -9999 110 380 309 244 247 219 184 118 95 86 83 82 80 90 110 108 1 42 255 313 277 231 217 307 359 411 299 253 575 1197 427 235 147 127 118 165 298 416 371 343 292 276 281 287 279 289 282 297 358 434 552 530 523 602 625 552 452 401 394 470 381 484 488 542 655 764 508 251 169 94 94 112 513 887 875 1184
-9999 -9999 -9999 -9999 -9999 76 339 282 234 256 216 139 95 87 84 83 86 102 123 137 131 49 207 242 257 248 207 193 201 350 449 301 278 431 406 289 196 153 194 211 326 406 847 273 212 190 198 211 169 191 177 196 208 222 260 291 286 300 385 514 969 1388 623 396 313 242 461 690 722 930 356 432 259 160 90 89 120 320 798 999 879
-9999 -9999 -9999 -9999 -9999 74 343 317 274 248 160 119 93 91 88 87 101 119 140 167 104 118 239 217 198 165 165 186 213 384 488 510 321 368 266 186 126 114 133 156 205 274 253 83 95 133 133 106 105 144 143 147 146 177 215 233 210 209 227 373 565 1115 724 382 320 277 421 504 671 659 281 385 332 150 93 108 142 202 156 211 215
-9999 -9999 -9999 -9999 -9999 72 339 368 266 231 133 117 125 124 109 99 100 127 225 310 271 422 298 236 198 160 144 183 223 411 528 533 438 325 174 157 109 91 93 125 143 171 140 42 36 36 46 53 70 76 78 69 100 135 150 163 143 144 156 222 286 327 448 604 640 377 474 514 568 255 260 251 309 173 137 142 180 221 169 235 229
-9999 -9999 -9999 -9999 -9999 49 283 187 178 157 94 80 77 78 75 65 91 219 363 456 245 253 434 284 293 183 155 165 216 320 440 433 442 435 251 196 151 95 79 96 122 118 61 26 24 22 20 19 22 21 25 33 43 66 68 77 99 119 145 151 177 211 321 572 867 600 466 543 585 473 325 209 314 265 213 200 256 283 202 228 329
-9999 -9999 -9999 -9999 -9999 -9999 -9999 -9999 -9999 -9999 -9999 -9999 -9999 -9999 -9999 -9999 -9999 217 243 -9999 -9999 -9999 -9999 -9999 66 243 200 178 214 235 249 278 375 413 284 236 182 137 97 70 70 40 22 19 15 15 15 16 17 16 17 23 30 34 36 33 35 61 109 119 139 216 421 528 821 789 517 619 547 811 1193 305 330 679 796 289 319 267 297 402 689
-9999 -9999 -9999 -9999 -9999 -9999 -9999 -9999 -9999 -9999 -9999 -9999 -9999 -9999 -9999 -9999 -9999 -9999 -9999 -9999 -9999 -9999 -9999 -9999 -9999 77 282 219 215 245 264 387 661 578 406 299 242 154 85 42 20 14 14 15 13 13 15 15 15 13 15 15 18 21 25 24 23 26 66 73 108 215 295 402 854 1750 776 609 636 933 4087 1195 1102 3619 12009 5072 3233 1182 491 371 272
-9999 -9999 -9999 -9999 -9999 -9999 -9999 -9999 -9999 -9999 -9999 -9999 -9999 -9999 -9999 -9999 -9999 -9999 -9999 -9999 -9999 -9999 -9999 -9999 -9999 -9999 50 284 499 544 531 659 973 1115 781 508 423 297 54 26 18 15 14 13 15 13 14 13 13 13 12 13 13 15 16 16 15 16 57 67 97 151 204 398 662 820 1462 1006 663 651 2344 3428 3103 24347 43977 9090 12055 3132 431 255 233
-9999 -9999 -9999 -9999 -9999 -9999 -9999 -9999 -9999 -9999 -9999 -9999 -9999 -9999 -9999 -9999 -9999 -9999 -9999 -9999 -9999 -9999 -9999 -9999 -9999 -9999 -9999 -9999 89 486 709 1059 2482 2150 959 621 503 371 140 92 30 23 15 14 15 13 12 13 13 13 12 11 11 12 12 13 14 17 68 70 89 128 171 277 460 705 812 1057 799 806 818 1268 7340 55216 12082 3948 1871 1409 579 242 191
-9999 -9999 -9999 -9999 -9999 -9999 -9999 -9999 -9999 -9999 -9999 -9999 -9999 -9999 -9999 -9999 -9999 -9999 -9999 -9999 -9999 -9999 -9999 -9999 -9999 -9999 -9999 -9999 -9999 -9999 -9999 -9999 -9999 386 872 903 684 449 367 320 36 32 21 17 15 12 12 12 12 13 13 12 11 12 13 13 15 17 74 112 112 104 124 193 344 447 539 900 776 1037 1063 978 2320 19340 3999 3937 812 378 295 217 184
-9999 -9999 -9999 -9999 -9999 -9999 -9999 -9999 -9999 -9999 -9999 -9999 -9999 -9999 -9999 -9999 -9999 -9999 -9999 -9999 -9999 -9999 -9999 -9999 -9999 -9999 -9999 -9999 -9999 -9999 -9999 -9999 -9999 -9999 -9999 865 871 711 593 425 51 43 34 22 17 13 15 13 14 13 13 14 12 12 13 14 18 23 45 137 154 129 101 148 254 294 352 436 486 789 1279 1445 1980 1778 2293 1420 659 249 183 192 142
-9999 -9999 -9999 -9999 -9999 -9999 -9999 -9999 -9999 -9999 -9999 -9999 -9999 -9999 -9999 -9999 -9999 -9999 -9999 -9999 -9999 -9999 -9999 -9999 -9999 -9999 -9999 -9999 -9999 -9999 -9999 -9999 -9999 -9999 -9999 121 453 905 987 674 309 61 51 30 18 15 16 20 19 17 18 16 14 12 13 15 18 28 82 153 160 150 101 109 136 190 246 297 350 508 745 1847 1363 928 802 632 339 280 194 163 122
-9999 -9999 -9999 -9999 -9999 -9999 -9999 -9999 -9999 -9999 -9999 -9999 -9999 -9999 -9999 -9999 -9999 -9999 -9999 -9999 -9999 -9999 -9999 -9999 -9999 -9999 -9999 -9999 -9999 -9999 -9999 -9999 -9999 -9999 -9999 -9999 -9999 596 905 608 534 261 97 70 32 21 22 27 27 26 22 19 15 14 15 20 45 82 126 131 125 139 122 128 135 183 281 377 381 762 1636 1121 674 507 421 497 643 220 234 186 108
-9999 -9999 -9999 -9999 -9999 -9999 -9999 -9999 -9999 -9999 -9999 -9999 -9999 -9999 -9999 -9999 -9999 -9999 -9999 -9999 -9999 -9999 -9999 -9999 -9999 -9999 -9999 -9999 -9999 -9999 -9999 -9999 -9999 -9999 -9999 -9999 -9999 310 624 190 99 121 115 78 38 30 29 31 39 34 26 22 18 16 17 34 76 87 115 117 110 96 106 199 170 236 284 413 401 961 696 690 917 644 567 545 624 678 249 121 116
-9999 -9999 -9999 -9999 -9999 -9999 -9999 -9999 -9999 -9999 -9999 -9999 -9999 -9999 -9999 -9999 -9999 -9999 -9999 -9999 -9999 -9999 -9999 -9999 -9999 -9999 -9999 -9999 -9999 -9999 -9999 -9999 -9999 -9999 -9999 -9999 -9999 -9999 -9999 5 19 22 22 17 9 2 11 24 40 41 28 22 19 17 19 53 107 106 73 69 72 86 131 289 280 357 417 450 521 684 509 767 1281 776 722 754 606 604 603 133 122
-9999 -9999 -9999 -9999 -9999 -9999 -9999 -9999 -9999 -9999 -9999 -9999 -9999 -9999 -9999 -9999 -9999 -9999 -9999 -9999 -9999 -9999 -9999 -9999 -9999 -9999 -9999 -9999 -9999 -9999 -9999 -9999 -9999 -9999 -9999 -9999 -9999 -9999 -9999 -9999 -9999 -9999 -9999 -9999 -9999 -9999 -9999 -9999 3 11 19 27 21 22 22 75 106 90 83 68 74 99 133 210 257 322 365 421 867 1301 604 808 919 623 476 538 339 316 347 270 109
-9999 -9999 -9999 -9999 -9999 -9999 -9999 -9999 -9999 -9999 -9999 -9999 -9999 -9999 -9999 -9999 -9999 -9999 -9999 -9999 -9999 -9999 -9999 -9999 -9999 -9999 -9999 -9999 -9999 -9999 -9999 -9999 -9999 -9999 -9999 -9999 -9999 -9999 -9999 -9999 -9999 -9999 -9999 -9999 -9999 -9999 -9999 -9999 -9999 -9999 -9999 6 24 38 30 72 89 99 89 84 84 112 130 141 224 236 259 334 842 1576 639 621 684 629 481 305 297 337 352 295 198
-9999 -9999 -9999 -9999 -9999 -9999 -9999 -9999 -9999 -9999 -9999 -9999 -9999 -9999 -9999 -9999 -9999 -9999 -9999 -9999 -9999 -9999 -9999 -9999 -9999 -9999 -9999 -9999 -9999 -9999 -9999 -9999 -9999 -9999 -9999 -9999 -9999 -9999 -9999 -9999 -9999 -9999 -9999 -9999 -9999 -9999 -9999 -9999 -9999 -9999 -9999 -9999 -9999 14 32 131 111 116 114 103 102 135 217 204 322 289 215 339 747 696 525 564 470 353 266 213 279 284 315 244 301
-9999 -9999 -9999 -9999 -9999 -9999 -9999 -9999 -9999 -9999 -9999 -9999 -9999 -9999 -9999 -9999 -9999 -9999 -9999 -9999 -9999 -9999 -9999 -9999 -9999 -9999 -9999 -9999 -9999 -9999 -9999 -9999 -9999 -9999 -9999 -9999 -9999 -9999 -9999 -9999 -9999 -9999 -9999 -9999 -9999 -9999 -9999 -9999 -9999 -9999 -9999 -9999 -9999 -9999 55 232 158 129 136 150 160 158 301 682 528 447 300 353 506 393 458 528 351 202 156 148 156 181 190 165 137
-9999 -9999 -9999 -9999 -9999 -9999 -9999 -9999 -9999 -9999 -9999 -9999 -9999 -9999 -9999 -9999 -9999 -9999 -9999 -9999 -9999 -9999 -9999 -9999 -9999 -9999 -9999 -9999 -9999 -9999 -9999 -9999 -9999 -9999 -9999 -9999 -9999 -9999 -9999 -9999 -9999 -9999 -9999 -9999 -9999 -9999 -9999 -9999 -9999 -9999 -9999 -9999 -9999 -9999 59 376 327 207 154 210 202 247 414 418 310 413 410 561 552 334 364 445 252 141 137 148 145 137 109 81 80
-9999 -9999 -9999 -9999 -9999 -9999 -9999 -9999 -9999 -9999 -9999 -9999 -9999 -9999 -9999 -9999 -9999 -9999 -9999 -9999 -9999 -9999 -9999 -9999 -9999 -9999 -9999 -9999 -9999 -9999 -9999 -9999 -9999 -9999 -9999 -9999 -9999 -9999 -9999 -9999 -9999 -9999 -9999 -9999 -9999 -9999 -9999 -9999 -9999 -9999 -9999 -9999 -9999 -9999 -9999 -9999 -9999 -9999 68 -9999 127 259 299 182 212 236 564 886 603 274 249 297 221 157 145 163 140 130 93 66 58
-9999 -9999 -9999 -9999 -9999 -9999 -9999 -9999 -9999 -9999 -9999 -9999 -9999 -9999 -9999 -9999 -9999 -9999 -9999 -9999 -9999 -9999 -9999 -9999 -9999 -9999 -9999 -9999 -9999 -9999 -9999 -9999 -9999 -9999 -9999 -9999 -9999 -9999 -9999 -9999 -9999 -9999 -9999 -9999 -9999 -9999 -9999 -9999 -9999 -9999 -9999 -9999 -9999 -9999 -9999 -9999 -9999 -9999 -9999 -9999 116 202 283 212 188 206 471 725 329 222 178 187 215 160 138 137 123 125 74 59 59
-9999 -9999 -9999 -9999 -9999 -9999 -9999 -9999 -9999 -9999 -9999 -9999 -9999 -9999 -9999 -9999 -9999 -9999 -9999 -9999 -9999 -9999 -9999 -9999 -9999 -9999 -9999 -9999 -9999 -9999 -9999 -9999 -9999 -9999 -9999 -9999 -9999 -9999 -9999 -9999 -9999 -9999 -9999 -9999 -9999 -9999 -9999 -9999 -9999 -9999 -9999 -9999 -9999 -9999 -9999 -9999 -9999 -9999 -9999 36 132 137 180 251 299 282 1102 385 134 133 127 139 169 110 112 113 111 93 56 53 87
-9999 -9999 -9999 -9999 -9999 -9999 -9999 -9999 -9999 -9999 -9999 -9999 -9999 -9999 -9999 -9999 -9999 -9999 -9999 -9999 -9999 -9999 -9999 -9999 -9999 -9999 -9999 -9999 -9999 -9999 -9999 -9999 -9999 -9999 -9999 -9999 -9999 -9999 -9999 -9999 -9999 -9999 -9999 -9999 -9999 -9999 -9999 -9999 -9999 -9999 -9999 -9999 -9999 -9999 -9999 -9999 -9999 -9999 -9999 101 182 190 194 312 392 421 1010 339 102 68 76 118 131 69 74 94 95 74 48 70 116
-9999 -9999 -9999 -9999 -9999 -9999 -9999 -9999 -9999 -9999 -9999 -9999 -9999 -9999 -9999 -9999 -9999 -9999 -9999 -9999 -9999 -9999 -9999 -9999 -9999 -9999 -9999 -9999 -9999 -9999 -9999 -9999 -9999 -9999 -9999 -9999 -9999 -9999 -9999 -9999 -9999 -9999 -9999 -9999 -9999 -9999 -9999 -9999 -9999 -9999 -9999 -9999 -9999 -9999 -9999 -9999 -9999 51 152 283 239 303 329 372 339 288 229 198 119 74 61 97 122 80 77 82 89 49 45 83 129
-9999 -9999 -9999 -9999 -9999 -9999 -9999 -9999 -9999 -9999 -9999 -9999 -9999 -9999 -9999 -9999 -9999 -9999 -9999 -9999 -9999 -9999 -9999 -9999 -9999 -9999 -9999 -9999 -9999 -9999 -9999 -9999 -9999 -9999 -9999 -9999 -9999 -9999 -9999 -9999 -9999 -9999 -9999 -9999 -9999 -9999 -9999 -9999 -9999 -9999 -9999 -9999 -9999 -9999 -9999 -9999 -9999 78 660 392 531 468 245 240 262 269 169 251 133 93 62 78 115 66 50 52 54 50 59 110 164
