data/moz/moz_population.asc
ncols         234
nrows         368
xllcorner     195196.26821073
yllcorner     7004178.4200866
cellsize      5000
NODATA_value  -9999
[rows 72 to 107 of 368, columns 0 to 80 of 234]
-9999 -9999 -9999 -9999 -9999 -9999 -9999 -9999 -9999 -9999 -9999 -9999 -9999 -9999 -9999 -9999 -9999 -9999 -9999 -9999 -9999 -9999 -9999 -9999 -9999 -9999 -9999 -9999 -9999 -9999 -9999 -9999 -9999 -9999 -9999 -9999 -9999 -9999 -9999 -9999 -9999 -9999 -9999 -9999 -9999 -9999 -9999 -9999 -9999 -9999 -9999 -9999 -9999 -9999 -9999 -9999 -9999 -9999 -9999 -9999 -9999 -9999 -9999 -9999 -9999 -9999 -9999 -9999 -9999 -9999 -9999 -9999 -9999 -9999 -9999 -9999 -9999 -9999 -9999 -9999 -9999
-9999 -9999 -9999 -9999 -9999 -9999 -9999 -9999 -9999 -9999 -9999 -9999 -9999 -9999 -9999 -9999 -9999 -9999 -9999 -9999 -9999 -9999 -9999 -9999 -9999 -9999 -9999 -9999 -9999 -9999 -9999 -9999 -9999 -9999 -9999 -9999 -9999 -9999 -9999 -9999 -9999 -9999 -9999 -9999 -9999 -9999 -9999 -9999 -9999 -9999 -9999 -9999 -9999 -9999 -9999 -9999 -9999 -9999 -9999 -9999 -9999 -9999 -9999 -9999 -9999 -9999 -9999 -9999 -9999 -9999 -9999 -9999 -9999 -9999 -9999 -9999 -9999 -9999 -9999 -9999 -9999
-9999 -9999 -9999 -9999 -9999 -9999 -9999 -9999 -9999 -9999 -9999 -9999 -9999 -9999 -9999 -9999 -9999 -9999 -9999 -9999 -9999 -9999 -9999 -9999 -9999 -9999 -9999 -9999 -9999 -9999 -9999 -9999 -9999 -9999 -9999 -9999 -9999 -9999 -9999 -9999 -9999 -9999 -9999 -9999 -9999 -9999 -9999 -9999 -9999 -9999 -9999 -9999 -9999 -9999 -9999 -9999 -9999 -9999 -9999 -9999 -9999 -9999 -9999 -9999 -9999 -9999 -9999 -9999 -9999 -9999 -9999 -9999 -9999 -9999 -9999 -9999 -9999 -9999 -9999 -9999 -9999
-9999 -9999 -9999 -9999 -9999 -9999 -9999 -9999 -9999 -9999 -9999 -9999 -9999 -9999 -9999 -9999 -9999 -9999 -9999 -9999 -9999 -9999 -9999 -9999 -9999 -9999 -9999 -9999 -9999 -9999 -9999 -9999 -9999 -9999 -9999 -9999 -9999 -9999 -9999 -9999 -9999 -9999 -9999 -9999 -9999 -9999 -9999 -9999 -9999 -9999 -9999 -9999 -9999 -9999 -9999 -9999 -9999 -9999 -9999 -9999 -9999 -9999 -9999 -9999 -9999 -9999 -9999 -9999 -9999 -9999 -9999 -9999 -9999 -9999 -9999 -9999 -9999 -9999 -9999 -9999 -9999
-9999 -9999 -9999 -9999 -9999 -9999 -9999 -9999 -9999 -9999 -9999 -9999 -9999 -9999 -9999 -9999 -9999 -9999 -9999 -9999 -9999 -9999 -9999 -9999 -9999 -9999 -9999 -9999 -9999 -9999 -9999 -9999 -9999 -9999 -9999 -9999 -9999 -9999 -9999 -9999 -9999 -9999 -9999 -9999 -9999 -9999 -9999 -9999 -9999 -9999 -9999 -9999 -9999 -9999 -9999 -9999 -9999 -9999 -9999 -9999 -9999 -9999 -9999 -9999 -9999 -9999 -9999 -9999 -9999 -9999 -9999 -9999 -9999 -9999 -9999 -9999 -9999 -9999 -9999 -9999 -9999
-9999 -9999 -9999 -9999 -9999 -9999 -9999 -9999 -9999 -9999 -9999 -9999 -9999 -9999 -9999 -9999 -9999 -9999 -9999 -9999 -9999 -9999 -9999 -9999 -9999 -9999 -9999 -9999 -9999 -9999 -9999 -9999 -9999 -9999 -9999 -9999 -9999 -9999 -9999 -9999 -9999 -9999 -9999 -9999 -9999 -9999 -9999 -9999 -9999 -9999 -9999 -9999 -9999 -9999 -9999 -9999 -9999 -9999 -9999 -9999 -9999 -9999 -9999 -9999 -9999 -9999 -9999 -9999 -9999 -9999 -9999 -9999 -9999 -9999 -9999 -9999 -9999 -9999 -9999 -9999 -9999
-9999 -9999 -9999 -9999 -9999 -9999 -9999 -9999 -9999 -9999 -9999 -9999 -9999 -9999 -9999 -9999 -9999 -9999 -9999 -9999 -9999 -9999 -9999 -9999 -9999 -9999 -9999 -9999 -9999 -9999 -9999 -9999 -9999 -9999 -9999 -9999 -9999 -9999 -9999 -9999 -9999 -9999 -9999 -9999 -9999 -9999 -9999 -9999 -9999 -9999 -9999 -9999 -9999 -9999 -9999 -9999 -9999 -9999 -9999 -9999 -9999 -9999 -9999 239 867 3340 2886 404 -9999 -9999 -9999 -9999 -9999 -9999 -9999 -9999 -9999 -9999 -9999 -9999 -9999
-9999 -9999 -9999 -9999 -9999 -9999 -9999 -9999 -9999 -9999 -9999 -9999 -9999 -9999 -9999 -9999 -9999 -9999 -9999 -9999 -9999 -9999 -9999 -9999 -9999 -9999 -9999 -9999 -9999 -9999 -9999 -9999 -9999 -9999 -9999 -9999 -9999 -9999 -9999 -9999 -9999 -9999 -9999 -9999 -9999 -9999 -9999 -9999 -9999 -9999 -9999 -9999 -9999 -9999 -9999 -9999 -9999 -9999 -9999 -9999 -9999 758 3079 3731 3571 3215 4035 5493 -9999 -9999 -9999 -9999 -9999 -9999 -9999 -9999 -9999 -9999 -9999 -9999 -9999
-9999 -9999 -9999 -9999 -9999 -9999 -9999 -9999 -9999 -9999 -9999 -9999 -9999 -9999 -9999 -9999 -9999 -9999 -9999 -9999 -9999 -9999 -9999 -9999 -9999 -9999 -9999 -9999 -9999 -9999 -9999 -9999 -9999 -9999 -9999 -9999 -9999 -9999 -9999 -9999 -9999 -9999 -9999 -9999 -9999 -9999 -9999 -9999 -9999 -9999 -9999 -9999 -9999 -9999 -9999 -9999 -9999 -9999 80 546 1780 3152 4918 4534 3740 3827 4470 3663 -9999 -9999 -9999 -9999 -9999 -9999 -9999 -9999 -9999 -9999 -9999 -9999 -9999
-9999 -9999 -9999 -9999 -9999 -9999 -9999 -9999 -9999 -9999 -9999 -9999 -9999 -9999 -9999 -9999 -9999 -9999 -9999 -9999 -9999 -9999 -9999 -9999 -9999 -9999 -9999 -9999 -9999 -9999 -9999 -9999 -9999 -9999 -9999 -9999 -9999 -9999 -9999 -9999 -9999 -9999 -9999 -9999 -9999 -9999 -9999 -9999 -9999 -9999 -9999 -9999 -9999 -9999 -9999 59 324 606 1000 1366 2449 1965 2073 3126 2220 2798 5394 2082 -9999 -9999 -9999 -9999 -9999 -9999 -9999 -9999 -9999 -9999 -9999 -9999 -9999
-9999 -9999 -9999 -9999 -9999 -9999 -9999 -9999 -9999 -9999 -9999 -9999 -9999 -9999 -9999 -9999 -9999 -9999 -9999 -9999 -9999 -9999 -9999 -9999 -9999 -9999 -9999 -9999 -9999 -9999 -9999 -9999 -9999 -9999 -9999 -9999 -9999 -9999 -9999 -9999 -9999 -9999 -9999 -9999 -9999 -9999 -9999 -9999 -9999 -9999 -9999 -9999 28 310 599 739 536 465 805 1085 1847 1699 1880 2525 2019 1229 1732 1986 288 -9999 -9999 -9999 -9999 -9999 -9999 -9999 -9999 -9999 -9999 -9999 -9999
-9999 -9999 -9999 -9999 -9999 -9999 -9999 -9999 -9999 -9999 -9999 -9999 -9999 -9999 -9999 -9999 -9999 -9999 -9999 -9999 -9999 -9999 -9999 -9999 -9999 -9999 -9999 -9999 -9999 -9999 -9999 -9999 -9999 -9999 -9999 -9999 -9999 -9999 -9999 -9999 -9999 -9999 -9999 -9999 -9999 -9999 -9999 -9999 -9999 -9999 129 212 508 878 683 527 473 404 544 955 1237 1223 1277 1306 1684 1299 1163 2049 1634 510 -9999 -9999 -9999 -9999 -9999 -9999 -9999 -9999 -9999 -9999 -9999
-9999 -9999 -9999 -9999 -9999 -9999 -9999 -9999 -9999 -9999 -9999 -9999 -9999 -9999 -9999 -9999 -9999 -9999 -9999 -9999 -9999 -9999 -9999 -9999 -9999 -9999 -9999 -9999 -9999 -9999 -9999 -9999 -9999 -9999 -9999 -9999 -9999 -9999 -9999 -9999 -9999 -9999 -9999 -9999 -9999 -9999 -9999 496 502 674 554 294 291 475 423 363 322 263 357 661 861 768 715 1096 1780 1571 1013 1308 1719 1552 80 -9999 -9999 -9999 -9999 -9999 -9999 -9999 -9999 -9999 -9999
-9999 -9999 -9999 -9999 -9999 -9999 -9999 -9999 -9999 -9999 -9999 -9999 -9999 -9999 -9999 -9999 -9999 -9999 -9999 -9999 -9999 -9999 -9999 -9999 -9999 -9999 -9999 -9999 -9999 -9999 -9999 -9999 -9999 -9999 -9999 -9999 -9999 -9999 -9999 -9999 -9999 -9999 -9999 213 800 963 1850 1612 758 629 445 254 208 329 335 244 198 320 478 714 1193 876 700 824 1494 1424 748 997 1576 1033 337 -9999 -9999 -9999 -9999 -9999 -9999 -9999 -9999 -9999 -9999
-9999 -9999 -9999 -9999 -9999 -9999 -9999 -9999 -9999 -9999 -9999 -9999 -9999 -9999 -9999 -9999 -9999 -9999 -9999 -9999 -9999 -9999 -9999 -9999 -9999 -9999 -9999 -9999 -9999 -9999 -9999 -9999 -9999 -9999 -9999 -9999 -9999 -9999 -9999 -9999 276 862 1057 969 833 825 1050 1084 616 355 241 192 173 238 331 314 278 439 654 1167 2094 1433 1049 1152 1780 1604 754 634 795 834 429 9 -9999 -9999 -9999 -9999 -9999 -9999 -9999 -9999 -9999
-9999 -9999 -9999 -9999 -9999 -9999 -9999 -9999 -9999 -9999 -9999 -9999 -9999 -9999 -9999 -9999 -9999 -9999 -9999 -9999 -9999 -9999 -9999 -9999 -9999 -9999 -9999 -9999 -9999 -9999 -9999 -9999 -9999 -9999 -9999 -9999 -9999 438 1171 1377 1065 915 671 538 405 587 768 938 450 298 225 136 162 186 336 355 377 487 776 1226 1949 2381 1410 1613 2093 1411 1329 1089 695 875 699 402 68 -9999 -9999 -9999 -9999 -9999 -9999 -9999 -9999
-9999 -9999 -9999 -9999 -9999 -9999 -9999 -9999 -9999 -9999 -9999 -9999 -9999 -9999 -9999 -9999 -9999 -9999 -9999 -9999 -9999 -9999 -9999 -9999 -9999 -9999 -9999 -9999 -9999 -9999 -9999 -9999 -9999 -9999 -9999 189 1045 1646 1357 964 531 508 593 513 385 334 438 572 452 312 221 149 162 177 312 383 462 538 656 1087 1356 1372 1010 822 827 585 651 747 967 1186 1761 876 488 74 -9999 -9999 -9999 -9999 -9999 -9999 376
-9999 -9999 -9999 -9999 -9999 -9999 -9999 -9999 -9999 -9999 -9999 -9999 -9999 -9999 -9999 -9999 -9999 -9999 -9999 -9999 -9999 -9999 -9999 -9999 -9999 -9999 -9999 -9999 -9999 -9999 -9999 98 786 1206 1134 1203 1209 1126 691 415 405 441 579 518 397 252 283 315 416 338 229 188 179 185 214 376 490 587 629 954 1118 1032 825 470 389 390 494 544 867 1785 1033 847 625 618 146 -9999 1057 480 66 1208 2995
-9999 -9999 -9999 -9999 -9999 -9999 -9999 -9999 -9999 -9999 -9999 -9999 -9999 -9999 -9999 -9999 -9999 -9999 -9999 -9999 -9999 -9999 -9999 -9999 -9999 -9999 -9999 -9999 -9999 -9999 302 882 1403 1768 1364 1227 742 691 544 342 397 388 509 488 402 223 202 249 289 384 246 213 192 190 204 354 571 626 675 699 698 716 513 296 246 306 406 507 589 793 994 1004 906 990 674 -9999 1181 2229 1912 2702 2603
-9999 -9999 -9999 -9999 -9999 -9999 -9999 -9999 -9999 -9999 -9999 -9999 -9999 -9999 -9999 -9999 -9999 -9999 -9999 -9999 -9999 -9999 -9999 -9999 -9999 -9999 -9999 -9999 153 606 650 585 807 1538 1075 789 766 488 448 280 290 349 504 614 421 323 240 267 256 419 359 251 227 193 221 295 525 708 1229 977 694 578 266 199 202 250 381 437 507 572 976 1543 2005 1861 1574 798 1390 1712 2521 2603 2347
-9999 -9999 -9999 -9999 -9999 -9999 -9999 -9999 -9999 -9999 -9999 -9999 -9999 -9999 -9999 -9999 -9999 -9999 -9999 -9999 -9999 -9999 -9999 97 367 918 1094 1260 930 607 410 370 569 950 590 464 509 417 339 197 151 250 393 464 350 308 303 319 300 313 413 308 271 190 180 242 634 789 841 809 697 570 236 199 217 154 403 356 445 537 693 957 2431 2961 1366 1492 1525 1699 2102 1858 1843
-9999 -9999 -9999 -9999 -9999 -9999 -9999 -9999 -9999 -9999 -9999 -9999 -9999 -9999 -9999 -9999 -9999 -9999 -9999 -9999 53 417 884 1211 1329 1593 1003 730 485 345 292 331 575 603 483 430 366 309 191 102 100 125 229 282 308 296 273 299 330 293 394 414 287 266 267 373 1081 1192 533 301 189 220 129 87 130 518 698 617 680 819 726 653 836 1780 1219 1378 1725 1349 1301 1704 1517
-9999 -9999 -9999 -9999 -9999 -9999 -9999 -9999 -9999 -9999 -9999 -9999 -9999 -9999 -9999 -9999 -9999 80 237 467 667 760 771 828 816 708 420 370 334 314 262 295 480 343 298 285 255 122 93 96 105 115 149 226 260 270 258 290 313 445 428 697 509 442 419 435 631 466 324 274 142 108 84 76 162 875 1384 844 732 782 674 573 802 1446 1592 1510 1090 1199 940 1217 2065
-9999 -9999 -9999 -9999 -9999 -9999 -9999 -9999 -9999 -9999 -9999 -9999 -9999 15 73 117 368 548 491 473 473 463 490 506 511 456 324 294 273 243 231 238 309 387 260 238 189 87 86 136 176 175 152 188 244 235 204 169 206 194 226 845 836 579 539 283 204 329 244 184 116 95 79 60 181 581 1067 1542 968 770 765 689 746 2417 1760 1256 956 1069 1271 1052 1760
-9999 -9999 -9999 -9999 -9999 -9999 -9999 -9999 -9999 -9999 5 48 81 86 126 104 78 341 416 384 359 391 420 460 449 452 292 245 235 236 223 223 225 262 342 206 108 71 97 136 95 155 178 156 87 65 64 74 94 137 168 582 885 691 289 158 211 371 183 128 82 74 58 33 171 386 734 1186 1206 1488 939 843 823 2679 2694 1584 991 1051 1196 2002 1429
-9999 -9999 -9999 -9999 -9999 -9999 -9999 -9999 27 65 78 93 130 103 155 110 74 312 365 344 380 432 456 434 448 395 279 251 249 243 234 216 205 218 308 180 83 73 70 47 50 50 45 49 59 52 59 68 92 122 174 241 735 393 258 188 357 722 253 131 78 62 47 35 156 320 516 630 877 1532 2185 1079 1172 6188 8513 1598 1142 957 806 1053 811
-9999 -9999 -9999 -9999 -9999 -9999 54 148 93 81 76 132 162 166 148 123 71 339 349 363 440 487 533 480 457 475 300 255 297 312 248 211 185 153 156 100 82 28 24 32 42 44 35 39 48 49 58 62 73 108 227 252 319 276 231 268 335 514 210 130 107 80 67 57 120 341 522 604 761 1040 1398 1808 1461 11192 27314 2829 1254 868 654 756 703
-9999 -9999 -9999 29 70 118 152 134 76 91 88 126 148 208 158 123 74 305 366 462 532 703 766 698 1027 694 509 388 315 266 307 317 314 126 155 168 111 32 25 27 29 30 30 39 49 57 65 72 72 83 146 201 199 174 197 239 318 493 147 115 100 100 92 74 110 361 573 781 986 1041 1373 2967 3944 3786 5632 1392 1028 866 818 799 833
-9999 365 296 206 177 152 125 118 82 85 76 130 170 175 130 98 73 259 391 479 572 800 1415 1533 996 649 461 296 226 206 248 302 287 221 268 274 208 70 31 28 31 37 39 64 69 78 93 74 81 74 70 107 114 104 109 163 264 460 252 152 121 102 92 102 95 422 844 969 1278 2372 1869 2404 2471 1047 1418 1400 814 750 655 600 747
-9999 671 354 241 163 136 114 117 98 80 91 118 172 142 152 115 83 314 470 514 661 1029 1102 913 648 483 411 270 159 158 207 233 185 223 322 481 292 115 67 59 72 86 86 92 95 82 85 75 80 72 59 59 81 103 99 115 161 304 509 286 135 102 94 99 102 374 594 1527 3431 3910 1431 1300 1122 1307 1573 1460 610 625 430 414 407
-9999 613 316 211 177 148 136 124 95 70 83 117 179 280 276 170 126 578 633 647 692 760 769 606 477 377 350 268 120 123 152 136 148 196 252 413 444 277 277 159 129 186 166 163 146 120 83 61 67 70 76 92 134 198 188 167 205 239 452 290 165 131 83 116 276 518 723 1447 1880 1836 1699 1045 945 931 1155 1650 898 853 401 450 316
-9999 243 259 232 158 125 130 141 88 62 68 121 205 414 326 248 362 689 606 541 578 469 442 368 328 332 275 208 50 61 88 103 129 123 198 334 552 744 526 431 485 574 316 185 230 184 130 69 101 97 106 143 227 283 250 218 262 350 549 376 289 192 214 307 518 702 576 449 550 824 938 979 779 614 955 2162 1126 705 569 410 310
-9999 36 258 284 175 128 113 137 105 70 68 100 170 178 225 240 356 559 424 414 406 292 186 160 183 176 141 75 39 42 61 83 102 93 148 270 575 869 593 418 344 326 308 290 134 128 75 59 82 99 93 135 166 186 151 136 158 186 227 252 226 244 443 321 523 499 383 439 359 503 580 684 739 544 1789 1375 1011 574 501 408 263
-9999 -9999 207 299 313 260 122 125 90 68 77 89 109 148 161 139 302 414 412 392 307 150 111 113 122 116 112 69 39 44 71 90 109 116 118 201 308 414 429 328 279 375 359 227 131 89 69 64 54 64 68 78 91 110 95 98 115 133 147 135 120 360 414 392 360 283 271 255 299 375 513 592 536 605 1017 854 757 584 381 329 263
-9999 -9999 57 158 301 533 200 176 82 70 67 88 89 107 114 88 259 272 140 216 281 135 104 106 115 126 134 103 58 68 82 89 109 119 123 133 191 220 214 169 176 513 431 315 146 101 71 67 56 65 72 77 87 98 114 151 135 113 112 114 163 290 453 468 440 289 191 177 231 323 416 327 269 378 731 714 453 366 334 267 254
-9999 -9999 -9999 34 238 459 209 148 103 88 100 120 151 161 101 110 171 58 50 44 77 73 40 45 98 113 189 178 87 82 87 88 109 113 116 123 129 107 118 124 177 166 190 181 123 87 72 70 60 74 82 90 107 95 105 125 148 146 153 152 244 430 701 681 675 582 313 253 195 185 205 304 290 301 429 364 292 213 245 217 237
