data/moz/moz_beta.asc
ncols	234
nrows	368
xllcorner	195196.26821073
yllcorner	7004178.4200866
cellsize	5000
NODATA_value	-9999
[rows 243 to 269 of 368, columns 61 to 121 of 234]
21867597422.548695 21429517674.709553 21666436740.99341 20829415057.308746 0.0 0.0 0.0 0.0 0.0 0.547849111085151 0.5829628399277119 0.581422136522206 0.5918043047848959 0.5803622346807814 0.5619939112073913 0.538015934418035 0.5826548083378935 0.5956599549928762 0.5739511597047403 0.6188233470558636 0.783016925949205 1.1788373465763236 1.2467304767279086 1.8813037213775399 1.2412675706388885 0.0 0.0 0.0 1.7699381200094668 0.60727848418209 0.6046608861174536 0.5994309986650938 0.6152989790474458 0.6075462683865128 0.5896655180519313 0.8461999547592279 0.5922060846160243 0.0 0.0 26360092510.678467 0.1789846108142127 0.16036890812276797 0.15687560111842844 25442069751.127853 25544057733.352715 -9999.0 -9999.0 -9999.0 -9999.0 -9999.0 -9999.0 -9999.0 -9999.0 -9999.0 -9999.0 -9999.0 -9999.0 -9999.0 -9999.0 -9999.0 -9999.0
21191462484.480198 0.0 0.0 0.0 0.0 0.0 0.0 0.548658267404869 0.5388025263220768 0.5544634698014936 0.5989113506160961 0.7516338515876628 0.8275902422465112 0.602196397308972 0.5845947962605352 0.6870383545721259 0.7050159812327564 0.7600241885567347 0.7107666608913855 0.8515299106028401 1.7672775172904434 1.2289875168027586 1.2157479240710882 1.221698522767582 1.2302546235730167 0.0 0.0 0.0 0.8513398222611571 0.6031219533255542 0.6042394518208276 0.5998042062684132 0.6419736646990611 0.6130712249799128 0.6146510308778957 1.5549717970997212 0.5790864722224177 0.0 0.0 0.0 25247841299.410767 0.15884476705308828 0.14669537712666497 0.14309390718550358 0.13860010073229392 0.11442019748650363 -9999.0 -9999.0 -9999.0 -9999.0 -9999.0 0.0 -9999.0 -9999.0 -9999.0 -9999.0 -9999.0 -9999.0 -9999.0 -9999.0 -9999.0
19801552260.814354 20443687750.19835 0.0 0.0 0.0 0.5300976445874982 0.5315878396279548 0.5535528283128953 0.5477173018188644 0.5476292221538218 0.5652068240439074 0.5619692878386703 0.5459426307326436 0.5660390530519885 0.5410273324745839 0.5362497700637268 0.8727807520583459 0.9491384628362614 1.137230591678178 1.188222031839477 1.209195498798989 1.2148146860178668 1.1853396778153984 1.3920633677737049 1.2140329017084444 1.2110642913890715 0.0 1.2372005801542074 0.0 0.0 0.6048090269533952 0.6030972120911163 0.0 0.6413283296188932 0.6401623516720744 0.587999681182624 0.5869303913410612 0.0 0.0 0.0 26589090798.41489 25566428397.060112 0.15160441270944666 0.0 0.0 0.0 -9999.0 -9999.0 -9999.0 -9999.0 -9999.0 23061203044.816467 -9999.0 -9999.0 -9999.0 -9999.0 -9999.0 -9999.0 -9999.0 -9999.0 -9999.0
13982335784.871698 14285965078.457178 0.0 0.0 0.0 0.541998915146777 0.5256146555709131 0.5489752152637365 0.525290894895019 0.541876475263873 0.5610517115753216 0.5833583490816487 0.5454963336710008 0.5603787082967759 0.568722908007532 0.5327954234523226 0.5376593280965183 0.8253906966132923 1.1304674833409287 1.1541424561337639 1.1853517175125214 1.2096429098555945 1.1931605435864738 2.115515341996167 1.2376672834533207 1.1840884019820082 1.1990790513887981 0.6110332351406058 0.0 0.0 0.5883620835144127 0.6900068654553246 0.8557911990704506 5.619614983140324 1.7742599459039892 0.9527322764723334 0.6148560006856413 0.0 0.0 0.0 0.0 25450647269.741375 0.16437509121587474 0.14588867485097648 0.12770712126986059 0.1378070739156791 0.13215661687044009 -9999.0 -9999.0 -9999.0 -9999.0 23142591485.928535 -9999.0 -9999.0 -9999.0 -9999.0 -9999.0 -9999.0 -9999.0 -9999.0 -9999.0
0.0 0.0 0.0 0.0 0.5368065350091635 0.5507044783582086 0.6597013090184195 0.5469130791326522 0.5496110094042351 0.5556553629815724 0.5650707379630526 0.5748612882915232 0.5402048844920808 0.5487612031193458 0.537126182545905 0.5572640627765334 0.5489667225067483 0.6067456211170813 0.5804037377780027 0.5725290150835809 1.2398170430942996 1.259896920308737 0.812716064598979 1.696494917906416 0.7085614464674068 1.1889224960092055 0.6880537632436132 0.573383651917913 0.0 0.0 0.5711262567400552 1.6844736620056853 1.271907734444757 1.2316891491500221 2.2498291646311936 0.5787193961365914 0.5944469745667579 0.0 0.0 0.0 25671211377.16322 25189324952.83856 25259361651.419228 0.1374767431588152 0.12578231097407128 0.1434581717281685 24480701779.45696 -9999.0 -9999.0 -9999.0 inf 0.10410585169012644 -9999.0 -9999.0 -9999.0 -9999.0 -9999.0 -9999.0 -9999.0 -9999.0 -9999.0
0.0 0.0 0.0 0.0 0.548224540584834 0.5501851758157428 0.551378096859733 0.55278897909544 0.5504471051489609 0.0 0.0 0.0 0.5473682276265984 0.5413555530048265 0.5592470619568574 0.5484545635731134 0.0 0.5935780142010814 0.0 0.5641273493840542 0.6264343426047015 0.5822227348911049 0.0 0.0 0.0 0.6606667336163307 0.5330335161717896 0.0 0.0 0.0 0.6120887162559634 1.5349589037286522 1.3800291152675415 1.225202223287518 1.3162011157395568 0.5686570177502444 0.5749634463169983 0.0 0.0 0.0 25177305597.330734 25639818183.925694 0.1409514769809546 0.0 24608103451.017048 0.1281208591064421 0.12971114135733902 0.0 -9999.0 -9999.0 0.0 0.10363161604985784 -9999.0 -9999.0 -9999.0 -9999.0 -9999.0 -9999.0 -9999.0 -9999.0 -9999.0
0.0 0.0 0.0 0.575985806049967 1.0273122553047522 0.9960767395366046 1.0611756282038574 0.6507184549013746 0.640456833673824 0.5568507179648853 0.5709847932562208 0.5537422882701658 0.0 0.0 0.0 0.0 0.0 0.0 0.0 0.0 0.0 0.0 0.0 0.0 0.5546644254431087 0.5455877095932261 0.0 0.0 0.0 0.0 0.0 0.8807110016171494 1.2208823514216909 1.2899472077423186 1.3527486171436127 0.5722167626140784 0.5649626779594595 0.0 0.0 0.0 25648251207.674725 0.1550841073180726 0.0 0.0 0.12142956534245823 25341679041.528397 24404778922.728603 0.0 -9999.0 -9999.0 0.11100577282985381 0.0 -9999.0 -9999.0 -9999.0 -9999.0 -9999.0 -9999.0 -9999.0 -9999.0 -9999.0
0.0 0.0 0.0 0.7156304545661787 1.000430617577529 1.024580838676061 0.9523877032778576 0.9616087965152256 1.0818355389431538 1.0255138480648478 0.6330273076513917 0.5496249559250623 0.5589963714158235 0.0 0.0 25371294667.525814 0.0 0.0 0.0 0.0 0.5505262354581532 0.5576275288692969 0.0 0.0 0.0 0.5653092133312859 0.0 0.0 0.0 0.0 0.0 0.0 0.689083708645884 1.3421330376972567 1.1015555855966508 0.5367876214931452 0.5733117682789457 0.0 0.0 0.0 0.0 25769617167.640537 0.0 0.0 0.12346032483209038 24863628448.570015 24189603720.928745 0.0 -9999.0 -9999.0 0.0 -9999.0 -9999.0 -9999.0 -9999.0 -9999.0 -9999.0 -9999.0 -9999.0 -9999.0 -9999.0
0.0 0.0 0.0 1.1965488028909637 0.938970875438152 1.0814273189438133 1.1262362767578307 1.0682659360494025 1.1161896398096531 0.996027359591909 1.0268227169967499 0.7406288068003498 0.5611198064063605 0.0 0.0 24583106954.54023 24924467152.63518 0.0 24345937254.539692 0.0 0.0 0.0 0.0 0.0 0.0 0.0 0.0 24289061354.56722 23537683596.14463 0.0 0.0 0.0 0.5616147867468823 1.2769197929841951 1.0705269142269134 0.5436077030175164 0.0 0.0 0.0 25715283718.269054 0.0 25010214452.4795 25292114073.65637 0.13935303614051858 0.11950012217981121 0.12822629685680662 0.12970575666113304 0.0 -9999.0 -9999.0 -9999.0 0.0 -9999.0 -9999.0 -9999.0 -9999.0 -9999.0 -9999.0 -9999.0 -9999.0 -9999.0
0.0 0.0 0.0 0.0 0.916157805574629 0.9379671322446714 0.9071468959892142 0.9408053838133857 0.9785737006952719 0.983076920787197 1.1548923043990056 0.6861562760471225 0.5449446341183296 0.0 0.0 0.0 0.0 0.0 24128320500.611168 0.0 0.0 0.0 0.0 0.0 23490990719.70054 0.0 0.0 0.0 0.0 0.0 0.0 0.0 0.0 0.7631596187619699 0.7470092714428413 0.5611481813335094 0.0 0.0 24939951714.895924 25549499591.9289 25312648981.43909 24997027623.154766 24687533493.92917 24520363294.526184 24405389167.180927 0.11221164620608734 0.1281428468943647 24317327445.71559 -9999.0 -9999.0 0.12244070060372507 -9999.0 -9999.0 -9999.0 -9999.0 -9999.0 -9999.0 -9999.0 -9999.0 -9999.0 -9999.0
0.8297189662757165 0.8135931705593699 0.8581774268333272 0.8591811942965012 0.869059801317151 0.8650701309632439 1.1196367348332927 1.1352740744813663 1.1557992466331612 1.1730288471785066 1.3529903824261769 0.7738252931076991 0.5416220726297821 0.0 0.0 0.0 0.0 0.0 24386105034.084023 0.0 0.0 0.0 0.0 23453693607.863136 23764955992.876053 0.0 0.0 0.0 0.0 0.0 0.0 0.0 0.0 0.5694838717397208 0.5725423555910895 0.0 0.0 0.0 0.0 24259922745.281006 24837194092.18512 24326088831.90715 24318126294.485813 0.13054995984343395 0.1217839204972565 0.11556987568669874 0.12098280925104539 0.0 -9999.0 -9999.0 0.12575950791695528 -9999.0 -9999.0 -9999.0 -9999.0 -9999.0 -9999.0 -9999.0 -9999.0 -9999.0 -9999.0
0.8592906247737472 0.8453786138844618 0.8607705634309082 0.8553254016085743 0.8685205465782234 0.8373479310570844 1.1368289360741948 1.1283270610282619 0.9967128952738094 1.10002167432335 1.0901645967076639 0.7983038494036776 0.5606058915543242 0.0 0.0 0.0 0.0 0.0 0.0 23910466536.81536 24409145814.9814 24169404278.503 23429795179.356285 0.0 0.0 24383441235.853516 23715845961.800037 0.0 0.0 0.0 0.0 0.0 0.5263721708342273 0.568248294216644 0.6357204033792241 0.6547516338519146 0.5005656668433265 0.0 0.0 0.0 0.0 0.0 23910575456.57091 593875608.1783168 784044855.9450667 0.11852476183772143 868665336.7306038 5085645714.786195 -9999.0 -9999.0 -9999.0 -9999.0 -9999.0 -9999.0 -9999.0 -9999.0 -9999.0 -9999.0 -9999.0 -9999.0 -9999.0
0.8561184085634445 0.0 0.0 0.8477698639197364 0.8425392857894867 0.8419733035736972 0.8368657474886324 1.1451057292759226 1.0130745294735857 0.9830902194897541 1.155602157944427 0.5455024074229368 0.5574079474748515 0.5595758919497683 0.5271346839378089 0.0 0.0 0.0 0.0 0.0 0.0 0.0 23578229932.840107 22786329846.168945 0.0 0.0 23450517401.572918 0.0 0.0 0.0 0.0 0.0 0.0 0.0 0.5346865765547828 0.5294109272951065 0.5208277754290936 0.4941082821729945 0.0 0.0 0.0 0.0 23902769816.91155 340356463.2962392 2137064180.7488797 2040440372.0796533 639633953.0558696 1122250783.6915698 -9999.0 -9999.0 -9999.0 -9999.0 -9999.0 -9999.0 -9999.0 -9999.0 -9999.0 -9999.0 -9999.0 -9999.0 -9999.0
0.8391459669632767 0.0 0.8552045790786261 0.8461772048474161 0.8210030103874149 0.8369118467332561 0.8383946132884279 0.9948978461880823 1.048608637191531 1.040785098545835 0.665696917679908 0.514820604041194 0.5278510452980425 0.5217884115799627 0.5356689444883663 0.5612200699626595 0.6339633261622121 0.6407459760821098 0.49675840931392834 0.48130423103887354 0.0 0.0 23743152132.563793 0.10781237566249195 23757893777.451805 23226420224.16563 0.0 0.0 0.0 0.0 0.0 0.0 0.0 0.0 0.0 0.0 0.5129809949308485 0.5009173153601998 0.0 0.0 0.0 0.0 24252437336.341793 24564499514.63669 1039134225.4643066 2034608467.080401 759552225.734272 667671661.8384166 -9999.0 -9999.0 -9999.0 -9999.0 -9999.0 -9999.0 -9999.0 -9999.0 -9999.0 -9999.0 -9999.0 -9999.0 -9999.0
0.8429650455030976 0.0 0.0 0.8559986113265852 0.8358648745098779 0.8116022923907846 0.8603579001773314 0.8342455355193357 1.069527348521819 0.6574026476115433 0.5170766263111607 0.0 0.5212719736936713 0.5495337109568509 0.5246064340235683 0.5330658300108105 0.6394912928840658 0.5198041436633488 0.0 0.0 0.0 0.0 23769955844.170414 23984699667.085262 0.0 23448264168.248074 23216467340.161076 23301575185.184593 23657354682.430775 24026192757.384956 0.0 0.0 0.0 0.0 0.0 0.0 0.0 0.0 0.0 0.0 0.0 0.0 24375733090.709797 0.12489205688767913 1375262978.9905097 0.11135696205316634 335865792.7044471 2335003108.5172553 -9999.0 -9999.0 0.0 0.4221654676747878 -9999.0 -9999.0 -9999.0 -9999.0 -9999.0 -9999.0 -9999.0 -9999.0 -9999.0
0.8455408315369746 0.8520052563360104 0.8605776313438948 0.856979858677887 0.8621514970159864 0.0 0.0 0.0 0.5438954896471678 0.5250278751628614 0.0 0.0 0.0 0.0 0.5229203932144817 0.0 0.5257150233079821 0.0 0.0 0.0 0.0 0.0 0.0 23974525362.695732 0.0 0.0 0.0 0.0 0.0 0.0 0.0 0.0 0.0 0.12617335789586223 24272840020.457016 23352485394.38301 0.0 0.0 0.0 0.0 0.0 24320070851.137867 23946681157.29086 613981703.5163887 0.1061039791621224 0.10701269649451729 0.11614744625423745 0.10974983862836868 -9999.0 -9999.0 0.0 23018276792.043434 0.44686166836514973 -9999.0 -9999.0 -9999.0 -9999.0 -9999.0 -9999.0 -9999.0 -9999.0
0.8469087287016136 0.8277412804387416 0.0 0.0 0.0 0.0 0.0 0.5996323230827774 0.6427982026495046 0.6337983539711631 0.6183095065053651 0.5177269758905291 0.5547572973527509 0.0 0.0 0.0 0.0 0.0 0.0 0.0 0.0 0.0 0.0 0.0 0.0 0.0 0.0 0.0 0.0 0.0 0.0 0.0 23810673070.91701 0.12016142255105142 0.12926630698967 23232586643.640095 23605836358.672295 23468040742.406036 23665059811.474792 23830360683.87072 23649400550.028248 23914333475.268227 24130728243.722706 0.12239091995425758 23107392948.050472 22850561730.910114 0.10495989246869783 0.1037986959989585 inf inf 0.09677848136910534 0.11161418978515442 0.0 -9999.0 -9999.0 -9999.0 -9999.0 -9999.0 -9999.0 -9999.0 -9999.0
0.0 0.0 0.0 0.0 0.8293250838051469 0.83199711832285 0.8542656895207272 0.9912472455645379 1.069935751749133 1.0474118558624181 0.9468970815516411 0.5295225166710253 0.5652444872788259 0.5412126187504931 0.5282059329619455 0.4818821003960118 0.5287838019586799 0.4916360969093615 0.0 0.0 0.4956789023956685 0.5164511876342855 0.0 0.0 0.0 0.0 0.0 0.0 0.0 0.0 0.0 0.0 23018236878.560184 23456505195.40229 23615582596.401688 23396421157.371227 0.09238622561120728 0.09658887868379439 23653900809.395805 23476779905.55601 0.10943589291821725 0.10391747062379807 23546092451.714436 2188957128.2409697 0.1057801539887014 23102528594.459328 23704144085.058323 23090307945.15694 22622196448.56285 0.0964805957956402 0.09999275032986206 0.1152565975353667 22540827546.890842 -9999.0 -9999.0 -9999.0 -9999.0 -9999.0 -9999.0 -9999.0 -9999.0
0.0 0.8220647904014861 0.8324878083024552 0.8416044328133344 0.8118259800619486 0.0 0.0 0.9692041120240215 0.9794601315429714 0.9819366020893049 1.0202053296540456 0.6327153677518539 0.5406131054435701 0.5441675790725502 0.5247906177863221 0.4946682788312149 0.6383920538648947 0.5167862111740006 0.5218807413855348 0.4736992260038965 0.5081149264691501 0.47668585413424347 0.0 0.0 0.0 0.0 0.0 0.0 23002334155.274017 22189235915.17678 0.0 0.0 0.0 0.0 0.0 23220358597.837616 22977284502.41078 23298682824.468292 23565819654.41022 23373584191.78128 0.09931666664238116 0.11429604999081312 0.1089268154686184 5699612189.719423 0.10127089447232397 0.1052836508259018 0.10318086298162135 22937553968.046814 22929203441.869625 23125446863.140076 0.0916211063327686 0.09312729883386833 0.0 -9999.0 -9999.0 -9999.0 -9999.0 -9999.0 -9999.0 -9999.0 -9999.0
0.0 0.0 0.8266205172114781 0.8281976729533452 0.0 0.0 0.0 0.9294278275972909 1.13989237407683 1.1757872345797302 1.1706690301174034 1.0052111275685736 0.5042114683543759 0.5258303145670606 0.5246697061509001 0.6059181652053119 1.0102780023991251 0.5963432146304639 0.5243287651526998 0.5083199295523533 0.4959021456699001 0.0 0.0 22613723033.04451 24236192960.918003 0.0 0.0 0.0 0.0 1553235328.6915784 0.0 0.0 0.0 0.0 0.0 23408376196.93535 23586258253.357117 23015565378.580128 22684997832.48935 22427692701.113594 0.09687908673514209 0.11389693819131849 0.11137784928914533 2931251474.9954634 0.09689623571675997 0.087518507556292 0.092371512208847 22468433448.92829 23147232225.663425 22797413566.297047 0.10204466022688967 0.1030975433400328 22763898302.350437 -9999.0 -9999.0 -9999.0 -9999.0 -9999.0 -9999.0 -9999.0 -9999.0
0.0 0.0 0.0 0.0 0.8172046996370165 0.0 0.0 1.140344854282485 1.1353724688347555 1.154977063994164 1.1520573256383722 1.0177947533972465 0.6500863063334068 0.6281901609090417 0.5254852634624022 0.5252232049839713 1.0259132407937839 0.5990451123980048 0.5956493429929688 0.509593186633256 0.5032606863957456 0.0 0.0 0.10616799779764341 23025253958.72635 0.0 0.0 0.4744134379110927 0.0 0.0 0.0 0.41596459978578454 0.0 0.0 3186453448.116172 0.0 0.0 0.0 21401872492.525402 21834058110.216015 22930349242.794792 0.10814520855393808 3101703446.410054 3617488877.931655 0.10848112177765735 22086360881.512005 22947455258.579453 23059515150.532417 22682939945.845985 22905912369.889423 0.10626639764741422 0.09939968491403443 22843829340.6221 -9999.0 -9999.0 -9999.0 -9999.0 -9999.0 -9999.0 -9999.0 -9999.0
0.805371167496803 0.8219023065120936 0.0 0.0 0.0 0.8102555701647671 0.0 1.1189272171215723 1.1298201805058379 1.1304479117421944 1.1337449153507977 1.1267151478387256 0.9257306550126405 0.9579291764409983 0.6153742105309588 0.5229401143809369 0.9566837602278956 0.5361528826421658 0.548459186325275 0.4952506730998458 0.0 0.0 0.0 0.0 23558877670.963924 0.0 0.49551894430239357 0.4841632171887752 0.4783895060723078 0.47259801556478603 0.4715327503029937 0.7825262395086732 0.4603286429953764 0.0 0.0 0.0 0.0 0.0 0.0 4241030880.4581504 1721328685.2114713 22824451961.94193 0.10108198549177276 0.10771651896890563 0.11591464170261466 22702151461.6887 22818530773.092606 0.0 2090480632.516894 23980155377.97013 22741691525.655975 0.09760583963464853 -9999.0 -9999.0 -9999.0 -9999.0 -9999.0 -9999.0 -9999.0 -9999.0 -9999.0
0.7930974062213716 0.8261393567272688 0.8266939273957942 94985525.87741072 0.0 0.0 0.8960151294487797 1.1158750811150275 1.115769777190266 1.1488767162565083 1.1560634252593427 1.145209249594118 1.1053386696950787 0.8343749092398497 0.9135952428870037 0.942382555079312 1.1403274530942435 0.877500701526292 0.540615403735323 0.4731552806423369 0.48026029945149656 0.4783968189423308 0.0 0.0 23619557911.86422 0.0 0.0 0.47419012973914026 0.0 0.48331954486183876 0.4925952771751851 0.43114691790219023 0.5001386997551001 0.0 0.0 0.0 0.0 0.0 0.0 3718879396.5380683 4471802803.516569 22022429938.842903 0.111473463309227 3589611877.6653085 0.09635086592491203 22794935420.118347 0.0 0.0 0.0 23076749961.421864 22395480908.33042 0.09184289820106305 -9999.0 -9999.0 -9999.0 -9999.0 -9999.0 -9999.0 -9999.0 -9999.0 -9999.0
0.0 0.0 0.798263783463985 0.7970247183034804 60569130.88120018 0.0 0.8395295266434691 1.1132452353434337 1.1366143673355256 1.1462657131756817 1.1474061438859915 1.136175146934688 1.1595670659338628 1.0988153846102178 1.1231383573797091 1.1105920674662175 1.1113065824546267 1.1097028391056836 0.7964329060557309 0.7547829722734894 0.4830153141498598 0.4865668622213596 0.0 0.0 22470346495.774014 22664222563.393524 0.0 0.0 0.0 0.4839052765775701 0.5018286279926646 0.4468475159585424 0.42819900121262117 0.48603033718952793 0.46778424614088376 0.5034391637735555 0.0 0.0 0.0 0.0 2781256865.0574584 22020306668.70251 0.10678204336509614 0.09379361356829262 22308827294.08933 22320561478.08334 2811552131.1831617 0.0 22726881555.265915 23510706362.30643 0.10326665150155791 0.09187668145051127 -9999.0 -9999.0 -9999.0 -9999.0 -9999.0 -9999.0 -9999.0 -9999.0 -9999.0
0.0 0.0 0.7675654777713334 0.7604361561814829 88208853.93620811 0.0 0.8236010038345462 0.8719837269719167 1.140148778184666 1.1603524756789347 1.134827104139061 1.112637451069678 1.1372977288653885 1.1337050146629495 1.1280471517880137 1.1301124615568447 0.0 1.1151539027468798 1.1031379652959117 0.0 0.4583116446917083 0.4597092699482487 0.0 0.0 0.09444716073494523 22316557139.05667 0.0 0.0 0.0 0.4803291627601549 0.4973344134938203 0.44423902444222474 0.4553535932853927 0.786675682401778 1.0473057846411284 1.0476607748054945 0.716920062966397 0.4380046801881246 0.41081441364303145 0.42677743927112854 0.4183673726344769 0.0 23399775295.497883 0.09768849459848457 22124852236.842228 0.0 0.0 0.0 22705146743.054543 22891334448.329826 0.11212609348066001 0.10227738102498912 -9999.0 -9999.0 -9999.0 -9999.0 -9999.0 -9999.0 -9999.0 -9999.0 -9999.0
0.0 0.9685007662396258 0.7463722613505995 0.7486537203850951 48261541.90218067 0.0 0.0 0.5499917237517138 0.91383913353456 0.93194597579577 1.136829188015182 1.134329926043045 1.1403954273503687 1.129316746774728 1.119401543011012 1.1426945886629096 0.0 1.1166973301132885 1.1084976772061639 0.0 0.7212624936969367 0.46073455520005785 0.462342875360595 0.0 0.0 0.0 0.0 0.0 0.0 0.4713739537261611 0.48118471161173737 0.5094110190114085 0.7301454138405231 1.0439696594142394 0.0 0.0 1.029722301285074 0.4277912762007794 0.40612143093016484 0.4615378926334879 0.46662976501261283 0.0 22779822748.690914 0.09747662969097383 22723023130.77793 22702618809.759377 22302602979.442627 22413839367.340214 22878411020.002083 0.10473474994128348 0.10871828384348811 22901867061.376305 -9999.0 -9999.0 -9999.0 -9999.0 -9999.0 -9999.0 -9999.0 -9999.0 -9999.0
0.7750469739966255 0.7608859168825447 0.7493442184289288 0.7481462850858486 275339161.26013654 0.0 0.0 0.47032856963896935 0.5676043218925776 0.9240459516896234 0.9479432943749924 0.9470529672272806 0.8897163357721903 0.8909667797272706 1.1320950928586893 1.137713309256627 0.0 0.0 1.1156827718288191 1.0979368904102753 0.7476034438730764 0.5182450480500473 0.504547251581198 0.4572601427341575 0.4562583106296691 0.0 0.0 0.0 0.46355205843545005 0.5161532661731985 0.7716767349910285 0.7869548626543503 1.0649607253578381 1.0653916852247556 1.0806973094569772 1.0468526251933765 1.0257412613661296 0.7135229527284707 0.42663960061350903 0.4792700878988067 0.44811460742065967 0.0 22059413659.357376 0.09792869469617116 22574099721.28738 23000043570.378994 22278768331.013603 22334342432.671036 0.09038662990698121 0.09265364535834772 0.10272927845693466 3203849289.100914 -9999.0 -9999.0 -9999.0 -9999.0 -9999.0 -9999.0 -9999.0 -9999.0 -9999.0
