data/moz/moz_initialpopulation.asc
ncols         234
nrows         368
xllcorner     195196.26821073
yllcorner     7004178.4200866
cellsize      5000
NODATA_value  -9999
[rows 288 to 323 of 368, columns 0 to 80 of 234]
-9999 -9999 -9999 -9999 -9999 -9999 -9999 -9999 -9999 -9999 -9999 -9999 -9999 -9999 -9999 -9999 -9999 -9999 -9999 -9999 -9999 -9999 -9999 -9999 -9999 -9999 -9999 -9999 -9999 -9999 -9999 9 30 24 22 30 35 45 38 13 10 9 7 7 7 7 11 14 30 69 196 105 161 66 54 47 43 29 22 22 21 19 26 22 22 23 28 60 110 177 136 86 93 100 58 57 55 64 100 68 43
-9999 -9999 -9999 -9999 -9999 -9999 -9999 -9999 -9999 -9999 -9999 -9999 -9999 -9999 -9999 -9999 -9999 -9999 -9999 -9999 -9999 -9999 -9999 -9999 -9999 -9999 -9999 -9999 -9999 -9999 -9999 -9999 8 26 18 22 27 36 77 30 14 10 9 7 7 9 11 12 19 36 113 87 137 77 50 42 38 29 24 22 24 30 37 27 24 21 28 45 115 114 131 97 119 78 53 59 61 72 101 70 45
-9999 -9999 -9999 -9999 -9999 -9999 -9999 -9999 -9999 -9999 -9999 -9999 -9999 -9999 -9999 -9999 -9999 -9999 -9999 -9999 -9999 -9999 -9999 -9999 -9999 -9999 -9999 -9999 -9999 -9999 -9999 -9999 -9999 12 21 18 24 36 91 72 38 25 18 15 21 29 43 44 51 75 102 103 134 87 50 40 41 32 31 34 26 39 43 39 36 27 29 40 80 83 115 123 98 65 61 70 99 98 104 74 30
-9999 -9999 -9999 -9999 -9999 -9999 -9999 -9999 -9999 -9999 -9999 -9999 -9999 -9999 -9999 -9999 -9999 -9999 -9999 -9999 -9999 -9999 -9999 -9999 -9999 -9999 -9999 -9999 -9999 -9999 -9999 -9999 -9999 -9999 16 14 19 29 59 113 59 34 29 21 26 30 51 55 65 96 142 141 146 95 66 45 38 38 39 36 36 37 43 47 45 34 28 59 76 66 106 99 64 61 85 107 78 69 104 80 20
-9999 -9999 -9999 -9999 -9999 -9999 -9999 -9999 -9999 -9999 -9999 -9999 -9999 -9999 -9999 -9999 -9999 -9999 -9999 -9999 -9999 -9999 -9999 -9999 -9999 -9999 -9999 -9999 -9999 -9999 -9999 -9999 -9999 -9999 13 12 12 27 51 76 88 55 38 30 30 29 33 47 65 196 324 207 119 111 75 67 67 59 43 41 40 39 39 49 51 38 34 72 59 78 91 64 64 83 105 72 63 71 100 38 21
-9999 -9999 -9999 -9999 -9999 -9999 -9999 -9999 -9999 -9999 -9999 -9999 -9999 -9999 -9999 -9999 -9999 -9999 -9999 -9999 -9999 -9999 -9999 -9999 -9999 -9999 -9999 -9999 -9999 -9999 -9999 -9999 -9999 -9999 7 12 13 22 54 56 60 94 58 49 40 34 30 40 60 202 359 283 127 150 83 72 88 72 49 47 44 42 40 53 53 50 65 65 66 99 72 59 71 103 78 67 71 70 30 17 23
-9999 -9999 -9999 -9999 -9999 -9999 -9999 -9999 -9999 -9999 -9999 -9999 -9999 -9999 -9999 -9999 -9999 -9999 -9999 -9999 -9999 -9999 -9999 -9999 -9999 -9999 -9999 -9999 -9999 -9999 -9999 -9999 -9999 -9999 4 17 22 31 54 80 109 116 131 94 56 51 40 33 49 121 354 294 153 236 160 105 91 80 50 47 45 43 50 61 66 95 93 74 95 78 61 62 84 101 68 68 72 51 11 32 39
-9999 -9999 -9999 -9999 -9999 -9999 -9999 -9999 -9999 -9999 -9999 -9999 -9999 -9999 -9999 -9999 -9999 -9999 -9999 -9999 -9999 -9999 -9999 -9999 -9999 -9999 -9999 -9999 -9999 -9999 -9999 -9999 -9999 -9999 -9999 17 34 47 74 97 152 301 156 181 168 192 74 38 49 80 161 251 503 564 245 123 96 76 47 42 47 48 63 76 110 109 79 115 96 68 67 84 105 78 64 70 68 13 15 64 50
-9999 -9999 -9999 -9999 -9999 -9999 -9999 -9999 -9999 -9999 -9999 -9999 -9999 -9999 -9999 -9999 -9999 -9999 -9999 -9999 -9999 -9999 -9999 -9999 -9999 -9999 -9999 -9999 -9999 -9999 -9999 -9999 -9999 -9999 -9999 17 40 52 84 95 61 83 36 355 306 361 162 66 47 93 108 203 709 1176 249 168 120 78 52 43 46 53 73 108 118 93 115 135 71 54 84 101 76 66 59 64 30 9 16 33 45
-9999 -9999 -9999 -9999 -9999 -9999 -9999 -9999 -9999 -9999 -9999 -9999 -9999 -9999 -9999 -9999 -9999 -9999 -9999 -9999 -9999 -9999 -9999 -9999 -9999 -9999 -9999 -9999 -9999 -9999 -9999 -9999 -9999 -9999 -9999 -9999 23 55 78 74 37 398 333 723 734 478 232 59 115 122 88 137 323 565 254 192 141 85 55 47 47 66 105 120 93 123 164 107 68 62 86 54 52 55 74 52 9 11 15 28 33
-9999 -9999 -9999 -9999 -9999 -9999 -9999 -9999 -9999 -9999 -9999 -9999 -9999 -9999 -9999 -9999 -9999 -9999 -9999 -9999 -9999 -9999 -9999 -9999 -9999 -9999 -9999 -9999 -9999 -9999 -9999 -9999 -9999 -9999 -9999 -9999 -9999 9 104 170 148 294 202 652 563 188 255 248 268 166 89 104 272 619 243 168 122 87 61 49 58 78 124 103 103 152 167 141 93 99 66 54 49 26 29 13 9 12 17 15 26
-9999 -9999 -9999 -9999 -9999 -9999 -9999 -9999 -9999 -9999 -9999 -9999 -9999 -9999 -9999 -9999 -9999 -9999 -9999 -9999 -9999 -9999 -9999 -9999 -9999 -9999 -9999 -9999 -9999 -9999 -9999 -9999 -9999 -9999 -9999 -9999 -9999 -9999 83 116 165 99 93 188 186 179 326 352 396 361 176 99 303 359 232 120 106 91 67 74 80 104 101 101 141 133 142 140 120 90 57 49 55 28 9 10 13 20 16 12 25
-9999 -9999 -9999 -9999 -9999 -9999 -9999 -9999 -9999 -9999 -9999 -9999 -9999 -9999 -9999 -9999 -9999 -9999 -9999 -9999 -9999 -9999 -9999 -9999 -9999 -9999 -9999 -9999 -9999 -9999 -9999 -9999 -9999 -9999 -9999 -9999 -9999 -9999 37 89 110 94 93 154 106 166 166 186 207 356 318 199 255 252 220 154 109 102 79 66 95 136 93 130 146 108 147 303 167 85 61 64 64 32 12 13 22 30 20 14 29
-9999 -9999 -9999 -9999 -9999 -9999 -9999 -9999 -9999 -9999 -9999 -9999 -9999 -9999 -9999 -9999 -9999 -9999 -9999 -9999 -9999 -9999 -9999 -9999 -9999 -9999 -9999 -9999 -9999 -9999 -9999 -9999 -9999 -9999 -9999 -9999 -9999 -9999 24 74 83 102 91 75 99 117 131 139 120 183 303 188 283 317 242 225 225 141 91 72 104 178 130 146 107 108 143 251 101 93 72 78 77 34 13 17 43 36 39 43 56
-9999 -9999 -9999 -9999 -9999 -9999 -9999 -9999 -9999 -9999 -9999 -9999 -9999 -9999 -9999 -9999 -9999 -9999 -9999 -9999 -9999 -9999 -9999 -9999 -9999 -9999 -9999 -9999 -9999 -9999 -9999 -9999 -9999 -9999 -9999 -9999 -9999 -9999 13 69 86 78 91 87 76 84 129 122 119 134 214 261 358 246 207 438 390 162 118 98 91 196 194 133 108 116 174 164 77 74 78 80 87 43 15 29 58 36 133 92 72
-9999 -9999 -9999 -9999 -9999 -9999 -9999 -9999 -9999 -9999 -9999 -9999 -9999 -9999 -9999 -9999 -9999 -9999 -9999 -9999 -9999 -9999 -9999 -9999 -9999 -9999 -9999 -9999 -9999 -9999 -9999 -9999 -9999 -9999 -9999 -9999 -9999 -9999 4 59 83 73 83 118 110 107 124 153 115 120 312 300 356 179 157 358 315 354 190 129 162 217 193 165 139 176 163 93 70 80 89 93 111 76 28 34 32 32 97 88 74
-9999 -9999 -9999 -9999 -9999 -9999 -9999 -9999 -9999 -9999 -9999 -9999 -9999 -9999 -9999 -9999 -9999 -9999 -9999 -9999 -9999 -9999 -9999 -9999 -9999 -9999 -9999 -9999 -9999 -9999 -9999 -9999 -9999 -9999 -9999 -9999 -9999 -9999 -9999 36 53 51 65 86 80 106 82 60 110 170 199 183 120 76 146 230 264 684 316 225 244 244 225 274 324 234 143 70 75 86 116 181 223 373 64 29 20 30 91 85 89
-9999 -9999 -9999 -9999 -9999 -9999 -9999 -9999 -9999 -9999 -9999 -9999 -9999 -9999 -9999 -9999 -9999 -9999 -9999 -9999 -9999 -9999 -9999 -9999 -9999 -9999 -9999 -9999 -9999 -9999 -9999 -9999 -9999 -9999 -9999 -9999 -9999 -9999 -9999 4 26 28 30 40 30 36 28 24 61 95 127 206 121 86 102 186 251 690 499 326 251 315 355 567 307 186 126 108 91 94 150 299 707 513 217 137 82 74 97 99 109
-9999 -9999 -9999 -9999 -9999 -9999 -9999 -9999 -9999 -9999 -9999 -9999 -9999 -9999 -9999 -9999 -9999 -9999 -9999 -9999 -9999 -9999 -9999 -9999 -9999 -9999 -9999 -9999 -9999 -9999 -9999 -9999 -9999 -9999 -9999 -9999 -9999 -9999 -9999 -9999 17 31 26 24 24 24 17 16 22 35 69 158 131 150 171 243 434 498 1313 606 309 428 326 378 323 230 163 152 104 141 209 376 768 608 535 209 217 194 123 109 126
-9999 -9999 -9999 -9999 -9999 -9999 -9999 -9999 -9999 -9999 -9999 -9999 -9999 -9999 -9999 -9999 -9999 -9999 -9999 -9999 -9999 -9999 -9999 -9999 -9999 -9999 -9999 -9999 -9999 -9999 -9999 -9999 -9999 -9999 -9999 -9999 -9999 -9999 -9999 -9999 12 26 26 22 19 18 15 15 19 25 50 70 86 116 161 214 500 530 2298 833 558 401 296 302 486 329 259 247 124 146 254 421 365 321 426 227 255 219 147 146 196
-9999 -9999 -9999 -9999 -9999 -9999 -9999 -9999 -9999 -9999 -9999 -9999 -9999 -9999 -9999 -9999 -9999 -9999 -9999 -9999 -9999 -9999 -9999 -9999 -9999 -9999 -9999 -9999 -9999 -9999 -9999 -9999 -9999 -9999 -9999 -9999 -9999 -9999 -9999 -9999 9 24 22 26 17 16 18 17 18 30 55 57 61 91 111 291 1064 1880 6829 3020 1012 563 293 303 580 375 349 213 171 169 326 150 162 420 455 335 237 230 167 197 270
-9999 -9999 -9999 -9999 -9999 -9999 -9999 -9999 -9999 -9999 -9999 -9999 -9999 -9999 -9999 -9999 -9999 -9999 -9999 -9999 -9999 -9999 -9999 -9999 -9999 -9999 -9999 -9999 -9999 -9999 -9999 -9999 -9999 -9999 -9999 -9999 -9999 -9999 -9999 -9999 5 33 32 26 23 26 21 19 19 38 47 51 55 74 99 192 913 3339 1418 1151 1763 2833 688 359 351 207 254 312 286 261 257 49 260 329 445 368 252 220 190 276 437
-9999 -9999 -9999 -9999 -9999 -9999 -9999 -9999 -9999 -9999 -9999 -9999 -9999 -9999 -9999 -9999 -9999 -9999 -9999 -9999 -9999 -9999 -9999 -9999 -9999 -9999 -9999 -9999 -9999 -9999 -9999 -9999 -9999 -9999 -9999 -9999 -9999 -9999 -9999 -9999 3 40 66 50 49 45 29 26 36 51 53 48 62 71 108 190 350 407 1029 2269 5810 6073 1313 866 434 387 251 240 195 383 371 133 357 290 426 341 244 225 239 441 921
-9999 -9999 -9999 -9999 -9999 -9999 -9999 -9999 -9999 -9999 -9999 -9999 -9999 -9999 -9999 -9999 -9999 -9999 -9999 -9999 -9999 -9999 -9999 -9999 -9999 -9999 -9999 -9999 -9999 -9999 -9999 -9999 -9999 -9999 -9999 -9999 -9999 -9999 -9999 -9999 4 26 38 27 24 27 61 52 57 60 66 66 78 83 129 218 219 173 301 768 23078 12276 1544 1537 1378 589 479 760 951 977 390 180 530 353 446 359 247 221 335 553 532
-9999 -9999 -9999 -9999 -9999 -9999 -9999 -9999 -9999 -9999 -9999 -9999 -9999 -9999 -9999 -9999 -9999 -9999 -9999 -9999 -9999 -9999 -9999 -9999 -9999 -9999 -9999 -9999 -9999 -9999 -9999 -9999 -9999 -9999 -9999 -9999 -9999 -9999 -9999 -9999 5 18 20 19 15 22 32 35 88 96 78 108 120 171 241 300 284 159 265 734 2177 5215 3258 931 1527 2321 1546 1453 1588 773 243 178 663 671 447 389 297 332 347 526 321
-9999 -9999 -9999 -9999 -9999 -9999 -9999 -9999 -9999 -9999 -9999 -9999 -9999 -9999 -9999 -9999 -9999 -9999 -9999 -9999 -9999 -9999 -9999 -9999 -9999 -9999 -9999 -9999 -9999 -9999 -9999 -9999 -9999 -9999 -9999 -9999 -9999 -9999 -9999 -9999 5 22 23 20 19 22 35 31 39 147 167 163 160 145 165 214 289 134 188 537 522 904 1806 1006 760 1322 3381 3958 905 598 129 520 938 757 396 341 313 356 310 782 391
-9999 -9999 -9999 -9999 -9999 -9999 -9999 -9999 -9999 -9999 -9999 -9999 -9999 -9999 -9999 -9999 -9999 -9999 -9999 -9999 -9999 -9999 -9999 -9999 -9999 -9999 -9999 -9999 -9999 -9999 -9999 -9999 -9999 -9999 -9999 -9999 -9999 -9999 -9999 -9999 6 26 23 28 36 30 26 28 36 78 226 167 148 143 169 190 194 247 213 374 354 567 1922 1058 1600 4678 7127 7731 2953 2121 1779 20655 8977 1353 725 708 764 690 1410 2160 1587
-9999 -9999 -9999 -9999 -9999 -9999 -9999 -9999 -9999 -9999 -9999 -9999 -9999 -9999 -9999 -9999 -9999 -9999 -9999 -9999 -9999 -9999 -9999 -9999 -9999 -9999 -9999 -9999 -9999 -9999 -9999 -9999 -9999 -9999 -9999 -9999 -9999 -9999 -9999 -9999 7 26 24 32 45 30 26 30 30 53 228 200 130 139 152 186 187 314 349 370 303 400 744 1401 2613 4219 4952 1923 2679 1709 1295 14254 23105 3272 3159 2650 1339 1996 10893 9873 2499
-9999 -9999 -9999 -9999 -9999 -9999 -9999 -9999 -9999 -9999 -9999 -9999 -9999 -9999 -9999 -9999 -9999 -9999 -9999 -9999 -9999 -9999 -9999 -9999 -9999 -9999 -9999 -9999 -9999 -9999 -9999 -9999 -9999 -9999 -9999 -9999 -9999 -9999 -9999 -9999 5 40 42 43 43 45 38 47 53 82 160 162 111 120 188 183 245 462 691 297 272 281 305 832 813 1162 1268 917 878 1449 1253 1447 1336 1712 7303 2368 1267 1662 2290 4062 2030
-9999 -9999 -9999 -9999 -9999 -9999 -9999 -9999 -9999 -9999 -9999 -9999 -9999 -9999 -9999 -9999 -9999 -9999 -9999 -9999 -9999 -9999 -9999 -9999 -9999 -9999 -9999 -9999 -9999 -9999 -9999 -9999 -9999 -9999 -9999 -9999 -9999 -9999 -9999 -9999 -9999 62 118 78 36 56 91 68 53 66 125 217 137 142 194 202 312 649 913 349 357 231 309 981 638 771 751 810 993 1192 1669 2906 1540 1998 3236 2137 1001 1132 1689 1338 636
-9999 -9999 -9999 -9999 -9999 -9999 -9999 -9999 -9999 -9999 -9999 -9999 -9999 -9999 -9999 -9999 -9999 -9999 -9999 -9999 -9999 -9999 -9999 -9999 -9999 -9999 -9999 -9999 -9999 -9999 -9999 -9999 -9999 -9999 -9999 -9999 -9999 -9999 -9999 -9999 -9999 69 96 103 66 80 138 129 72 74 139 230 154 173 226 275 368 484 455 536 404 362 528 1441 919 793 917 1096 1798 2995 2303 2463 1550 934 3374 3735 1636 1693 904 368 244
-9999 -9999 -9999 -9999 -9999 -9999 -9999 -9999 -9999 -9999 -9999 -9999 -9999 -9999 -9999 -9999 -9999 -9999 -9999 -9999 -9999 -9999 -9999 -9999 -9999 -9999 -9999 -9999 -9999 -9999 -9999 -9999 -9999 -9999 -9999 -9999 -9999 -9999 -9999 -9999 -9999 47 51 55 76 68 109 202 141 98 169 311 206 209 283 251 479 483 393 694 507 423 793 1685 995 919 1238 1516 2095 1930 1588 3640 1052 976 1953 5844 2400 2127 2322 415 286
-9999 -9999 -9999 -9999 -9999 -9999 -9999 -9999 -9999 -9999 -9999 -9999 -9999 -9999 -9999 -9999 -9999 -9999 -9999 -9999 -9999 -9999 -9999 -9999 -9999 -9999 -9999 -9999 -9999 -9999 -9999 -9999 -9999 -9999 -9999 -9999 -9999 -9999 -9999 -9999 -9999 40 55 59 82 78 91 125 159 152 188 345 387 313 365 421 553 366 448 729 544 570 1218 2201 1623 2137 2341 2970 5074 3074 3714 6829 2061 884 1579 2972 3978 3647 2194 1237 377
-9999 -9999 -9999 -9999 -9999 -9999 -9999 -9999 -9999 -9999 -9999 -9999 -9999 -9999 -9999 -9999 -9999 -9999 -9999 -9999 -9999 -9999 -9999 -9999 -9999 -9999 -9999 -9999 -9999 -9999 -9999 -9999 -9999 -9999 -9999 -9999 -9999 -9999 -9999 -9999 -9999 36 58 73 66 51 72 89 106 137 185 443 867 1000 901 878 945 262 304 539 843 993 2709 5229 2342 1725 1194 1323 1624 1636 2742 9595 7633 2305 2831 2555 7068 5631 3767 2851 1732
-9999 -9999 -9999 -9999 -9999 -9999 -9999 -9999 -9999 -9999 -9999 -9999 -9999 -9999 -9999 -9999 -9999 -9999 -9999 -9999 -9999 -9999 -9999 -9999 -9999 -9999 -9999 -9999 -9999 -9999 -9999 -9999 -9999 -9999 -9999 -9999 -9999 -9999 -9999 -9999 -9999 40 68 91 74 76 74 72 90 146 134 236 684 2940 2211 2905 6989 3933 1463 432 1060 2053 12746 15373 1934 854 833 1020 858 1163 1851 1762 2311 12132 13555 16979 8859 4319 2222 2065 -9999
-9999 -9999 -9999 -9999 -9999 -9999 -9999 -9999 -9999 -9999 -9999 -9999 -9999 -9999 -9999 -9999 -9999 -9999 -9999 -9999 -9999 -9999 -9999 -9999 -9999 -9999 -9999 -9999 -9999 -9999 -9999 -9999 -9999 -9999 -9999 -9999 -9999 -9999 -9999 -9999 -9999 50 115 109 115 101 94 65 88 173 261 651 827 829 632 802 2906 3840 3817 2240 1283 1994 1601 1983 581 248 178 466 483 593 883 751 1020 5592 30334 18105 4109 1927 -9999 -9999 -9999
