data/moz/moz_beta.asc
ncols	234
nrows	368
xllcorner	195196.26821073
yllcorner	7004178.4200866
cellsize	5000
NODATA_value	-9999
[rows 150 to 174 of 368, columns 110 to 164 of 234]
0.2645155014600124 0.222167196979519 0.24898775684035487 0.2871082162242173 0.2617461173358147 0.275144578146236 0.27052444725283475 0.27309154902602417 0.2880715619813037 0.308608170235223 0.29300120144318237 0.28610476580985816 0.2963438772889903 0.36439604512626694 0.3595667300093495 0.38263303114134345 0.37918103151463994 0.34822295970140155 0.380621649530911 0.3952223219053386 0.43060473248891057 0.3205602030649387 0.42682351079390457 0.39375113563469133 0.37681146993475256 0.38196130336728623 0.3774531830235106 0.31460063881221334 0.3201599589821176 0.36408706533526913 0.3463505967250331 0.31322016585392926 0.270245398447102 0.29058529070971595 0.2106102007537785 0.2355007383268163 0.21600225667153017 0.19271767111549096 0.18935604788939825 0.1665042995278795 0.15934056209543931 0.16736338175393717 0.18380403477047835 0.18091453569250998 0.18411179793332144 0.20677226499358856 0.19799167663007694 0.2047120502862918 0.21112790516638924 0.2314621484283771 0.20273540015634506 0.23844033504046566 0.21155930178820312 0.2052081004627727 0.19203504090222112
0.300175430610175 0.18629605427650944 0.2139176724676112 0.2911481365647867 0.27043630388154183 0.2310168026904807 0.20633542375912076 0.24761283891469227 0.24971172677745154 0.2874800601379796 0.29035248998224666 0.303556962931992 0.306017597408315 0.30093403811537517 0.2929928193875527 0.3267259929198941 0.3936035531192802 0.3911797287798101 0.36767517310756936 0.3603483460167498 0.45687543984883766 0.3867952486549167 0.3619598709226732 0.4435630615237993 0.4148450834929089 0.38607274003709907 0.3326165757655516 0.27421261308374223 0.3296282163582815 0.3505925502734503 0.3716315318809618 0.31084420550136715 0.29855162967273136 0.2846626524450146 0.20827027912833027 0.21806940871682096 0.21832682279765064 0.19710987008265177 0.1836959984433729 0.17549809989379034 0.17655035081652942 0.17371172415244665 0.15706759922128077 0.17992645137652616 0.18645160452386753 0.16366708029553448 0.16689599069055133 0.1571197245684466 0.20751357808727347 0.2060027437101962 0.22391089025861277 0.22802045081473188 0.2099079190517214 0.20051739397360624 0.17384293837810819
0.28182884459929136 0.1881399440383774 0.22608991843920007 0.2478138422170174 0.25405638742878356 0.21273446857266123 0.2020296141297327 0.260573224297822 0.2700455958510248 0.26710558097454357 0.2974902891629347 0.3174160123554844 0.29831443888939746 0.28495688095821375 0.32144129989645337 0.32144893135186114 0.3209202059594777 0.3481497197153696 0.32028751954680823 0.35437037038591207 0.4014912373351356 0.398950817404815 0.3593501516281571 0.4042760142276145 0.42577832238963004 0.40076240682227116 0.34041045362739697 0.3095287917489837 0.33003113927935857 0.36408310728855914 0.35331334581128326 0.34456568972500656 0.3263330827744667 0.33360475774180537 0.256567294795567 0.2261017938373242 0.21293081486587814 0.17895942790590408 0.18090676858145216 0.16188043584430295 0.1646387016138387 0.16715965230860355 0.1534696722739848 0.161289492384398 0.17743671264597338 0.1798225858982991 0.16576960144624805 0.14191359122394098 0.1756275708003721 0.22948686478033137 0.2189557447652073 0.20714870128185203 0.20456729985850572 0.18627067483498638 0.1798657209666278
0.24387780050592434 0.18962546462401048 0.21972675074872272 0.28135286159473544 0.2609978894842582 0.2611126630581774 0.2635893086533176 0.2974557305624626 0.2719787396734511 0.2782457455331384 0.28546571293053014 0.28490821670802663 0.2671436967106519 0.2810725156014199 0.34760306664202645 0.34903059402219544 0.3568959740540713 0.3354818289858968 0.28686697571528913 0.3172380427624598 0.3544807428934754 0.3604432420444831 0.3922902233067945 0.3301154632935182 0.35155382404209945 0.40253339807610017 0.36066148102368983 0.28922599005196786 0.26006664740852575 0.2899354762342357 0.30304732839457843 0.2992426900267708 0.30894470072027147 0.3012213466402489 0.27549176826519045 0.21780680152901596 0.2197347610619237 0.19981362941802377 0.18916084407707667 0.18615129027569494 0.16132357532939645 0.15755076078439875 0.19362129211692972 0.21810272810312642 0.1741907680670217 0.17703927875071748 0.18296662708893885 0.1776449619092477 0.21376802550410842 0.20874913772586876 0.23514320005291883 0.2142935126343473 0.22477425458333875 0.20725878532612882 0.20784459640851452
0.2617147765790488 0.17428707812840472 0.22413494035217615 0.2923166061276809 0.25878487955990204 0.28181528273028317 0.2647636641146581 0.26830159170024726 0.2707271083374529 0.29005630580218084 0.2837563543630788 0.28499578733745606 0.29294019178440467 0.290091964629855 0.3500606325316154 0.34175899839532986 0.3476118648742393 0.35903231828081905 0.31647277058209455 0.29072108056169427 0.29011927296164924 0.3191280528772194 0.363275480628859 0.372187810007373 0.3220357078373132 0.30874912272429217 0.32279536908788553 0.28067708734783114 0.2282019840011643 0.24060110149530534 0.2502984341630085 0.26306365003247734 0.2889510017689314 0.26030728017626004 0.2291733117929925 0.2280999546705279 0.2263442486500474 0.22481713264534917 0.208999282549899 0.21728699620097305 0.2106372334396148 0.1577748718647913 0.2218076566868955 0.20054968420972324 0.20181379849298647 0.19475156491307796 0.181512963304394 0.19017860992958546 0.19224508391848938 0.20095637169769306 0.21994547737628858 0.20533460937524717 0.1808356950471198 0.1884472580991789 0.1610196962588271
0.25711963657979325 0.18000218747339314 0.22885228387047393 0.2775271869524704 0.2748543325064871 0.28269982180678005 0.2922466121616334 0.2795108111610813 0.2864057838193724 0.2870739187265529 0.27776015340460664 0.3159773793970147 0.31306105045826793 0.27267662798813885 0.2795936017366914 0.3328651066457565 0.37501000737043244 0.4009468542744943 0.3375455500843587 0.24438090252417904 0.24085204105856445 0.2605509076434574 0.3615983324594998 0.34609821692845477 0.3509517479953372 0.3391295414957786 0.2559446143539842 0.24049004393917664 0.21805913767137908 0.2098685549387752 0.21692539914456224 0.22908400094341902 0.2073083856213482 0.23110099538397438 0.20498065464507567 0.2145441392464325 0.21092710768381143 0.2332386727191259 0.2270105822016414 0.20203421471517433 0.2036620278034437 0.1534800333238969 0.19161042163786574 0.1972301430713338 0.18880069693728044 0.19138757975976986 0.2024021945054476 0.19668501382788867 0.20277719808306058 0.2110696460759797 0.18471961329101846 0.17030382156341428 0.1565518598061659 0.0 -9999.0
0.22947132570753476 0.18811851598345342 0.25124211661509255 0.29946395304932183 0.2831096922375334 0.25826724470510637 0.2782361851395125 0.27948046878486765 0.3096094703706301 0.2642275884624598 0.2800738835916975 0.28227754052283854 0.2893253755186662 0.2940065427248331 0.30289711507001504 0.28108844940151234 0.3033185921200676 0.34071947576026257 0.23736004413592363 0.19849869859759614 0.200843209219392 0.1895856093533116 0.20534871487835427 0.24044295046266426 0.2433018903898854 0.25985392025500664 0.25844146607878254 0.2242568256717208 0.2316669674426041 0.23477096944925896 0.22188038606138427 0.21676085974978568 0.21014552927481622 0.2201318232583525 0.2352067528581933 0.22758514384181935 0.20724218886786308 0.19981654630948548 0.19884289696653126 0.19771434073846894 0.20543087043040986 0.21975869259162692 0.20220076566206358 0.2042448742095296 0.19696786167385952 0.18512325356646975 0.20961993612673882 0.2163287708680563 0.21312152168715665 0.22194928029038494 0.0 0.0 -9999.0 -9999.0 -9999.0
0.21416653380848608 0.217670606168737 0.28649302796406256 0.2898816674122546 0.2732243704079913 0.2866697979101346 0.2930402801021905 0.265870700940705 0.27289663429593825 0.27546196860144007 0.2521087226675889 0.291613614412591 0.27925322061642116 0.2651436961079362 0.2479993262548935 0.22427628346076625 0.25338585594186974 0.23497467463514704 0.2564740187549497 0.20483769598459056 0.18725993691149317 0.20392441587936064 0.2028717713555431 0.1970121190536217 0.23670120705943473 0.23525046741281425 0.22073076540709705 0.22102695475595935 0.225645580869323 0.23530092464378496 0.2238534361613256 0.2193960957042802 0.21778938568470493 0.22188354847573333 0.2298490868322341 0.23295542155822904 0.22435643478638667 0.22482911529298238 0.21554330580554298 0.2312262899019711 0.2242238956788441 0.20496908732650287 0.21816058167244962 0.19979994280475025 0.18629554060362144 0.16884899290670047 0.18607002613763543 0.17516610569461527 0.17468293711980473 0.0 -9999.0 -9999.0 -9999.0 -9999.0 -9999.0
0.20240782439199817 0.22566708342261588 0.28500758943252713 0.26755986411770216 0.25364878091242227 0.2598321486286817 0.2880082536792967 0.26930268415569264 0.25338712998722834 0.2892179599386644 0.24434439889270654 0.23619052047235387 0.23299333845549577 0.22244310614492316 0.2298919220096922 0.24067295995885923 0.2763241045117366 0.253343511934499 0.2601634814121242 0.21694775429349408 0.2303949085346486 0.2331514996329242 0.24620178430570766 0.23136681650029994 0.23674345662655233 0.2977410227661473 0.2606234280649057 0.2051782826598565 0.1807042365430373 0.20967254021509163 0.22804445591672387 0.22175682721158665 0.21371516867972076 0.21661527037909842 0.22875804414682355 0.22948581516558855 0.23737883556731904 0.2274769440811098 0.2230666789677597 0.21719903867391407 0.19927977134215133 0.23231938047064668 0.21831987521385895 0.21467910812606836 0.1866109323878744 0.16485521094511477 0.0 -9999.0 -9999.0 -9999.0 -9999.0 -9999.0 -9999.0 -9999.0 -9999.0
0.2362347875064116 0.17584821989936175 0.25369662022462397 0.24506612077635975 0.2328614003475835 0.2699383400142031 0.30164769390665824 0.2666081250397218 0.26401448950034706 0.2268092991571145 0.2275076159146538 0.24818858559034426 0.2865881872265125 0.28859187174945783 0.26107203836498294 0.2674591593622829 0.281470808012123 0.3035528330604069 0.22018729795615352 0.23920621077860438 0.25662601770969257 0.25157114635487354 0.2561874153069685 0.2611881975552493 0.26987356344474434 0.2644671643547529 0.273943880960137 0.2345000414959161 0.2023421847439174 0.21158156870473516 0.21638352753390241 0.255450150346786 0.21194842096417205 0.22033740534308466 0.21228589373870166 0.22112420196319937 0.20980147864646945 0.19500741535872876 0.18079935803746827 0.17155715599213578 0.18448392308596326 0.22618470310079217 0.20505729399506226 0.1819302928974034 0.0 -9999.0 -9999.0 -9999.0 -9999.0 -9999.0 -9999.0 -9999.0 -9999.0 -9999.0 -9999.0
0.2053214134091118 0.2074598332586152 0.24113161013012913 0.2823932322288313 0.23356930881980842 0.2202003125746942 0.22791053748834694 0.22347381469739852 0.22049979876882245 0.2602971660857002 0.26442589074919487 0.2512075939917737 0.2627060826309997 0.29381422623321246 0.28185043027181134 0.28968125920313925 0.31082690325147766 0.2859448142748105 0.27573490495851793 0.20885816702999704 0.23385718960348947 0.2355684778809988 0.25320928012828625 0.24620755079308937 0.25724586742690686 0.24101940837046623 0.21718693543148998 0.24912304835809063 0.21023752757793004 0.2257421698035469 0.23764921654200066 0.218704366656986 0.2166201878764605 0.21537898220878926 0.19877006472061035 0.19995449162691187 0.18673510872704818 0.16799365912531974 0.15754635098760456 0.1596689063888785 0.19298058275983837 0.18092658853384405 0.18212993949187592 -9999.0 -9999.0 -9999.0 -9999.0 -9999.0 -9999.0 -9999.0 -9999.0 -9999.0 -9999.0 -9999.0 -9999.0
0.23644276006908524 0.18399342356919487 0.2095022491785687 0.23442157201250385 0.22721570588366186 0.2372700217130815 0.22544871627612909 0.22789334035568193 0.2177321034568836 0.24178750588172152 0.2860009616641523 0.25240812332015894 0.26536406702302706 0.3154138342659589 0.3018259344383297 0.25202163732966204 0.2917719752668836 0.3236916360506258 0.2646551227996849 0.18698052518882197 0.1875537622498259 0.24450190733660435 0.24875743350511859 0.22092850650300486 0.22469872038107308 0.20588011357056737 0.17593087107947378 0.17199280277319776 0.17613336365208818 0.2414579185473196 0.24536994673589477 0.21837930276509546 0.23404581738820646 0.2189741271991029 0.2062271124140907 0.18228678302807616 0.1743460630662179 0.16779155919409772 0.17537357567900624 0.16580223748316578 0.1769052806137084 0.0 -9999.0 -9999.0 -9999.0 -9999.0 -9999.0 -9999.0 -9999.0 -9999.0 -9999.0 -9999.0 -9999.0 -9999.0 -9999.0
0.23836433311897035 0.17346128054489462 0.16022780527233907 0.22991518401301625 0.24852334696030426 0.255156951022122 0.28850803213733894 0.25319087746197627 0.22625676430879052 0.2609659419769104 0.2721447286678304 0.2646393750115773 0.25340238495546397 0.291254919974927 0.32498326254101617 0.2306302412396694 0.25488822381525506 0.296542753980991 0.27779141030373405 0.25365767180528265 0.24467334234758548 0.19178025289122178 0.1960525153214328 0.2017359308163068 0.20688600863673276 0.21931925240422642 0.1800042302540156 0.21035778357891774 0.2094040122861943 0.2553763034814419 0.24258979811067405 0.23576717811262496 0.236233719883805 0.2140378738598349 0.17783542301168914 0.19015024766010102 0.2029315363829611 0.23082335473668664 0.1775550029473461 0.16270584720332346 0.0 -9999.0 -9999.0 -9999.0 -9999.0 -9999.0 -9999.0 -9999.0 -9999.0 -9999.0 -9999.0 -9999.0 -9999.0 -9999.0 -9999.0
0.23700674645587497 0.20986622982626674 0.2163165438314938 0.17485970148385654 0.2172500305312982 0.26772291209839194 0.28781438552603633 0.27794712388309456 0.22099255044185562 0.28763454223506485 0.260665955773085 0.23467227233149648 0.26229692395853677 0.28619781435922015 0.2866136657518593 0.23868872533555613 0.27359543881708404 0.2226088224418643 0.22911639756094995 0.2612253715096932 0.24321151060588905 0.26063308045780437 0.24550748726214175 0.2185865963014178 0.210794407882376 0.21523789587379316 0.20417600688121723 0.24903896853720595 0.23260929623793777 0.27638396790701 0.24817918080727988 0.24945733833890113 0.23114968130606647 0.21804400743765964 0.1951994291511947 0.23599408499834718 0.2201280414689711 0.2150865080052209 0.19322825546375377 0.17060279708139384 -9999.0 -9999.0 -9999.0 -9999.0 -9999.0 -9999.0 -9999.0 -9999.0 -9999.0 -9999.0 -9999.0 -9999.0 -9999.0 -9999.0 -9999.0
0.21944083831204023 0.2547832865609564 0.20613761104350686 0.17657657724617032 0.18434469572836826 0.21671552780024178 0.23924771941022052 0.20599894581877964 0.2110027954372908 0.253519917341763 0.20132325010485383 0.1962854951317409 0.30021463841400686 0.2853643867466528 0.23783695222519968 0.25466034455595266 0.27549510280823225 0.24418514333573835 0.23410438654972127 0.2700634435309792 0.2500429271851969 0.2589043021291995 0.24678792882626072 0.2300119771117039 0.1914250195472766 0.22683968849215583 0.22662668029420593 0.23287350203268148 0.23036425830626697 0.2502308329525381 0.26027733293264993 0.23504531559986688 0.19130154725307472 0.16162362728488663 0.19022849229328193 0.19727914741147778 0.23729360391703752 0.22757000810156164 0.17891407692740502 -9999.0 -9999.0 -9999.0 -9999.0 -9999.0 -9999.0 -9999.0 -9999.0 -9999.0 -9999.0 -9999.0 -9999.0 -9999.0 -9999.0 -9999.0 -9999.0
0.26185308768812243 0.27865196755830896 0.23774629425296706 0.19668644267595345 0.18635988624096506 0.18997322473763237 0.17935921735544902 0.19770183750679735 0.20128234859025337 0.2111862856034788 0.1985968800694818 0.23549577504780184 0.2994594907590463 0.27812311442997134 0.2443916484469735 0.26566453824358066 0.2540364654708911 0.24988363699932323 0.23580768120133674 0.250802515870744 0.24366674059557875 0.24991730615650512 0.23754153426597763 0.19901554119493825 0.212441026106837 0.22828004480441402 0.25003738951004245 0.21946493471592315 0.19971938683673562 0.21520264345480736 0.2030164049986905 0.18313811093443452 0.19536272298514173 0.14386754401462334 0.17657860529136948 0.1946239922607725 0.2080248274826552 0.17556224162053596 -9999.0 -9999.0 -9999.0 -9999.0 -9999.0 -9999.0 -9999.0 -9999.0 -9999.0 -9999.0 -9999.0 -9999.0 -9999.0 -9999.0 -9999.0 -9999.0 -9999.0
0.28526728002034135 0.36034976267827534 0.33674779830565754 0.2672588530932591 0.161587101598729 0.18791999280964092 0.17764576765244153 0.17669859569809873 0.13806319687265617 0.15939308034356908 0.19158616267538378 0.2198189301782169 0.21254664057623973 0.22226043183264635 0.20020208534299244 0.21231505352787083 0.19543571489518657 0.19865847224314662 0.22456971126618835 0.213154044255173 0.22278859825078587 0.20894547100993482 0.20256903722095632 0.22898718520518324 0.268864277857837 0.2408510016519795 0.23027671526379034 0.21299940807948078 0.21179631302618057 0.22812075489125985 0.22233967969355953 0.19661528206695938 0.2147881096926356 0.14744085340469051 0.0 0.16720011508094354 0.0 0.0 -9999.0 -9999.0 -9999.0 -9999.0 -9999.0 -9999.0 -9999.0 -9999.0 -9999.0 -9999.0 -9999.0 -9999.0 -9999.0 -9999.0 -9999.0 -9999.0 -9999.0
0.3024272547263621 0.33866556127080205 0.33173260811773225 0.3144453497736485 0.2703372491155439 0.22561312171284126 0.14884795821987531 0.14002817702717726 0.14511853283856344 0.1815166619948734 0.19370145335418326 0.1879053952785819 0.19831072372645384 0.18905534191028725 0.19937498747544694 0.2287263792058129 0.2017011589227504 0.19870502261106787 0.19370520515791959 0.19448520903046837 0.20371221686690638 0.2168968739231206 0.22689858250929637 0.23656332071210295 0.2417504887610453 0.2124103962082502 0.2094344861222254 0.2296215640471538 0.2064511895884455 0.2375700007685746 0.2325774365857217 0.20378361618184343 0.18246093880932107 0.1635907838676965 0.0 0.1599508328978569 -9999.0 -9999.0 -9999.0 -9999.0 -9999.0 -9999.0 -9999.0 -9999.0 -9999.0 -9999.0 -9999.0 -9999.0 -9999.0 -9999.0 -9999.0 -9999.0 -9999.0 -9999.0 -9999.0
0.3077387328742051 0.4075098191422912 0.33900819082691225 0.3323085604033993 0.3048428850387162 0.2967766766555765 0.259211609415621 0.22279947138094638 0.21915884129084473 0.15362826545856237 0.1739968921236467 0.19491645556943227 0.1976531621300005 0.19017974779684532 0.20447995316356352 0.20555763896308932 0.2110773689140827 0.22237629304021334 0.2362333570815925 0.21484727341594254 0.22005740552308056 0.21398142343198073 0.21104614246317493 0.21801345461813068 0.26492698675288384 0.24822713959865458 0.19173448427480563 0.19124945378922936 0.21199944311969246 0.23090824532799628 0.24523763691917735 0.1735778338705328 0.18526003460438395 0.18048697207767464 0.16939568390149848 0.0 -9999.0 -9999.0 -9999.0 -9999.0 -9999.0 -9999.0 -9999.0 -9999.0 -9999.0 -9999.0 -9999.0 -9999.0 -9999.0 -9999.0 -9999.0 -9999.0 -9999.0 -9999.0 -9999.0
0.47294821206188137 0.4809745796167484 0.30625673334183023 0.2911001183773808 0.4213259226520076 0.4189423959267415 0.4019287749514294 0.3037676701887375 0.2332352992492183 0.21638139858031807 0.1969477382821397 0.18640840460921304 0.22909500028587065 0.19392554715404822 0.19421682536992038 0.20613630333631358 0.22620878760563554 0.2458090950608761 0.2513314015812425 0.25323040017499354 0.23840565212571757 0.22298002247234197 0.2789194876454726 0.26653243304151875 0.28307035234587613 0.2559985371539229 0.2328213844874282 0.18061465110180694 0.17684338349744483 0.1599736952394408 0.20839724008001181 0.17615275080356962 0.2100570704257 0.16002763251554347 0.0 -9999.0 -9999.0 -9999.0 -9999.0 -9999.0 -9999.0 -9999.0 -9999.0 -9999.0 -9999.0 -9999.0 -9999.0 -9999.0 -9999.0 -9999.0 -9999.0 -9999.0 -9999.0 -9999.0 -9999.0
0.40383707582543493 0.3427902272944759 0.31297182108534966 0.28847066577636316 0.3088054326957011 0.3138507930971168 0.42868912178779656 0.48530640239711614 0.24425185863201332 0.25776307007834914 0.2064772784245826 0.19973932169073172 0.20088163758170197 0.25640858803568106 0.25962450205996135 0.2203888111160995 0.2071433465977267 0.25527016206684217 0.2696452118508583 0.2338930287572897 0.2348171579176578 0.2656122836344603 0.27250366976891705 0.25449938157331653 0.26072757426843585 0.2562874921637977 0.26454846940306875 0.1972557717103895 0.1523104099686014 0.16179092659154354 0.1942908259640389 0.16990836388225838 0.20318678406071705 0.0 -9999.0 -9999.0 -9999.0 -9999.0 -9999.0 -9999.0 -9999.0 -9999.0 -9999.0 -9999.0 -9999.0 -9999.0 -9999.0 -9999.0 -9999.0 -9999.0 -9999.0 -9999.0 -9999.0 -9999.0 -9999.0
0.31532654687808764 0.29185517741602834 0.3253467713198763 0.28367247045062577 0.34088303921180263 0.33304590933694495 0.381916894457867 0.39645059685347933 0.24235243893266617 0.2781582246341441 0.23635761656952448 0.19721549605393193 0.1835276435868914 0.24134727429695524 0.24067394018058702 0.2365158925043808 0.25486696877131687 0.22126499822543585 0.22840703069877943 0.22997963762489018 0.29381766821847927 0.2693847732328167 0.25433961880134814 0.25279215962464563 0.2544018078647602 0.2664041251592254 0.25633742066642634 0.19952285855219373 0.15641546908503276 0.18345479347808774 0.17263821706868748 0.0 0.0 -9999.0 -9999.0 -9999.0 -9999.0 -9999.0 -9999.0 -9999.0 -9999.0 -9999.0 -9999.0 -9999.0 -9999.0 -9999.0 -9999.0 -9999.0 -9999.0 -9999.0 -9999.0 -9999.0 -9999.0 -9999.0 -9999.0
0.32888762558101087 0.3039505968316244 0.35601387135863644 0.30622074520217957 0.3277768174500878 0.3120541055538087 0.33156167691440436 0.34393114871407654 0.24750228811973565 0.2461635534984055 0.23742538917155423 0.2145869046611913 0.19674060350230316 0.21881861277876274 0.21924643915058645 0.24507544850042803 0.24324687270511228 0.26116944729281577 0.25954192334175047 0.27704350748048306 0.2868062984645875 0.27647459600461993 0.28459555356948585 0.2893031395132971 0.25560898471740506 0.24504047648169486 0.2461748534507076 0.21168400758014114 0.1800648920950504 0.22066650123676784 0.0 0.16562635331176798 -9999.0 -9999.0 -9999.0 -9999.0 -9999.0 -9999.0 -9999.0 -9999.0 -9999.0 -9999.0 -9999.0 -9999.0 -9999.0 -9999.0 -9999.0 -9999.0 -9999.0 -9999.0 -9999.0 -9999.0 -9999.0 -9999.0 -9999.0
0.3004971482503421 0.3306722778021344 0.35929251609310503 0.33616510061070093 0.32617108064021766 0.28716039697063916 0.35869968064366303 0.30336638098211877 0.23713451227847063 0.2607077641850438 0.25887727508258057 0.26712020602277103 0.26071297461489246 0.22210719231458576 0.1804729306218778 0.21304882864706035 0.2611808498761917 0.26862908814189473 0.2560706625393627 0.23396541026732298 0.2852896599482277 0.2811230789200272 0.29319998937537073 0.2519328928390753 0.2666865018570685 0.2590163353593547 0.24208290474607283 0.23304633529684907 0.2058204985060875 0.20749488729576898 0.17238026485264948 -9999.0 -9999.0 -9999.0 -9999.0 -9999.0 -9999.0 -9999.0 -9999.0 -9999.0 -9999.0 -9999.0 -9999.0 -9999.0 -9999.0 -9999.0 -9999.0 -9999.0 -9999.0 -9999.0 -9999.0 -9999.0 -9999.0 -9999.0 -9999.0
0.4087528459746775 0.3367942387255273 0.34512262634211754 0.289792096729182 0.3060851739543127 0.3138176067085767 0.31282396967417747 0.30434757046427724 0.24098171602305754 0.27022240918150925 0.279224260035397 0.25311493424836745 0.272479362737498 0.27612746825838413 0.2578832758597055 0.19007714267036607 0.23357241602899054 0.24780035083588442 0.26233963903817875 0.29340580976230235 0.2816841078953812 0.27969448193692337 0.2790297550668956 0.2508862095029749 0.2241317921633774 0.2411923282669248 0.242777110000666 0.22921519233110832 0.2500532616591695 0.25319934609491873 0.0 -9999.0 -9999.0 -9999.0 -9999.0 -9999.0 -9999.0 -9999.0 -9999.0 -9999.0 -9999.0 -9999.0 -9999.0 -9999.0 -9999.0 -9999.0 -9999.0 -9999.0 -9999.0 -9999.0 -9999.0 -9999.0 -9999.0 -9999.0 -9999.0
