data/moz/moz_pfpr210.asc
ncols         234
nrows         368
xllcorner     195196.26821073
yllcorner     7004178.4200866
cellsize      5000
NODATA_value  -9999
[rows 31 to 61 of 368, columns 70 to 139 of 234]
-9999 -9999 -9999 -9999 -9999 -9999 -9999 -9999 -9999 -9999 -9999 -9999 -9999 -9999 -9999 -9999 -9999 -9999 -9999 -9999 -9999 -9999 -9999 -9999 -9999 -9999 -9999 -9999 -9999 -9999 -9999 -9999 0.2133644 0.206538 0.2322053 0.20953 0.2065556 0.2235626 0.2173684 0.2122157 0.2218909 0.2282069 0.2359351 0.2350605 0.2398062 0.241833 0.2388677 0.2403299 0.2326299 0.237141 0.2311789 0.2598474 0.264726 0.2596365 0.2787531 0.2708722 0.2730153 0.2468744 0.2523939 0.2708553 0.2903916 0.2823075 0.2681496 0.274206 0.2878253 0.2610725 0.2819677 0.2886841 0.269755 0.2888595
-9999 -9999 -9999 -9999 -9999 -9999 -9999 -9999 -9999 -9999 -9999 -9999 -9999 -9999 -9999 -9999 -9999 -9999 -9999 -9999 -9999 -9999 -9999 -9999 -9999 -9999 -9999 -9999 -9999 -9999 -9999 -9999 0.1858723 0.2267616 0.204991 0.2242507 0.1988597 0.2214368 0.2136618 0.2229856 0.2221878 0.2110087 0.2379407 0.2342601 0.2457969 0.226255 0.2500787 0.2320084 0.2115201 0.2314353 0.2376435 0.2534589 0.2766453 0.2798074 0.2886852 0.2874959 0.2795753 0.2592955 0.2697833 0.2685982 0.2919039 0.2846051 0.2741489 0.2643981 0.2866706 0.2694558 0.2788549 0.2680003 0.2582085 0.2705527
-9999 -9999 -9999 -9999 -9999 -9999 -9999 -9999 -9999 -9999 -9999 -9999 -9999 -9999 -9999 -9999 -9999 -9999 -9999 -9999 -9999 -9999 -9999 -9999 -9999 -9999 -9999 -9999 -9999 -9999 -9999 -9999 0.178496 0.2181069 0.1838407 0.2112918 0.2067468 0.2209546 0.2389717 0.2280179 0.22093 0.2202768 0.2376309 0.2384998 0.2469912 0.2424061 0.2422093 0.2318989 0.2349337 0.2381201 0.2473643 0.26342 0.2849352 0.2691289 0.2576961 0.2776777 0.2964925 0.2567872 0.2597114 0.2733569 0.2844445 0.2981296 0.2843485 0.2864392 0.2866468 0.2917528 0.2906588 0.2540729 0.2586154 0.2585009
-9999 -9999 -9999 -9999 -9999 -9999 -9999 -9999 -9999 -9999 -9999 -9999 -9999 -9999 -9999 -9999 -9999 -9999 -9999 -9999 -9999 -9999 -9999 -9999 -9999 -9999 0.2667463 -9999 -9999 -9999 -9999 -9999 0.176906 0.1975891 0.2022697 0.2098785 0.2205819 0.2195661 0.2359415 0.2262187 0.2378673 0.225442 0.2321388 0.2451296 0.2417123 0.2353544 0.2226476 0.2238242 0.2316557 0.2426663 0.2516418 0.2462622 0.2798121 0.2682674 0.2664754 0.2793746 0.287656 0.2594841 0.2735709 0.2810477 0.291737 0.2886826 0.2908497 0.2876241 0.2875274 0.2802127 0.2777116 0.2710992 0.2696836 0.2726987
-9999 -9999 -9999 -9999 -9999 -9999 -9999 -9999 -9999 -9999 -9999 -9999 -9999 -9999 -9999 -9999 -9999 -9999 -9999 -9999 -9999 -9999 -9999 -9999 -9999 -9999 0.2025265 -9999 0.1382256 0.158506 0.1806982 0.1674338 0.195621 0.2207054 0.2131169 0.2456521 0.2462997 0.2163519 0.2157618 0.2270747 0.2300102 0.2436714 0.2293518 0.2384812 0.2099299 0.2109869 0.2318345 0.2291234 0.2450076 0.2624116 0.2810892 0.2595208 0.2811902 0.2688716 0.2706428 0.278764 0.2547578 0.2629011 0.2675088 0.2720357 0.3033751 0.2656038 0.2812135 0.2760475 0.2747585 0.2791061 0.2774579 0.283581 0.2964664 0.2762979
-9999 -9999 -9999 -9999 -9999 -9999 -9999 -9999 -9999 -9999 -9999 -9999 -9999 -9999 -9999 -9999 -9999 -9999 -9999 -9999 -9999 -9999 -9999 -9999 -9999 -9999 -9999 -9999 0.1372117 0.1846254 0.1728783 0.181605 0.2115964 0.2128075 0.2430332 0.2392885 0.2341708 0.2386493 0.2178348 0.2267673 0.2446293 0.2411684 0.2436041 0.2118877 0.2254505 0.2257694 0.2313912 0.2575768 0.2789248 0.2879792 0.2756624 0.2654358 0.2955241 0.2774919 0.3009005 0.2657941 0.2689749 0.2747661 0.2595351 0.2810771 0.2918574 0.2842002 0.2684966 0.284389 0.3082358 0.2801006 0.2928305 0.2652377 0.2811936 0.2869638
-9999 -9999 -9999 -9999 -9999 -9999 -9999 -9999 -9999 -9999 -9999 -9999 -9999 -9999 -9999 -9999 -9999 -9999 -9999 -9999 -9999 -9999 -9999 -9999 -9999 -9999 -9999 -9999 0.1958014 0.1824575 0.208086 0.219528 0.2021833 0.2263333 0.2284629 0.2414512 0.235462 0.2162425 0.2269764 0.2298268 0.2285303 0.2390935 0.2202496 0.2119454 0.1954387 0.2047059 0.2375087 0.2736372 0.2770203 0.2759808 0.2797017 0.2552117 0.286132 0.2778195 0.3016635 0.2835957 0.2631295 0.2851149 0.2768076 0.2771879 0.2950296 0.2830913 0.3055585 0.2761168 0.280913 0.2856731 0.2858296 0.2852289 0.3068273 0.2779391
-9999 -9999 -9999 -9999 -9999 -9999 -9999 -9999 -9999 -9999 -9999 -9999 -9999 -9999 -9999 -9999 -9999 -9999 -9999 -9999 -9999 -9999 -9999 -9999 -9999 -9999 -9999 -9999 0.1938683 0.2292034 0.1982931 0.1984296 0.2138319 0.2373899 0.2561396 0.2544269 0.2415697 0.2222731 0.2197566 0.2316231 0.2299112 0.2242909 0.2156392 0.2144999 0.2175304 0.2113456 0.2566193 0.2518918 0.259223 0.2780556 0.2648307 0.260536 0.3038037 0.2844907 0.2988678 0.2719012 0.2653429 0.2875156 0.2819126 0.3004003 0.3029819 0.2869898 0.304794 0.2911367 0.2923029 0.2824342 0.2785996 0.2958032 0.2929206 0.2976565
-9999 -9999 -9999 -9999 -9999 -9999 -9999 -9999 -9999 -9999 -9999 -9999 -9999 -9999 -9999 -9999 -9999 -9999 -9999 -9999 -9999 -9999 -9999 -9999 -9999 -9999 -9999 -9999 0.1896327 0.1943282 0.2307559 0.2429494 0.2422974 0.2644972 0.2488088 0.2427353 0.2308032 0.2298916 0.21342 0.2240144 0.2275157 0.2254474 0.248513 0.225011 0.2293698 0.2347828 0.2631432 0.2373129 0.2382789 0.2632993 0.2706304 0.2737123 0.2740491 0.2619719 0.2914442 0.2767953 0.2671134 0.2780367 0.289767 0.2822267 0.2956415 0.2824872 0.295783 0.2799588 0.2755719 0.2898336 0.2850758 0.2791269 0.2921376 0.3089679
-9999 -9999 -9999 -9999 -9999 -9999 -9999 -9999 -9999 -9999 -9999 -9999 -9999 -9999 -9999 -9999 -9999 -9999 -9999 -9999 -9999 -9999 -9999 -9999 -9999 -9999 -9999 -9999 0.2102734 0.210329 0.2334491 0.236512 0.2444499 0.2631582 0.2409433 0.2304129 0.2509253 0.219931 0.2217494 0.2174881 0.2482545 0.2375367 0.2353823 0.2165308 0.2342958 0.2375386 0.2285333 0.2464099 0.2514492 0.279577 0.2738803 0.2638809 0.2744918 0.2874903 0.3004813 0.2987473 0.2827037 0.2874418 0.2847189 0.2850109 0.2943019 0.2890639 0.290577 0.2970256 0.2898843 0.2890645 0.2980688 0.2973449 0.2815683 0.3141779
-9999 -9999 -9999 -9999 -9999 -9999 -9999 -9999 -9999 -9999 -9999 -9999 -9999 -9999 -9999 -9999 -9999 -9999 -9999 -9999 -9999 -9999 -9999 -9999 -9999 -9999 -9999 -9999 0.2304325 0.2171513 0.2339672 0.2439805 0.2366914 0.2319308 0.2467941 0.2566624 0.2200778 0.2254494 0.2563917 0.2369005 0.2555726 0.2325707 0.2170494 0.2187013 0.2372972 0.2355412 0.2341726 0.259115 0.258662 0.2661272 0.2519951 0.2749039 0.2824845 0.2936078 0.2850845 0.2820687 0.2970015 0.2785538 0.2801857 0.2892098 0.2930633 0.3084061 0.2995907 0.3105095 0.2960278 0.2995054 0.2903872 0.2985582 0.2674092 0.2887754
-9999 -9999 -9999 -9999 -9999 -9999 -9999 -9999 -9999 -9999 -9999 -9999 -9999 -9999 -9999 -9999 -9999 -9999 -9999 -9999 -9999 -9999 -9999 -9999 -9999 -9999 -9999 -9999 0.2296794 0.2234463 0.2246457 0.2471178 0.2428778 0.2495588 0.240329 0.2563508 0.2188659 0.2119167 0.2362643 0.2447157 0.2351405 0.2282178 0.2192185 0.2328 0.2205724 0.2412171 0.2704435 0.2602746 0.2682033 0.2571957 0.2331122 0.2701574 0.2800806 0.2799575 0.2954868 0.304233 0.2823965 0.2947682 0.2872331 0.2834036 0.2828624 0.2998098 0.3000535 0.2991854 0.2820501 0.2969855 0.2952178 0.2728834 0.268621 0.2945436
-9999 -9999 -9999 -9999 -9999 -9999 -9999 -9999 -9999 -9999 -9999 -9999 -9999 -9999 -9999 -9999 -9999 -9999 -9999 -9999 -9999 -9999 -9999 -9999 -9999 -9999 -9999 0.1967377 0.2208743 0.2713883 0.2684138 0.255435 0.2235087 0.2346134 0.244568 0.2471098 0.2074792 0.2340381 0.2446718 0.2441041 0.2356531 0.2398449 0.2135665 0.2148191 0.2343098 0.2642918 0.2382748 0.26606 0.2658995 0.2654041 0.2425758 0.2974854 0.2758533 0.2908311 0.2915015 0.2803343 0.2708188 0.2698448 0.2690175 0.2967438 0.307799 0.2990759 0.2916026 0.308414 0.3209929 0.2897753 0.2695787 0.2837244 0.2997751 0.2888904
-9999 -9999 -9999 -9999 -9999 -9999 -9999 -9999 -9999 -9999 -9999 -9999 -9999 -9999 -9999 -9999 -9999 -9999 -9999 -9999 -9999 -9999 -9999 -9999 -9999 -9999 -9999 0.2215203 0.2228567 0.2225213 0.2390043 0.2257941 0.2417329 0.2471489 0.2408153 0.2394448 0.2332525 0.2511365 0.2672981 0.2334032 0.2292821 0.2330748 0.2237512 0.2209142 0.2276122 0.2483781 0.2483138 0.252158 0.2511385 0.2750979 0.2668411 0.2871817 0.268719 0.2679263 0.3070218 0.2878639 0.2621125 0.277505 0.2622545 0.2927416 0.2932572 0.2868232 0.2926722 0.3185492 0.3289154 0.3035387 0.3014297 0.2977611 0.2913131 0.3229019
-9999 -9999 -9999 -9999 -9999 -9999 -9999 -9999 -9999 -9999 -9999 -9999 -9999 -9999 -9999 -9999 -9999 -9999 -9999 -9999 -9999 -9999 -9999 -9999 -9999 -9999 -9999 0.2323761 0.191046 0.2383692 0.2463639 0.230742 0.2522662 0.2246086 0.2336328 0.2358174 0.2456392 0.2690637 0.2743237 0.2271689 0.2508546 0.2282287 0.2365389 0.234362 0.2372141 0.2474433 0.2587652 0.2478907 0.2448267 0.2615325 0.2710344 0.2684424 0.2613373 0.2715223 0.311586 0.2922713 0.2653952 0.2667312 0.2682143 0.2966773 0.2958637 0.2771418 0.2961402 0.3026759 0.3106352 0.3173164 0.3263161 0.3014942 0.3374644 0.3299097
-9999 -9999 -9999 -9999 -9999 -9999 -9999 -9999 -9999 -9999 -9999 -9999 -9999 -9999 -9999 -9999 -9999 -9999 -9999 -9999 -9999 -9999 -9999 -9999 -9999 -9999 -9999 -9999 0 0.1997816 0.2300375 0.228351 0.2404105 0.2320264 0.246154 0.2138081 0.2496997 0.2655975 0.2692521 0.227282 0.2435123 0.236612 0.2454761 0.2387813 0.2330954 0.2575302 0.2448506 0.2474375 0.2487278 0.2564012 0.2776193 0.2910844 0.2803874 0.2657293 0.2923926 0.2973357 0.3156082 0.3181794 0.3243311 0.3259867 0.2924117 0.2862162 0.2733259 0.3015738 0.3182249 0.3050145 0.2963782 0.2842422 0.2966404 0.3193072
-9999 -9999 -9999 -9999 -9999 -9999 -9999 -9999 -9999 -9999 -9999 -9999 -9999 -9999 -9999 -9999 -9999 -9999 -9999 -9999 -9999 -9999 -9999 -9999 -9999 -9999 -9999 -9999 -9999 0.2078427 0.2180793 0.2485323 0.2253275 0.2266849 0.2368928 0.2288396 0.2424454 0.268531 0.2780002 0.2175227 0.2361205 0.2381441 0.2508006 0.2383875 0.2354927 0.2672637 0.2638482 0.2558149 0.2600547 0.2740344 0.2808576 0.2821569 0.268238 0.284242 0.3032165 0.3082477 0.3185072 0.3161237 0.3216204 0.3277995 0.2804466 0.2930249 0.3023628 0.2929015 0.2915611 0.3246254 0.3157968 0.2950856 0.3094938 0.3089946
-9999 -9999 -9999 -9999 -9999 -9999 -9999 -9999 -9999 -9999 -9999 -9999 -9999 -9999 -9999 -9999 -9999 -9999 -9999 -9999 -9999 -9999 -9999 -9999 -9999 -9999 -9999 -9999 -9999 0.2148092 0.2081013 0.2511288 0.2437023 0.2552107 0.2464583 0.2860306 0.2516059 0.2580402 0.2460097 0.2368055 0.242514 0.243981 0.2460148 0.234414 0.2336411 0.2717086 0.268612 0.2546715 0.2743575 0.2834028 0.2676603 0.2587671 0.245224 0.2839612 0.2913916 0.3039311 0.3166235 0.3301446 0.317342 0.3046186 0.2912614 0.283334 0.299032 0.3064443 0.3182884 0.3336569 0.326695 0.3375295 0.3089007 0.3280708
-9999 -9999 -9999 -9999 -9999 -9999 -9999 -9999 -9999 -9999 -9999 -9999 -9999 -9999 -9999 -9999 -9999 -9999 -9999 -9999 -9999 -9999 -9999 -9999 -9999 -9999 -9999 -9999 -9999 -9999 0.2168797 0.2559069 0.246311 0.2411357 0.254189 0.2649988 0.2709591 0.2517235 0.2388149 0.2475387 0.2458985 0.240233 0.2411913 0.2334867 0.2393386 0.2842439 0.265985 0.2748099 0.2712912 0.290826 0.2660793 0.261145 0.2441869 0.2847415 0.2840308 0.3142715 0.3118958 0.2796982 0.2938809 0.3104607 0.3307403 0.3281047 0.3110564 0.3212487 0.3367113 0.3085419 0.3306537 0.3624526 0.3266341 0.3430034
-9999 -9999 -9999 -9999 -9999 -9999 -9999 -9999 -9999 -9999 -9999 -9999 -9999 -9999 -9999 -9999 -9999 -9999 -9999 -9999 -9999 -9999 -9999 -9999 -9999 -9999 -9999 -9999 -9999 -9999 0.2211729 0.2590875 0.2552287 0.2443275 0.2363152 0.2468891 0.2621514 0.2480166 0.2263463 0.2479367 0.2521008 0.2550395 0.2499646 0.2316673 0.2418121 0.268683 0.2765914 0.2761854 0.3012139 0.268394 0.2674033 0.24589 0.2714666 0.3030249 0.2934951 0.2840644 0.3157668 0.3120393 0.3308001 0.3061612 0.3210592 0.3132504 0.3054627 0.3177575 0.3366473 0.328035 0.3700523 0.3656926 0.3850036 0.3480283
-9999 -9999 -9999 -9999 -9999 -9999 -9999 -9999 -9999 -9999 -9999 -9999 -9999 -9999 -9999 -9999 -9999 -9999 -9999 -9999 -9999 -9999 -9999 -9999 -9999 -9999 -9999 -9999 -9999 0.2332076 0.2492169 0.2727064 0.2551409 0.2517775 0.2351048 0.2196873 0.2405158 0.225294 0.2391221 0.2413524 0.2599424 0.2591333 0.2530759 0.2458588 0.2386619 0.268986 0.2869179 0.2809276 0.2922032 0.2496827 0.2640539 0.2633986 0.2632229 0.2943446 0.2894243 0.3003941 0.3060513 0.3166692 0.3213447 0.3154192 0.3254732 0.3096765 0.327565 0.3444547 0.3398898 0.3073654 0.3577604 0.3437164 0.3366083 0.3467692
-9999 -9999 -9999 -9999 -9999 -9999 -9999 -9999 -9999 -9999 -9999 -9999 -9999 -9999 -9999 -9999 -9999 -9999 -9999 -9999 -9999 -9999 -9999 -9999 -9999 -9999 -9999 -9999 -9999 0.2188571 0.2566727 0.2470374 0.2622687 0.2550724 0.2312188 0.211894 0.2239617 0.2496754 0.2282749 0.2400798 0.255388 0.2581955 0.2656244 0.2481845 0.2382654 0.27193 0.2618283 0.2693529 0.2724074 0.2691993 0.2572268 0.2510955 0.2606757 0.2728466 0.3234694 0.3235744 0.3035593 0.267582 0.2943131 0.330562 0.3319762 0.3173336 0.314166 0.3191823 0.3368585 0.3363293 0.3541492 0.353602 0.3382485 0.3140985
-9999 -9999 -9999 -9999 -9999 -9999 -9999 -9999 -9999 -9999 -9999 -9999 -9999 -9999 -9999 -9999 -9999 -9999 -9999 -9999 -9999 -9999 -9999 -9999 -9999 -9999 -9999 -9999 -9999 0.2121779 0.2569441 0.2537197 0.2597969 0.222575 0.2152879 0.2278276 0.2239169 0.2369788 0.2424408 0.2281593 0.2369636 0.2422886 0.2577643 0.2514648 0.2343774 0.2819962 0.2824952 0.2746169 0.2866717 0.2580676 0.2382332 0.2477949 0.2369651 0.2629702 0.3084646 0.3309947 0.3167073 0.2627914 0.2881962 0.3263052 0.3440276 0.3258559 0.3329075 0.3226685 0.3231633 0.3269834 0.3552725 0.3287173 0.304054 0.3187035
-9999 -9999 -9999 -9999 -9999 -9999 -9999 -9999 -9999 -9999 -9999 -9999 -9999 -9999 -9999 -9999 -9999 -9999 -9999 -9999 -9999 -9999 -9999 -9999 -9999 -9999 -9999 -9999 -9999 0.2225043 0.2746959 0.254797 0.2309657 0.2244984 0.2242092 0.2188507 0.2325097 0.2521122 0.2423015 0.2439696 0.2572009 0.2399767 0.2580573 0.2519962 0.2603077 0.2806487 0.28489 0.2685715 0.2758472 0.2533916 0.2350418 0.2489136 0.2622558 0.2694315 0.3142138 0.3250287 0.3250715 0.3286005 0.3414564 0.3407701 0.3514631 0.3342161 0.335178 0.3348354 0.3280697 0.3443965 0.3592404 0.3132046 0.3197884 0.3291354
-9999 -9999 -9999 -9999 -9999 -9999 -9999 -9999 -9999 -9999 -9999 -9999 -9999 -9999 -9999 -9999 -9999 -9999 -9999 -9999 -9999 -9999 -9999 -9999 -9999 -9999 -9999 -9999 -9999 0.2286854 0.2851182 0.2549926 0.2309083 0.2458277 0.2283965 0.2322491 0.2376575 0.2425178 0.2371077 0.257499 0.2522918 0.2459981 0.2656683 0.2499921 0.2683011 0.2579885 0.2653325 0.2570201 0.271828 0.2544657 0.2593155 0.2440786 0.2557798 0.2652721 0.3360267 0.3121792 0.3362729 0.3257221 0.3403446 0.3423036 0.3238543 0.3256466 0.3520373 0.325325 0.3318789 0.3220109 0.3286572 0.3481237 0.3261874 0.3036632
-9999 -9999 -9999 -9999 -9999 -9999 -9999 -9999 -9999 -9999 -9999 -9999 -9999 -9999 -9999 -9999 -9999 -9999 -9999 -9999 -9999 -9999 -9999 -9999 -9999 -9999 -9999 -9999 -9999 0.250256 0.2777222 0.2674664 0.2476166 0.2419913 0.223666 0.2809868 0.2578768 0.25054 0.2347869 0.2600717 0.2612103 0.2631639 0.2676918 0.2732321 0.2576102 0.2437809 0.2555214 0.2542633 0.2747653 0.2605669 0.2671393 0.2547038 0.2620824 0.2699817 0.3416904 0.3234423 0.3101567 0.3333633 0.3183376 0.3150684 0.3395124 0.3380581 0.321118 0.3224648 0.3508425 0.3209324 0.3373128 0.3597464 0.3363203 0.3405111
-9999 -9999 -9999 -9999 -9999 -9999 -9999 -9999 -9999 -9999 -9999 -9999 -9999 -9999 -9999 -9999 -9999 -9999 -9999 -9999 -9999 -9999 -9999 -9999 -9999 -9999 -9999 -9999 -9999 0 0.2621841 0.2824963 0.2853991 0.2716301 0.2596496 0.2557423 0.2696601 0.2487316 0.2636349 0.237615 0.242024 0.2651863 0.2608542 0.2553364 0.2814591 0.2703139 0.250705 0.2601529 0.2246326 0.2318112 0.2531637 0.2730833 0.2836772 0.2989138 0.3272896 0.3252003 0.3159125 0.314785 0.3254068 0.3385947 0.3221253 0.3221125 0.3250459 0.3343839 0.3254538 0.324912 0.3374982 0.3225367 0.3284759 0.3204837
-9999 -9999 -9999 -9999 -9999 -9999 -9999 -9999 -9999 -9999 -9999 -9999 -9999 -9999 -9999 -9999 -9999 -9999 -9999 -9999 -9999 -9999 -9999 -9999 -9999 -9999 -9999 -9999 -9999 -9999 0.2654347 0.2929937 0.3084354 0.3061033 0.2679735 0.2834165 0.2683307 0.2462817 0.2452468 0.2564948 0.2512072 0.2485523 0.2595267 0.2466031 0.2713654 0.2747534 0.2491473 0.2430148 0.2423189 0.2307675 0.2558932 0.2728943 0.3071618 0.3245023 0.3043109 0.3320352 0.3351056 0.3262017 0.3415102 0.3373992 0.3307698 0.359396 0.3309809 0.3248804 0.3422891 0.3131261 0.3596783 0.3150075 0.3258834 0.3199218
-9999 -9999 -9999 -9999 -9999 -9999 -9999 -9999 -9999 -9999 -9999 -9999 -9999 -9999 -9999 -9999 -9999 -9999 -9999 -9999 -9999 -9999 -9999 -9999 -9999 -9999 -9999 -9999 -9999 0 0.2802737 0.2920703 0.3067185 0.297099 0.262766 0.2723164 0.2530795 0.2505936 0.2429093 0.2709734 0.257072 0.2429808 0.2560759 0.2500228 0.2531409 0.2532267 0.2671663 0.2558452 0.2689759 0.2325773 0.2350551 0.24823 0.3029644 0.3360211 0.2974427 0.320619 0.3238257 0.3120569 0.3075664 0.3273694 0.3205094 0.3528488 0.3173046 0.3064473 0.3373426 0.3095156 0.3416398 0.331829 0.3558182 0.327195
-9999 -9999 -9999 -9999 -9999 -9999 -9999 -9999 -9999 -9999 -9999 -9999 -9999 -9999 -9999 -9999 -9999 -9999 -9999 -9999 -9999 -9999 -9999 -9999 -9999 -9999 -9999 -9999 -9999 -9999 0.2545452 0.2867617 0.3123444 0.2615444 0.2871071 0.2646112 0.2476128 0.250613 0.2468703 0.2648322 0.2556014 0.2505008 0.2537181 0.2565742 0.2500903 0.2491525 0.2548006 0.2553647 0.2559167 0.2418683 0.2371207 0.2588155 0.2947184 0.310192 0.2907839 0.3128197 0.3335311 0.2775201 0.278981 0.3020732 0.3186418 0.3345922 0.3092994 0.3205088 0.3512572 0.3166533 0.3180112 0.3218069 0.3300348 0.3332881
-9999 -9999 -9999 -9999 -9999 -9999 -9999 -9999 -9999 -9999 -9999 -9999 -9999 -9999 -9999 -9999 -9999 -9999 -9999 -9999 -9999 -9999 -9999 -9999 -9999 -9999 -9999 -9999 -9999 -9999 0.2400382 0.2524318 0.2559395 0.2556352 0.2551372 0.241379 0.2594921 0.2456371 0.2579909 0.2536795 0.2654494 0.2538212 0.2565396 0.2636416 0.2357931 0.2429433 0.246747 0.2611008 0.2836898 0.2865273 0.2736775 0.3018333 0.3128531 0.3219121 0.310335 0.3277485 0.3324757 0.2770757 0.2824893 0.302983 0.3122519 0.3180366 0.3105174 0.3229908 0.3318949 0.3051052 0.2988649 0.316013 0.3338186 0.3281179
