data/moz/moz_beta_1.asc
ncols	234
nrows	368
xllcorner	195196.26821073
yllcorner	7004178.4200866
cellsize	5000
NODATA_value	-9999
[rows 264 to 287 of 368, columns 54 to 107 of 234]
0.17817150070801083 0.22606080291746838 0.24037107440207625 0.2469861739799102 0.6486772703388343 0.6610621585627705 0.6598246280945065 0.6075033645778583 0.6366005020652796 0.1779629133385793 0.1687179310363034 0.19191171162391127 0.6160204859086 0.0 1.2952975990351954 1.3245170403806317 1.3262121178384687 1.3351352364087776 1.3161504775214434 0.8369299657338817 0.9052349752040101 0.3269433914842452 0.2247545791978014 0.9025374665702025 0.23804690736442685 0.2508163448812318 0.19829264575728206 0.0701656337102241 0.061319412127353375 0.02445137383609216 0.02892152835838906 0.008894862840902268 0.024088628430600598 0.19854005517450937 0.18821970100396437 0.18309163916661164 0.17802814364407887 0.17710552280440156 0.5688240685100204 0.16756554989927314 0.020569009376561014 0.017977218466823312 0.05274608628373584 0.020630020927230177 0.02094572189924318 0.01982544691053987 0.01422090614750217 0.017141100293100578 0.006975400297437743 0.005107098870457683 0.0059121519136192 0.006999983825069559 0.006690163125336641 0.006961373033243927
0.22562905714228132 0.6096660467236773 0.6155341080075011 0.6221291079751846 0.6283464319095342 0.0 0.6257607569369928 0.5863966579480858 0.644182479952058 0.6451786144806456 0.20910079284898933 0.17034554302355448 0.23440648211333398 0.7765303476076321 1.287176583489766 1.28689691006964 1.3765232433985959 1.39643075401823 1.3664264654646956 1.2593634604791997 0.6592364797844419 0.8119587046335139 0.8718823587962956 1.353051755279384 0.7401704910606031 0.2426337650623365 0.1785118687680575 0.1847444557410013 0.18309808361670385 0.059172102462295366 0.0238709383972549 0.009070040104839087 0.02338535657820312 0.06004156131778981 0.17941212344630003 0.05858043451965895 0.18746537158439933 0.19585315122509067 0.14411011886715872 0.20282870204401948 0.052875620380122904 0.018626240791610845 0.018663304541660167 0.018490625842418385 0.018131190420435282 0.01793286036067036 0.015121196834158456 0.013786174847769346 0.005269259960541559 0.006397780763364728 0.0035637673406472576 0.004573392749119662 0.006905696702217004 0.020444354065637212
0.22629864181065762 0.601848433033154 0.6212238777583786 0.6228105253987403 0.0 0.599542260123756 0.0 0.0 0.0 0.5952296245934673 0.5931043809802956 0.1999715252056372 0.1805595845843315 0.6686347195001069 1.2802023468260524 1.3429287746550136 1.3693306681140867 1.37246961053633 1.3417341723609262 1.4061946633986029 1.2423159217289417 1.3065499093180821 1.27318797305663 1.2750748437352482 1.2708419317356703 0.592341511532376 0.5234988255229215 0.1871943435332581 0.1903782072428212 0.0685954083837771 0.01967882097438933 0.006174936156951243 0.006603604475543526 0.02083334315060094 0.058260386995514085 0.06091670668789537 0.1879888938158459 0.20440946370171925 0.15648118825680074 0.14185144924887008 0.18989578785725814 0.17388092088998844 0.2059239000849156 0.04884402200628499 0.019389654894960848 0.04385241003698979 0.040977403596821844 0.01636664324943097 0.005265237284131813 0.005794718885758665 0.004298716042176573 0.0058350137251628464 0.005859192693060947 0.016334699513686858
0.6160649259800536 0.6072757226667158 0.6255832813097302 0.6210173623211019 0.0 0.615309432262956 0.5681143828988169 0.0 0.0 0.5438376001517458 0.5322768779254017 0.20792319919317184 0.1663086452242302 0.6398330594799623 0.729523994745486 1.3525636491029809 1.4083887166690563 1.3380714877123332 1.2785935780380469 1.3447885937185053 1.3350270455154434 1.3197359115489666 1.325306141226835 1.0704922403632469 1.2852619167255463 1.2535975874783392 1.0540216766163124 0.16588014705752874 0.1670468758320653 0.05639096393921089 0.018555051950916154 0.004367999251736976 0.005850932517416137 0.020679714279698665 0.06486928106901393 0.06077649375469967 0.18480545577168273 0.20021893520126885 0.15438589585707227 0.1634250195415704 0.5757852127280437 1.1122969955945785 1.113165299288573 0.4650310906324144 0.14944272810029502 0.12894019731147754 0.14076946899474493 0.13446406445740194 0.04141592417368037 0.008447903993772255 0.004720912716448186 0.005466271108297594 0.01808911599703985 0.019023584539408778
0.5803208947480596 0.6020108706130998 0.6028586549885362 0.60040476268152 0.0 0.6076604072558093 0.5669219869502672 0.0 0.9289762045463454 0.5098822917722216 0.5134781850031858 0.19322631588646963 0.17078269788394196 0.16851866829997078 0.2524330243538212 0.8124564124709895 0.849882790841637 1.3435132681533561 1.3367220649632154 1.3532374742949838 1.3231584924799489 1.2965622630045988 1.3595277281921185 1.0703033096035786 1.2893615513659715 1.2676662724298602 1.0601136501258197 0.47153939662045385 0.16790596153430487 0.16925859654889014 0.0231733945633073 0.020963004495578683 0.02306711258080166 0.02093655983767594 0.06330893072354969 0.0552373766030251 0.17696822212368424 0.18556426244019122 0.21159185072609085 0.48501158614871887 1.1041555748336742 1.0661381362392401 1.0609520159778358 1.0697667659590517 0.14154064193086294 0.12557386661265296 0.16858117685063234 0.17289440291881272 0.04471189967007825 0.006870221485877493 0.004697370597295227 0.006738176799506318 0.006691235250484293 0.0058222206455214014
0.561898160666414 0.5602577186761105 0.6181901241000588 0.6448679435935984 0.0 0.0 0.5617504605041712 0.5561207252038614 0.5330020470116309 0.514569323686873 0.5126771608655599 0.2176861964483532 0.1684739617246252 0.1644892560854511 0.17606585231086744 0.27143584901814954 0.833438105201932 0.8837319560282644 0.8818287355620448 0.7640510323928762 0.7665194612279769 1.3306658718081879 1.3459203385647778 1.0694373106417203 1.0701351617840333 1.2866658611708324 1.2400301587145661 0.5121127670278071 0.22013634414475763 0.2069690219442004 0.16500483745470834 0.1641736205996652 0.05129539979458021 0.0588421402432002 0.06045077329940931 0.17027959290676364 0.2180958223445937 0.5508470992183998 0.5762552747873446 1.1559461345757027 1.1570235101707629 1.195655403645815 1.111189127357297 1.0602676407710168 0.4599750552704608 0.14066480633045655 0.18386910089304162 0.15750499127727546 0.03880901195475929 0.005339726912400041 0.0047476839611973 0.006401492676352341 0.007401600122024579 0.005773440011168441
0.592458052771991 0.5703890577261648 0.570681853448569 0.6117494887220538 0.631088057606116 0.5409499962237581 0.5505746008601483 0.5381639812082719 0.487882818420464 0.5128515154161538 0.5335995154978037 0.22997461518492934 0.19668817761763316 0.06908527042301069 0.07064455942838306 0.18326795687162145 0.23482525048991446 0.8321332079497085 0.8089407402124983 0.7978689079514821 0.8466391900696167 1.3404051125503627 1.354072256479072 1.0671531409527977 1.0669442644613067 1.2531103011437765 1.2274296662155388 1.161394096791814 0.6013369248522815 0.20136126881289504 0.21808167848929613 0.21152760485708597 0.21680028174051005 0.2241925957916166 0.1859529258518184 0.15142367470188844 1.0997172522456427 0.5774999733890762 0.4811991054385975 1.0810455993723318 1.1506016653146705 0.5256299229872654 0.5129026823758561 0.5310653068663497 0.5000364285605589 0.13290391393648454 0.1253763728912931 0.1664927770742993 0.12936459416500715 0.015912998347755666 0.004943654591163018 0.006648408190008262 0.006444488450291292 0.004262265103295091
0.5946791293469066 0.0 0.0 0.0 0.0 0.5476392998757929 0.5547193822710806 0.5404900946504806 0.48119499506028185 0.5138456968644386 0.5038742739055029 0.5971827044404961 0.22591081283054404 0.18548139243315617 0.1686300666662151 0.0800068109491984 0.06302714920644736 0.2924982708511875 0.7926998956373178 0.8840247674947334 0.7345888361053766 1.2956314828502906 1.3093533254764347 1.0731655724395253 1.2907453557795598 1.2069988188331273 1.2977717917520126 0.6203249482099294 0.5873653788591091 0.6694085949926518 0.5671958016195943 0.6332283739348578 0.590573167646085 0.6002347624353378 0.2378151649306501 0.1554310198935851 1.1334842714397424 0.5277323792637282 0.46446992975810936 0.44932503959224673 1.1644624535161874 0.5417632853173151 0.5092538746123875 0.5144571455568216 1.0630200635777673 0.45454215520846847 0.12222091514545305 0.15180100082799636 0.1417606396193983 0.014648569540254792 0.004266612620099987 0.0052315715466732535 0.006728246227068349 0.005800105037205915
0.587686172536682 0.0 0.0 0.0 0.0 0.0 0.555506218575573 0.5573715513093571 0.5733110488030287 0.5206072373743535 1.4243911898330113 1.5213371826645685 0.6089146487278634 0.22850786700643008 0.18077862426638275 0.16362616148587888 0.06285422241759418 0.18463806691069645 0.7847202786896518 0.7944030603906267 1.334933277858333 1.345054510252207 0.7087632396852556 1.3138911596575606 1.2454621841500804 1.2837653539413774 1.1612968691941434 0.6101644034034621 0.6300547166817171 1.1932968801093071 1.1592308077744335 1.303929729412547 1.2732737271793484 0.674840235452236 0.6762644252121964 0.1787409661966992 0.18970761992743637 0.5598053845210957 0.5002131799970513 0.5012648304902033 0.44414901143559843 0.5487265220169733 0.5749645496680539 0.5464168385670457 1.1421577835874626 0.441088874243571 0.5653368776598815 0.1270911993970916 0.043299400838384496 0.015840863097730546 0.007444950045705646 0.006386663407290291 0.0076339779559444695 0.006674033001915831
0.5901695834564034 0.595342069638502 0.0 0.0 0.0 0.0 0.0 0.0 0.0 0.0 1.2960727537780028 0.0 0.0 0.5891624528197171 0.21298820407702626 0.16637652686512636 0.17323287179066013 0.15501069279637997 0.7756927819604037 1.305400691563798 1.355763556958891 0.8988109326443259 0.8604929889643993 1.3090530245733025 0.6644291215719962 0.6294112061766228 0.7498926325295283 0.15007609864187593 0.1835249015647509 0.6077349105445833 1.1767021176728671 1.2124261749365455 0.6147738464763655 0.7828343369817494 0.7482025638045942 0.2552355752599971 0.06486676000856814 0.05685477487432208 0.5480378232372934 0.49531643160185 0.4397443621543393 0.4447940099995512 0.506501651142134 0.5117369661956377 1.1229427274712311 0.49636300813410844 0.5169462779606824 0.18042840667682392 0.017655000313327094 0.01670116073998784 0.004487120527386197 0.006035042583190314 0.017910411753431617 0.005350206703764091
0.61023117272542 0.644532816947641 0.6355676014250262 0.0 0.0 0.0 0.0 0.0 0.0 0.0 0.0 0.0 0.0 0.568536096901563 0.21554032531837528 0.21218850423093338 0.16654591234324098 0.18811969249085306 0.6192143824166092 1.2812211619406402 1.2794116161186324 0.8109838673065418 0.815131194715025 0.7430925399370645 0.27582917387623374 0.2506347611741264 0.24116006999224007 0.7035914380408381 0.25937743914746614 0.2444896944974835 0.669504101925163 0.5935069978112495 0.16223140524250312 0.17553512212510805 0.1942516293435987 0.16615393648075413 0.025228097250337887 0.023421653833709023 0.052993768125575325 0.1650529061357973 0.206980385625892 0.15631179976630047 0.18364586332413949 0.17516534964905064 0.5064653690120308 0.5534988059755908 0.526620236994193 0.19171515213042237 0.12570465833318073 0.015466295450831977 0.016238875079545953 0.015446591904166671 0.0179927783147311 0.006208220990610475
0.6382146086416054 0.5974642013651381 0.0 0.0 0.0 0.0 0.0 0.0 0.0 0.5996143254368714 0.5806306511664974 0.6048775124727994 0.5835896891284141 0.5788456224480817 0.2310992504638133 0.17449848748105296 0.06820870001147114 0.17958134234257608 0.6380131857177584 0.5993627134636107 0.2592376892178428 0.6959433583462082 0.802086611174722 0.23910926269213564 0.8267184724542077 0.7071737719653586 0.7045674475159694 0.8386670584084824 0.8444255362181295 0.1737564626683799 0.21506243028973426 0.01935712630364762 0.050139060576636994 0.017556587107544038 0.018802777529837042 0.021917683455693233 0.020618443722093267 0.02124140735932451 0.05553725480181528 0.06252195068421523 0.05993959724015757 0.04711700929053244 0.0476101982095947 0.04794690354136048 0.05071453554724496 0.19920034790342078 0.5186513851196746 0.5303626201993779 0.14383201724392577 0.04104142492223735 0.01847817259679471 0.017836727064684546 0.006370879581691855 0.0060564373013058375
0.5998892008518915 0.5951414804327912 0.0 0.0 0.0 0.0 0.0 0.0 0.0 0.5849929127317389 0.5931091181743114 0.5927486764003131 0.2107665040160098 0.6034597829856219 0.21810365152320746 0.1799397990982911 0.03140760665639138 0.18047936557671634 0.17744275651356622 0.22981684501001223 0.06763614882010369 0.1680487778849199 0.1706835070982864 0.7821290307039442 1.3367357981951256 1.2876268004141178 0.7326457903155913 1.2826828305281794 0.8248015241995077 0.21916855842448332 0.06292981077320293 0.052227781212769324 0.02186170707352031 0.019212990028374333 0.01819496563669962 0.02215361475405734 0.027013423915246068 0.0234745894557739 0.02450365786182589 0.06032846910219989 0.0606650544771295 0.05590963395556869 0.05435850026248698 0.04913293594497544 0.04769749918967694 0.2147403511316751 0.5471736884254497 0.18552341223395455 0.13226096221452477 0.01685243248437819 0.017752039319995173 0.01812580313879104 0.006224478406385543 0.006922781937218311
0.0 0.0 0.0 0.0 0.0 0.0 0.0 0.563192964890866 0.6105460397720556 0.608101067326984 0.5899075570765016 0.570298537613361 0.5908170132724742 0.6103581490815467 0.5982991973169653 0.18026226539495915 0.03317558585380417 0.06942071867454672 0.1732606774712689 0.22004354882706356 0.1695428559349202 0.16324560406089983 0.2038465677798699 0.6632447024434766 1.2727563862690112 1.2811536663180874 1.3018313614236052 1.3368199132786018 0.7023557447111299 0.17228354493047304 0.16150708941416497 0.055830795110411766 0.020932157133429812 0.00786195527440568 0.005362278008932097 0.01958019106989064 0.024574391293983568 0.019969876599232 0.022600866411840972 0.06316614288430898 0.05177248835466702 0.04877617658666821 0.04939093478349561 0.047452949545813805 0.04870631988801074 0.1633457671476162 0.13865144828091835 0.12556811662568718 0.03920907879780847 0.015602160553830588 0.016614635637730583 0.00663731182119796 0.004568742131194302 0.006080003695124105
0.0 0.0 0.0 0.0 0.0 0.0 0.0 0.5783169466826471 0.6057651145533677 0.6083126467705171 0.6203159356271112 0.20895552540795945 0.21384987048925042 0.5747213771963152 0.22042560762879748 0.16751860811440453 0.031423032522504474 0.0296695887910713 0.06833230941213296 0.16558814635596766 0.1677758036526404 0.25133219654188993 0.5582560919672306 1.215086419412015 1.2843198931659747 1.2751856449626267 1.2682418509874902 0.7548388987951363 0.1799509150123247 0.1911270446526103 0.19765627368768127 0.05819081620991707 0.02204182651136465 0.021858761811438185 0.004008977551538263 0.005498603077322537 0.007426727651359632 0.022242310865357173 0.02320893874852724 0.025145945968070037 0.05806025326122402 0.05308813646223397 0.04804252569041043 0.019910460021376458 0.02059889893541399 0.02428693207362794 0.021669491993719765 0.05391176006179258 0.016586691920700267 0.006273936515223365 0.005004404022721849 0.0043025910581499195 0.0032279812022004122 0.0038118045351266854
0.0 0.0 0.0 0.0 0.0 0.0 0.0 0.0 0.0 0.0 0.0 0.2181688787033212 0.6021669247981088 0.20973919365366883 0.222289579602191 0.06880862989875525 0.030574066937192036 0.030430647227816774 0.02948201827105687 0.16995633628214793 0.06990503935376524 0.15573153101198364 0.17385368201696996 1.2342943084141744 1.2376354582361258 0.7620896593901565 0.2509085957644288 0.25751223399009326 0.19338342330331246 0.18927046103816308 0.17105972482555623 0.05883541702729678 0.0241016679585905 0.021119050802536083 0.005933893804305166 0.002815821130167946 0.007541845732567338 0.021263124069954707 0.0222408538828362 0.025795411133171693 0.01850073214018523 0.018959115344214832 0.02002640490756562 0.01917586127850139 0.017784871000326368 0.02352107902279486 0.01808414173271095 0.004796098020671119 0.004750370461288677 0.00418894494298035 0.003980066342046604 0.004710647769701751 0.0029483817403762875 0.003251234481659687
0.0 0.0 0.0 0.0 0.0 0.0 0.0 0.0 0.0 0.0 0.0 0.5305026766683584 0.5437680170489094 0.17753393243297252 0.16971085785072978 0.07328692874501992 0.030865744290581722 0.029337918781950793 0.06994810498349766 0.16557928891928783 0.19458485131576866 0.07389603328013039 0.07812318143838635 0.16659947773018285 0.21881273862556164 0.19588947718366156 0.27796853220125284 0.2324763171598449 0.2020903215957007 0.18168646452069856 0.19183463917436475 0.16619254102971565 0.057114191162118834 0.021904441065533048 0.006295731745665937 0.004221667161147796 0.006739739079962845 0.022072053447094387 0.019699822770601973 0.02191556538350651 0.018302916752720097 0.020153683116676056 0.02112640688139407 0.020189724571213343 0.017846350964172957 0.020118271634074127 0.005897299391691811 0.00401656497190933 0.0036194237060107 0.0031930278456142607 0.0035439197676129033 0.004210313653101044 0.0040190562668515175 0.003514729877458097
0.0 0.0 0.0 0.0 0.0 0.0 0.0 0.0 0.0 0.0 0.0 0.538702422655463 0.20710273485053465 0.1653378713078914 0.1708741637403866 0.0738923165509508 0.07535733018227499 0.03233753000967682 0.19264728782826773 0.2135190987072084 0.18843813410104138 0.17523896028112682 0.1794622122619039 0.06366820680207726 0.16166024506540158 0.18204765828628353 0.2578559267602568 0.22237011702908965 0.2659743909071663 0.25454599046009174 0.16645333923643874 0.1744877736328078 0.057112332797089764 0.023666549611411677 0.019825682468427502 0.007052655904491372 0.021792019716740905 0.022195724611292416 0.02047068966824763 0.021273498939719547 0.022368681798427218 0.06289573728585665 0.021839463196506568 0.019513608653227398 0.018335639589300245 0.018699291836626417 0.004898402089825622 0.003969506751599121 0.0029786652117641693 0.0030073265207031306 0.0035113082218140783 0.0049244324054877 0.005009865513751119 0.003561161183110216
0.5925439426749977 0.0 0.0 0.0 0.0 0.0 0.0 1.4014761317910964 1.673207648428142 0.0 0.0 0.5323388592957291 0.1489417565241149 0.15727098744111298 0.06477283745197569 0.060156219293974675 0.07080480178281438 0.06164717972399513 0.19294617773284736 0.17522014050403478 0.16861555991594473 0.17716775548804134 0.06357565403941068 0.061103247189477676 0.16078934091008298 0.18348011692915486 0.20319751426074192 0.23649152984107977 0.23880501183948485 0.22345120201627705 0.2232807756436593 0.1671822370289365 0.1747537937283589 0.05042940217267652 0.021804154343784292 0.02358482274667144 0.02242285554427181 0.022112690879809292 0.01949847882477925 0.052871497214705014 0.062399573163334415 0.059075984255685624 0.05597450306253748 0.05436215437396396 0.059400418460592685 0.018761279000582737 0.005132731884738554 0.006028043072973907 0.0028788040757838818 0.0028002431110342963 0.003927406452699974 0.0033021872825772054 0.003152598674348877 0.003656478737980157
0.2256057738857726 0.5918479564228533 0.0 0.0 0.0 0.0 0.0 0.0 0.0 0.0 0.5408407525458545 0.5553590890138107 0.21705874969052927 0.2090206728661259 0.18670920410698957 0.07476907955798975 0.1536335573795824 0.02728039659264765 0.0754289621554709 0.18189325920416677 0.1954768393226626 0.07900355330517245 0.05718640545551953 0.028773687463309792 0.0684521951557505 0.1640977793282861 0.18480177802990475 0.24346995121161533 0.22427535753607847 0.2611820758248047 0.24400912354087467 0.24221411149625205 0.1870864053282001 0.16480122812198844 0.05032961980741316 0.022444384257281146 0.023140930700574845 0.021703804590371138 0.05356102237274485 0.06035427814315868 0.06073523778018201 0.0634861235377582 0.05525987363975367 0.04865656406125212 0.05665588984504667 0.018558482659462097 0.00618805463668891 0.007821189563774943 0.004175035974605876 0.003570784129114997 0.003973285618432565 0.004609926070674605 0.0033233381712557647 0.003299714001024646
0.16568320951960722 0.22183862037849522 0.6401050179366942 0.0 0.0 0.0 0.6323604720074133 0.6049022143342024 0.6233594694402539 0.5538287101711047 0.14225685747988878 0.19779998652071282 0.569448164544075 0.2087864366287038 0.16363583801420872 0.18692923273483672 0.13972643456882994 0.03037395368678409 0.06987119210797227 0.16681210811103625 0.16708319403162772 0.07017280891206644 0.025596748434221907 0.027790339352312027 0.07193984310045988 0.17355120375459354 0.18353358957126312 0.19099775247448944 0.24248212847197645 0.24106242649638976 0.24440861398787442 0.23443181562696253 0.21285431553360815 0.15847950659012186 0.16165583134769576 0.16670250080403676 0.022019921610501408 0.024003936579218406 0.05537661617045512 0.058712162957584135 0.054975332401832194 0.05061813272172438 0.050849035830460854 0.05398893733567788 0.02645552259600823 0.01641980976682024 0.00702367748819587 0.006718736810980369 0.004705464112682826 0.004305563599448991 0.0037822754303420605 0.003898838910303284 0.004965877341306476 0.002526665789912453
0.1640527822914642 0.16349951293183354 0.20727226864395884 0.5654840869958032 0.5983010505383813 0.5476407449307946 0.5292728055961068 0.0 0.5806195222754374 0.21348060403481256 0.1524075599749371 0.17675372447390686 0.616004438082437 0.17300705056477383 0.06657592336076618 0.06482665163561585 0.03241155870416242 0.02761440545007748 0.06564393931232454 0.1525975073796314 0.14615057358890554 0.032823042611666915 0.031650840704781094 0.02764521261750118 0.06386838615881764 0.1627150121805548 0.19589864438810947 0.22052632402632177 0.2752097673816198 0.2431405683510654 0.23939734723005174 0.23603665177699215 0.23304464865478028 0.15942647118038247 0.19220062974012966 0.18394433510591593 0.05618688205131668 0.02231073058620498 0.05739610720363268 0.06344113101050272 0.05611110843317746 0.05463457240524979 0.06026883878767063 0.022543999385430714 0.020926692216608162 0.007653187613910835 0.007112763981868126 0.006873967824193072 0.006225255314985585 0.005762352316437633 0.005098767182191571 0.003787862021131932 0.0037109037686634196 0.0035645769087058942
0.06290876149861375 0.1505857908103474 0.19567750401808867 0.5840547623400463 0.5513917400890294 0.0 0.5517477699366875 0.5627272000057832 0.5369996804165471 0.1399788124396251 0.1489450082908001 0.20546691301606138 0.20283290460024805 0.06737923968386059 0.033662032623406835 0.027718065834184416 0.027414247508948913 0.03401525830237465 0.06748583770115604 0.06432438391245048 0.03619672752450945 0.06326081216337212 0.06535162918901416 0.03433090107023906 0.028094097463784183 0.1648033160271401 0.1957328948393126 0.20670132329581162 0.2701731335688931 0.301843228108806 0.28332451485063903 0.23870091406897107 0.23939973937974296 0.19484223794777178 0.17958089502361435 0.19401407325753703 0.18898000043083318 0.023937134649455863 0.058934277160314734 0.0638950609394246 0.054583903262015385 0.06112130290037236 0.023905379884445414 0.02468854823857231 0.022349389798904284 0.006786107453129978 0.006841270695023396 0.0066516817637643 0.006197179369680637 0.004987431879557657 0.004138360852300587 0.003722129702306397 0.004443939797210128 0.004569941441500661
0.06182277479057961 0.14815364676389456 0.14907427913552693 0.19132868854971982 0.5634833919657517 0.5524637311836121 0.0 0.9374396493975165 0.53349683987934 0.20208885372665694 0.5519157724583414 0.5937933223750481 0.23438748092961817 0.08605579950320166 0.03257907960822928 0.0056547642531476205 0.007441043922897502 0.030464064739980822 0.028355818902224293 0.02977229893348912 0.028814596072734715 0.18492850154154652 0.060780104273746666 0.0331256134505389 0.033404195920044406 0.17483077333061026 0.18783386578050335 0.22000536180305078 0.20488555556223123 0.2454669953439562 0.25231439579328385 0.25025625726346773 0.2628116693716767 0.1818403865179807 0.17081027435467153 0.16815002167307505 0.17157006333341338 0.02408591766749001 0.0237845823616247 0.020445331484338546 0.023086763213676222 0.02418609262577271 0.026413939681308625 0.02317519508428844 0.009020713290103325 0.005555943712888075 0.006126633596258244 0.006338811223792094 0.006790100571772217 0.006991898294765431 0.005231385310062765 0.0044772474230548006 0.004052322853406399 0.004511716860837325
