data/moz/moz_beta.asc
ncols	234
nrows	368
xllcorner	195196.26821073
yllcorner	7004178.4200866
cellsize	5000
NODATA_value	-9999
[rows 200 to 224 of 368, columns 55 to 109 of 234]
-9999.0 -9999.0 0.03574535033709349 0.05792227022285285 0.09136484188166345 0.10411390833057212 0.10954385377666315 0.09792242510829502 0.07720627106051073 0.08535051998199156 0.11998986754089741 0.11779280907608734 0.11803146047233551 0.13313085455175935 0.13018381553851088 0.14586034186808258 0.1475259502558531 0.16931296017396139 0.16273120169502325 0.17478854840286479 0.1829663882193347 0.1938298572809328 0.19174006432189977 0.1816046232872945 0.16686740773372222 0.17069858026843465 0.1921716720063262 0.20213680266600334 0.1851523324464005 0.19941224712353117 0.21657987899554973 0.243464516002206 0.20762256912037988 0.1899025423121819 0.17858403407982687 0.17993669731311193 0.21060168402476104 0.20793130305273425 0.17767763345186852 0.20464892217147135 0.20731647947398923 0.21705650689372394 0.24146324599487115 0.2390676938909291 0.22333745089582185 0.248480023589291 0.23449912778994914 0.23052572929067672 0.24647867494226852 0.24643457536403715 0.2461086734987153 0.2391696626109609 0.2213466370622115 0.2369729507722334 0.19996310924752778
-9999.0 -9999.0 0.036359711218519206 0.05327511023452524 0.08500287886837082 0.09174625223878777 0.10407755208884462 0.10569396456488372 0.08993066884045078 0.10718838777543381 0.1111533093997596 0.11252762262697376 0.11988218195573554 0.1484483852929252 0.1302944460021525 0.14523522119399154 0.14847924475964044 0.14226615986531452 0.1669889524948877 0.14956711978675494 0.16379227588471126 0.18330849296951748 0.18991975477466216 0.18865014380437314 0.16695585504405855 0.17705463684424905 0.1890924938226423 0.1954956377269396 0.1968901689316312 0.20294470314629 0.23337830354629377 0.20456506173732517 0.22313283169946688 0.20888257116346945 0.19040305505644878 0.16758235555423523 0.17485556912506023 0.19952805029647575 0.19612293710270148 0.23393316826983984 0.2090595894690586 0.20461035948963116 0.2034346230799422 0.2308349601436756 0.23901284820111598 0.21179067022005932 0.22419591962398674 0.21880570239801955 0.23501523004828617 0.2472913341804086 0.24214908966264884 0.25053612308859025 0.220264718945673 0.1835989410777068 0.0
-9999.0 -9999.0 0.0 0.058532402619288916 0.06771744777648869 0.06650629879899114 0.08756099617595493 0.10125689245103928 0.0983397954994156 0.08809762509752486 0.09575332928925727 0.1091111716893572 0.127990240188147 0.13121655133756582 0.14700860344567768 0.1413003623662145 0.16208917555054522 0.17633031649584896 0.17394805318623366 0.1777273562059514 0.18214499476313642 0.1914607880129034 0.18110435174181727 0.1830881612355513 0.16112903402191492 0.1860832314471049 0.21157291844283468 0.19476523002240928 0.21666952872644382 0.20015881584230172 0.19520057161085025 0.20122261535246663 0.22637002219394764 0.25093233159449707 0.23959774855538343 0.21123823473946493 0.1894476460253561 0.20297233164756973 0.17620833560926347 0.1663462105792577 0.20068564274589445 0.21468317008514765 0.20495773791686225 0.2051960473065251 0.23286571296314695 0.24089888703754844 0.23953687593331552 0.2219262322943283 0.22423695556577442 0.2318709053615768 0.22099056512181103 0.20217202020616604 0.1768807471011897 0.0 -9999.0
-9999.0 -9999.0 0.017938180679268986 0.01182279651014224 0.018740320902749498 0.06877669691542927 0.08221382300283739 0.08536282230007848 0.07352936494909436 0.08601289692959911 0.10271468236021768 0.10331750400108188 0.11899026887143138 0.1257189553212544 0.1496998749888572 0.1402672534296473 0.16467811535729426 0.15549675066608448 0.18503912764354696 0.19732741427817177 0.20296385680558401 0.20486433236837734 0.19188828883639653 0.17847657496005032 0.18427940949516275 0.21433205127944271 0.19777752031410925 0.20330112418380922 0.20400303124607944 0.23684566739360863 0.19451322636248744 0.2507184238657079 0.2634831798969857 0.23741848378109429 0.2378950193943871 0.230507997754849 0.21649083140445569 0.20175343338174725 0.1820967405046284 0.17857392959319582 0.1673345959770658 0.18748110664343706 0.21529939679943325 0.2236233471664084 0.24070043826016482 0.24150971782200403 0.253957726914591 0.24692819866205815 0.22229115559951415 0.23118034223264788 0.23195381322974826 0.1917560387135329 -9999.0 -9999.0 -9999.0
-9999.0 -9999.0 -9999.0 -9999.0 -9999.0 0.06804165285658732 0.07067501342653701 0.06639207502138852 0.07175932501281711 0.0786342295827797 0.10403898191729347 0.11775730785249652 0.13491434288638426 0.12940857369531872 0.12095271542723482 0.13781238441741694 0.17098521406961925 0.15723649737547396 0.16092807893463323 0.19094253555853102 0.20139144431163128 0.1935254389521593 0.208880170103895 0.18146317120019412 0.1815925775024066 0.2052187516731065 0.2072704770498419 0.18537555906695777 0.19992603987300597 0.22884466203176734 0.20182482032905857 0.2297673966960337 0.2654263386615848 0.22165112401392176 0.2249491401470591 0.25619339981171074 0.24667579890420363 0.20833867013083163 0.20623467498761391 0.21111493012319413 0.19634478978991868 0.0 0.0 0.1748661354232026 0.22401518630527373 0.2534834966384271 0.25928373783496694 0.2503572603988756 0.22669730282248035 0.21359229603903632 0.18450580312501783 0.0 -9999.0 -9999.0 -9999.0
-9999.0 -9999.0 -9999.0 -9999.0 -9999.0 0.067810393887648 0.0 0.061656896203622726 0.0 0.064961035389249 0.07500747271100809 0.11863136705436679 0.13356625175021958 0.11440318132810243 0.12706827074549623 0.1513465578502184 0.17045535908852377 0.18083276609914023 0.19660339888672104 0.17542451842815385 0.19405133065763072 0.20083519497584562 0.1725934051886668 0.14839266527906173 0.1834197750287238 0.1878585715470331 0.2021700018880058 0.1811344630168131 0.2221821431519876 0.23112554645718097 0.22020652030448384 0.2321867794499223 0.21569112846081762 0.206057573240366 0.2581601541996912 0.2761422826711072 0.27414506650276055 0.22512356585547733 0.2103378127779476 0.22403857544026626 0.24493287372773961 0.18511324942555274 0.19106958277307234 0.0 0.19481668483118808 0.2179298328846217 0.20959493329718965 0.18321602216865754 0.0 -9999.0 -9999.0 -9999.0 -9999.0 -9999.0 -9999.0
-9999.0 -9999.0 -9999.0 -9999.0 -9999.0 -9999.0 -9999.0 0.0 0.059153645427084456 0.0665590035551121 0.07050622628744245 0.10700809473658736 0.11045486422094511 0.13347947686550965 0.14978769630201857 0.16663883333391658 0.18868648166424495 0.16998559879118483 0.18946908323861783 0.1821706333831272 0.17906983659035133 0.1794541889718201 0.15525837628422473 0.16002900131731643 0.18162054121683602 0.1891926681984095 0.18828890653624786 0.17378487382927546 0.18626910929962864 0.2053393422785528 0.2196606627150704 0.24698208967274107 0.24659312075895998 0.2801592712639646 0.26784893831674933 0.25162587423303695 0.23321861139465158 0.2234834834429377 0.2321471903494981 0.22620131224023335 0.24252940523133304 0.22763582667312926 0.23505291387323926 0.0 -9999.0 0.1915188508315101 0.1941313605933591 0.0 -9999.0 -9999.0 -9999.0 -9999.0 -9999.0 -9999.0 -9999.0
-9999.0 -9999.0 -9999.0 -9999.0 -9999.0 -9999.0 0.027916655033936803 0.053476483967428566 0.05856282466690657 0.07468842838708435 0.0812097104562291 0.09927431143064638 0.10860015115286509 0.13056338106987458 0.1559088968673653 0.17162882489738895 0.19944009547631295 0.16010797978253538 0.17410046859746794 0.17355594427287552 0.1675215214586555 0.17794622321306536 0.1486287276621569 0.1601753238647176 0.17897239209397922 0.18548228316033352 0.17673650965142812 0.21443289677850108 0.19768627859886642 0.2029877857893824 0.1946926479499382 0.23970461983298103 0.24237410244703714 0.23614803677832555 0.2384969619581236 0.25374728457119194 0.2207287649380302 0.20837287874121538 0.21507984910437528 0.22433541861020637 0.22391058147801107 0.22030582526116554 0.20702257727313236 0.21469866960162481 -9999.0 0.0 -9999.0 -9999.0 -9999.0 -9999.0 -9999.0 -9999.0 -9999.0 -9999.0 -9999.0
-9999.0 -9999.0 -9999.0 -9999.0 -9999.0 -9999.0 0.02306835883916324 0.05735370996153908 0.06511851836464815 0.08045805416826968 0.0901192952836844 0.11218550626073823 0.1206003564134959 0.1276549797849635 0.1554524646387142 0.16398759042874 0.15811716830353018 0.14997120103693928 0.1400943233834641 0.14459264804811123 0.17657683260903395 0.17014633598450316 0.1724139490723001 0.15215618025314262 0.18533033597136186 0.20340553830052266 0.20502340092691163 0.22144449136726793 0.18792993019415138 0.22758253195232742 0.21890659566976292 0.20057994978022564 0.22447975639379997 0.2195149034191739 0.20451132095185076 0.2116403756998604 0.20713124957115145 0.23544012369085454 0.2219102964212129 0.2270349949210579 0.21097879749569232 0.19787594726987068 0.18726807177471416 0.0 -9999.0 -9999.0 -9999.0 -9999.0 -9999.0 -9999.0 -9999.0 -9999.0 -9999.0 -9999.0 -9999.0
-9999.0 -9999.0 -9999.0 -9999.0 -9999.0 -9999.0 0.01745900246044882 0.062314817172603364 0.09103530092436964 0.09928734518632186 0.0981885471994443 0.122961255632453 0.12292993971639173 0.11863887562789041 0.13605228155287935 0.1381545992393695 0.14037659440193903 0.1306594564334864 0.1449890033225687 0.14436165481783136 0.1521841248047602 0.16784688224421349 0.17365337656493293 0.14078433296297807 0.19991357225945433 0.22303549879796122 0.2191884949322608 0.2123806198803317 0.21387239585536216 0.22351260830372816 0.2223667013992255 0.19749446918780708 0.19918064279175524 0.22541563027448236 0.263012973005361 0.21724221061032822 0.2548317955881528 0.26525008303711256 0.25076802628192796 0.23004730874896462 0.22904044758328754 0.22888917790180682 0.21408182533619027 -9999.0 -9999.0 -9999.0 -9999.0 -9999.0 -9999.0 -9999.0 -9999.0 -9999.0 -9999.0 -9999.0 -9999.0
-9999.0 -9999.0 -9999.0 -9999.0 -9999.0 -9999.0 0.04656165671954092 0.07682369801857462 0.10377381194657075 0.11447443206680737 0.10272821121694527 0.12948419531625877 0.12540403123158325 0.12338559094198648 0.13389986849893126 0.1469762275449126 0.1435354543964345 0.14610817364219436 0.17753329211340488 0.19105312331953417 0.17591843653045053 0.15626842633480809 0.16500400014326952 0.19402424032176277 0.19982760337043892 0.22742277990484805 0.22937615099207884 0.2503559585010205 0.24038182649030712 0.23246690646846432 0.19924918262658173 0.23203554413409266 0.23063841754495937 0.23601135624438438 0.2563027003376441 0.2636234229818228 0.23097491126464204 0.2925813615550795 0.2532167858676609 0.267067007185132 0.272230118869136 0.2735023541388028 0.24491595828903093 0.0 -9999.0 -9999.0 -9999.0 -9999.0 -9999.0 -9999.0 -9999.0 -9999.0 -9999.0 -9999.0 -9999.0
-9999.0 -9999.0 -9999.0 -9999.0 0.03011146811138855 0.017259668483434323 0.0705750684169153 0.08118129958823832 0.09724747392831154 0.10866278968292227 0.10615957314873602 0.14603043678789746 0.13554920334512544 0.13724289322481478 0.1538499043554412 0.15507994596886854 0.17616097516144388 0.16553239368537986 0.1818137133031689 0.18803019611611826 0.19754001760790374 0.20469297440482614 0.19350259698901756 0.19241363030750344 0.19649472585773992 0.1988456146579985 0.23963822220063533 0.26665116916648185 0.2794063116081289 0.25620574294850634 0.2563842589127383 0.2734734552405888 0.2748169365474285 0.2845370825414114 0.31334150287129825 0.2601446837176236 0.25649607908834055 0.24155522634053553 0.25378882174157563 0.2474323653035109 0.2714419665353239 0.25887567029199304 0.2500972360829526 -9999.0 -9999.0 -9999.0 -9999.0 -9999.0 -9999.0 -9999.0 -9999.0 -9999.0 -9999.0 -9999.0 -9999.0
-9999.0 -9999.0 -9999.0 -9999.0 0.07357676074604148 0.0875910079794775 0.09627878606294685 0.103379962891106 0.10129257020772399 0.12793297780683255 0.13410503371774538 0.14114261400211808 0.13823677910007498 0.14901416185869146 0.1568501437933063 0.18299922058219503 0.18504330277712458 0.1908328690801216 0.20379781539016661 0.21831583092462678 0.20802495458105277 0.2032344435614872 0.18297630427664655 0.18775952945083016 0.18269462589376048 0.21271667796308513 0.24156625550670724 0.28077609212293686 0.3015533113515474 0.2930293309311148 0.32273508789307237 0.2552940175667288 0.26161720900344937 0.26734254346858893 0.3018313766795315 0.2750103596648295 0.24829906712825614 0.2246067541900214 0.2371173024474726 0.2645588351413063 0.2671477851753455 0.2575087136554771 0.2267028033892358 -9999.0 -9999.0 -9999.0 -9999.0 -9999.0 -9999.0 -9999.0 -9999.0 -9999.0 -9999.0 -9999.0 -9999.0
-9999.0 -9999.0 -9999.0 0.014594392771462829 0.07693055205972842 0.09518512141921043 0.10677220301729191 0.1106299364151812 0.11426448232652757 0.12132726279526392 0.1419384887321293 0.13234755746732704 0.14585645442602901 0.1681027781975523 0.17934029431117807 0.18788017999091017 0.19450089478760765 0.19817699852693776 0.21095764575011322 0.20128435269924685 0.20131517876876603 0.1975742301903637 0.18820682629663318 0.19239621249356914 0.20176391301392668 0.24820185894730662 0.2609657957401341 0.30393930319859574 0.2878220904535384 0.2974810641785647 0.3397154862788283 0.26103745211783835 0.22651593025925557 0.2270644338810841 0.2595084759023457 0.2505203865111148 0.2303673529351648 0.22529802450037514 0.23274018837382754 0.23751693322868656 0.20612138640067407 0.22361487949176395 0.20134354627259768 0.20643825901771373 -9999.0 -9999.0 -9999.0 -9999.0 -9999.0 -9999.0 -9999.0 -9999.0 -9999.0 -9999.0 -9999.0
-9999.0 -9999.0 -9999.0 0.015684125784955753 0.0820604192572333 0.10009769202914048 0.11741939297512016 0.11782303530563379 0.12795786532196937 0.11154274687184229 0.11769488589199445 0.12833381395232504 0.14586590352225548 0.14059153407268574 0.15397724031141138 0.16875435004280104 0.19619976141603596 0.22386427215324048 0.20684145658087308 0.1996567793538753 0.17393505054292877 0.18116664861134363 0.2107493520656586 0.2211514183316643 0.24554426064185295 0.26151142384661946 0.27434022587445106 0.3036667095107959 0.31153599590779135 0.3264065790843044 0.32102840336147925 0.23465330603367743 0.22828123608791004 0.23225517236580484 0.24918018702699402 0.2627843270566188 0.21886658920734228 0.23413218118508963 0.2676155802808415 0.23793665025420865 0.18203356419854577 0.187773800226489 0.202022401807395 0.1892928300159783 -9999.0 -9999.0 -9999.0 -9999.0 -9999.0 -9999.0 -9999.0 -9999.0 -9999.0 -9999.0 -9999.0
-9999.0 -9999.0 0.01874691736463577 0.07653823542225564 0.10124250960770428 0.11218162148063285 0.11848264739798224 0.12446286924326432 0.12083995574268375 0.11656007569847147 0.1131792189564343 0.13699636220536762 0.15325335682006172 0.1462487826836184 0.15660651287132704 0.15824045493454028 0.193018566391276 0.19916702384046236 0.20203152877322147 0.18894090597334795 0.18094401464414744 0.18442489858602645 0.2046351032401458 0.19762358844998837 0.2559746671619029 0.2638868854896475 0.2870600641128591 0.27499300631752555 0.2865738266971994 0.28073372552533193 0.2802493960061099 0.2341563952872139 0.2494530999056619 0.25454061041056586 0.2602711485024958 0.24651699898226204 0.2543695365081299 0.22400539789694845 0.2818621796349405 0.25649876215628264 0.2069122009651775 0.18972619885816344 0.0 -9999.0 -9999.0 -9999.0 -9999.0 -9999.0 -9999.0 -9999.0 -9999.0 -9999.0 -9999.0 -9999.0 -9999.0
-9999.0 -9999.0 -9999.0 0.01868836872240815 0.09871861627745736 0.10841542379776004 0.11992977514516186 0.13210350897901654 0.1411609375874803 0.13288246134278478 0.10457957638565538 0.12764027597344452 0.13020382088596594 0.16187842730034036 0.16515225405908063 0.1610311716876394 0.1770613887452456 0.17331985922564808 0.17117100175551636 0.17178101470879165 0.1896962969867272 0.2088130007614235 0.23399343855917318 0.24294581150272104 0.24479683004138653 0.2510619044338078 0.2688795171022648 0.28865702987980096 0.27959250149150605 0.2958613657976771 0.30478180959407636 0.2238140516518412 0.23622836110114906 0.24864114938910864 0.2576106445259581 0.23813651722876242 0.2493464626626173 0.23293872656093995 0.2571676853705434 0.27892243364583524 0.28324208752350816 0.23463880190593342 0.0 -9999.0 -9999.0 -9999.0 -9999.0 -9999.0 -9999.0 -9999.0 -9999.0 -9999.0 -9999.0 -9999.0 -9999.0
-9999.0 -9999.0 0.021680654810487008 0.08532854118891153 0.10365598757850009 0.10349432107111746 0.10931914283755235 0.12226395733758785 0.1401953011131574 0.13203739943422357 0.10811604958165533 0.13213566999993365 0.1337465689814657 0.1402588577567103 0.16856711883705844 0.16462977210709842 0.18753881552870733 0.1747151842630798 0.1890898319713749 0.16437653291912493 0.19040441948732786 0.19743510377478654 0.23873974695358557 0.24167180873047905 0.23064808428450348 0.24580202039301924 0.268246900381161 0.22254794615255127 0.22034169219269578 0.2778685937634071 0.2800305788531858 0.2494613458290296 0.2328018048799768 0.23317781955973313 0.2605292776559463 0.25336383537157803 0.24738771824563882 0.2375198926941117 0.2698531467805533 0.25972657836925567 0.23314477379574916 0.23740441005905796 0.0 -9999.0 -9999.0 -9999.0 -9999.0 -9999.0 -9999.0 -9999.0 -9999.0 -9999.0 -9999.0 -9999.0 -9999.0
-9999.0 0.04901353817666968 0.08255395011739317 0.09277653339192797 0.10580942853130297 0.12172112702013553 0.11101628716009357 0.13474556403077712 0.14769099098611138 0.13547841660030246 0.11465072840269296 0.13207563626206034 0.14725721331846053 0.1525699399739534 0.17693848866662562 0.1724243164520569 0.1796727375037146 0.18652072216392515 0.18006273277280962 0.201292594334889 0.20289959052734896 0.2055248590702684 0.2165173939486212 0.22972695309758462 0.2504393744768308 0.2503101443217183 0.23812806011736554 0.23644708115955576 0.24068963440437682 0.252580314263043 0.30639841459510636 0.24282839883145493 0.2460091100347084 0.23325048157432965 0.2431199658170491 0.24266711572367902 0.23365295562828212 0.2552527988970369 0.2767883151558448 0.26023993759434366 0.2140461196122786 0.20322097962210486 -9999.0 -9999.0 -9999.0 -9999.0 -9999.0 -9999.0 -9999.0 -9999.0 -9999.0 -9999.0 -9999.0 -9999.0 -9999.0
-9999.0 0.022743373187525645 0.09215414763673564 0.10256524661073593 0.11966844668442066 0.11378847843413646 0.12016515727692278 0.1334101325246928 0.15401861085434196 0.16075770031450481 0.13490175829436915 0.15119057053007331 0.15281219776215585 0.1578102295401126 0.17721230656402812 0.18693919364507078 0.2236788939455697 0.18600419372173604 0.1987522440423944 0.21059082935758103 0.18933247491268437 0.19572911212986693 0.20412038539318866 0.2306079580887999 0.24891459461886475 0.21318183783681102 0.2485269260742647 0.23397000942602358 0.23898046244292676 0.25438745085072245 0.28796464572269126 0.24212394802734744 0.25258514142944527 0.23100232604359405 0.25503986575809917 0.2539758483210778 0.23190342297291724 0.25833417487313165 0.2699184140507241 0.25774514755362204 0.21045808402909422 0.0 -9999.0 -9999.0 -9999.0 -9999.0 -9999.0 -9999.0 -9999.0 -9999.0 -9999.0 -9999.0 -9999.0 -9999.0 -9999.0
0.020139445850916468 0.0920186915426437 0.09729887206166413 0.1114259147502699 0.11076077758634556 0.12371167386116565 0.13554635684959906 0.14526413220843476 0.15028797098899271 0.13965447303793452 0.14780926589193588 0.1585910786446381 0.16428690692447306 0.16302997439241015 0.1669349116777407 0.19620019883562764 0.2243037065622508 0.2025170819887681 0.21262103507934882 0.21266283830202823 0.21520524255404594 0.19598426889645593 0.20083980660225947 0.25472900799544823 0.2691122893147529 0.2786132741257608 0.2461283152087125 0.23399853462981243 0.23687651884005043 0.24403995286270824 0.25745399232400684 0.2436834684335895 0.24747307069313984 0.2719970897218994 0.2440219508441778 0.27192829710050453 0.2655171060223568 0.2792062078763904 0.27930749884711004 0.25614479475880714 0.22838464287617977 0.0 -9999.0 -9999.0 -9999.0 -9999.0 -9999.0 -9999.0 -9999.0 -9999.0 -9999.0 -9999.0 -9999.0 -9999.0 -9999.0
0.09653888587612318 0.10896756680607989 0.11382662927038956 0.1166059863929443 0.12720749898198974 0.1334153608632842 0.13981579976299555 0.16301764858640327 0.14962654432814204 0.13190681155616593 0.15179437464511122 0.162950220949055 0.17072426608143323 0.19147995837221193 0.1758894195025372 0.1762178322003832 0.18804656731363567 0.21542455238366479 0.220134685259777 0.20771285706036705 0.20541857338788122 0.2147691361488222 0.2524308866133219 0.25993302354426234 0.2839650872751075 0.23630629013534332 0.24150750471819538 0.24335347813115127 0.21571885808456537 0.2434772166861134 0.2572748951819134 0.2577888618858499 0.2521790200887512 0.27559685153747493 0.2796713375525854 0.27538039185004815 0.2886403013457247 0.2425512024995292 0.27996399122528437 0.2569309510910615 0.2550693144119904 0.21847674140680087 -9999.0 -9999.0 -9999.0 -9999.0 -9999.0 -9999.0 -9999.0 -9999.0 -9999.0 -9999.0 -9999.0 -9999.0 -9999.0
0.1072988114910651 0.11450935904443287 0.13360676746640876 0.13295622352790057 0.12719802878344535 0.14835493251327547 0.1556083535450715 0.1366608501737155 0.13952669759414785 0.14337031391137078 0.15379050579778472 0.15401969029628373 0.16893749575300693 0.1936187690541154 0.16852833399792524 0.17892739163712232 0.1776804023455283 0.21533720483905905 0.2190270948516062 0.23290308894262127 0.23864736324069677 0.2110063552138833 0.21038967793232716 0.22305420496748715 0.25758937862617814 0.2204923187178426 0.2332368863900367 0.23812971094590415 0.24001654241216705 0.2309423231224704 0.2393614311675178 0.23607671775481692 0.23088342173313864 0.22924533598234492 0.22903209197048055 0.25561870356350824 0.28512410294391405 0.2764036965788474 0.2672226859587093 0.22296164237248342 0.2396529648353388 0.23857850155070007 0.23865802997354318 -9999.0 -9999.0 -9999.0 -9999.0 -9999.0 -9999.0 -9999.0 -9999.0 -9999.0 -9999.0 -9999.0 -9999.0
0.1369222262708759 0.12510245853550409 0.13587455158711423 0.133105077063079 0.12700326982293386 0.15122055290132283 0.15275466680782104 0.15066651385372526 0.13696248916784204 0.15081056837965084 0.16374900162737097 0.16942008659638028 0.15656897270621603 0.17928275007295724 0.1842918389281993 0.20145581135395318 0.19601150892391458 0.20217031841037586 0.21683780086415236 0.25240460306015305 0.2149202720513506 0.21857288539631534 0.22229651401860107 0.23108483922372938 0.25550330409224603 0.22394783901366264 0.2297561083799938 0.22567191341741652 0.25287595372128224 0.2638936507337191 0.25579564597176097 0.22144538707869693 0.23948088549429486 0.24944798987307584 0.26030408742613614 0.24598103152548895 0.2597585639732823 0.2749612155835937 0.28932734967003065 0.2424253379735254 0.21353225285912528 0.28094283201608256 0.25299136989215987 0.32322898011233636 -9999.0 -9999.0 -9999.0 -9999.0 -9999.0 -9999.0 -9999.0 -9999.0 -9999.0 -9999.0 -9999.0
0.1348301033895013 0.1421883090057778 0.13706224080074733 0.12035409135631221 0.1320034129960013 0.14221264349906534 0.1398695955913686 0.14621424871049082 0.13486070552995874 0.153210394320917 0.160876521577894 0.17087157067979467 0.1798652256217308 0.19095484869919643 0.19148960162226006 0.21634967704471 0.20252163095679274 0.20257493851247058 0.2359836552206037 0.24094275576841223 0.24922430540065874 0.23813452877884456 0.23115344205391652 0.22736402143247594 0.24181003261727 0.18713072440455128 0.19590747642429893 0.24975110850178017 0.25603887675446446 0.23291136571015517 0.24118225647754196 0.2412511203749945 0.2564516528103167 0.2768316124980965 0.24397391242840147 0.24674054034061446 0.3141105603557226 0.2438285645175148 0.26347921324726226 0.2929040497004709 0.2719261298213161 0.24264795625051908 0.250826994622102 0.2245005027046476 -9999.0 -9999.0 -9999.0 -9999.0 -9999.0 -9999.0 -9999.0 -9999.0 -9999.0 -9999.0 -9999.0
