data/moz/moz_population.asc
ncols         234
nrows         368
xllcorner     195196.26821073
yllcorner     7004178.4200866
cellsize      5000
NODATA_value  -9999
[rows 252 to 287 of 368, columns 0 to 80 of 234]
-9999 -9999 -9999 -9999 -9999 -9999 -9999 -9999 -9999 -9999 -9999 -9999 -9999 -9999 -9999 -9999 -9999 -9999 -9999 -9999 -9999 -9999 -9999 -9999 -9999 -9999 -9999 -9999 -9999 -9999 -9999 -9999 -9999 -9999 -9999 -9999 -9999 27 28 16 14 17 18 17 15 13 14 14 13 12 13 15 18 22 25 29 61 119 85 73 59 47 40 42 42 30 32 32 33 31 33 34 41 55 102 123 142 221 236 330 185
-9999 -9999 -9999 -9999 -9999 -9999 -9999 -9999 -9999 -9999 -9999 -9999 -9999 -9999 -9999 -9999 -9999 -9999 -9999 -9999 -9999 -9999 -9999 -9999 -9999 -9999 -9999 -9999 -9999 -9999 -9999 -9999 -9999 -9999 -9999 -9999 43 66 55 48 27 18 21 25 24 17 13 15 13 14 14 14 15 18 19 23 42 96 65 56 45 37 34 36 39 37 30 28 28 26 29 34 43 61 101 117 144 131 192 344 207
-9999 -9999 -9999 -9999 -9999 -9999 -9999 -9999 -9999 -9999 -9999 -9999 -9999 -9999 -9999 -9999 -9999 -9999 -9999 -9999 -9999 -9999 -9999 -9999 -9999 -9999 -9999 -9999 -9999 -9999 -9999 -9999 -9999 -9999 -9999 51 111 73 53 48 52 49 70 53 30 23 18 14 14 13 14 14 15 16 18 22 40 70 57 44 37 34 33 33 35 36 34 29 29 31 33 35 45 71 104 118 122 118 142 146 255
-9999 -9999 -9999 -9999 -9999 -9999 -9999 -9999 -9999 -9999 -9999 -9999 -9999 -9999 -9999 -9999 -9999 -9999 -9999 -9999 -9999 -9999 -9999 -9999 -9999 -9999 -9999 -9999 -9999 -9999 -9999 -9999 -9999 -9999 27 150 98 79 47 44 52 56 77 86 97 28 21 16 13 12 13 14 15 16 18 31 64 58 42 37 32 30 28 29 34 34 34 32 29 32 34 37 50 60 65 65 76 94 108 116 164
-9999 -9999 -9999 -9999 -9999 -9999 -9999 -9999 -9999 -9999 -9999 -9999 -9999 -9999 -9999 -9999 -9999 -9999 -9999 -9999 -9999 -9999 -9999 -9999 -9999 -9999 -9999 -9999 -9999 -9999 -9999 -9999 -9999 83 279 184 98 85 59 45 46 46 59 75 86 39 19 16 13 12 13 14 17 24 32 45 70 57 40 37 34 31 29 32 36 38 35 31 33 35 38 40 53 60 65 61 73 48 44 58 69
-9999 -9999 -9999 -9999 -9999 -9999 -9999 -9999 -9999 -9999 -9999 -9999 -9999 -9999 -9999 -9999 -9999 -9999 -9999 -9999 -9999 -9999 -9999 -9999 -9999 -9999 -9999 -9999 -9999 -9999 -9999 -9999 20 1689 663 203 133 96 64 46 37 26 29 47 61 54 29 15 12 12 15 23 29 27 31 41 62 50 36 32 31 30 29 29 34 38 39 34 32 37 44 55 79 70 62 61 67 49 66 103 111
-9999 -9999 -9999 -9999 -9999 -9999 -9999 -9999 -9999 -9999 -9999 -9999 -9999 -9999 -9999 -9999 -9999 -9999 -9999 -9999 -9999 -9999 -9999 -9999 -9999 -9999 -9999 -9999 -9999 -9999 -9999 24 371 392 376 184 111 88 58 44 32 20 19 26 43 48 41 15 14 26 33 34 31 25 30 36 48 59 42 32 31 34 32 30 34 38 44 49 50 57 60 77 121 114 88 74 79 57 95 86 128
-9999 -9999 -9999 -9999 -9999 -9999 -9999 -9999 -9999 -9999 -9999 -9999 -9999 -9999 -9999 -9999 -9999 -9999 -9999 -9999 -9999 -9999 -9999 -9999 -9999 -9999 -9999 -9999 -9999 -9999 -9999 216 253 224 277 161 103 77 49 37 22 18 17 22 35 38 35 31 34 42 40 38 30 26 29 30 33 46 62 38 35 39 38 40 52 56 56 55 46 42 43 45 72 68 89 126 111 80 95 75 108
-9999 -9999 -9999 -9999 -9999 -9999 -9999 -9999 -9999 -9999 -9999 -9999 -9999 -9999 -9999 -9999 -9999 -9999 -9999 -9999 -9999 -9999 -9999 -9999 -9999 -9999 -9999 -9999 -9999 -9999 165 164 139 127 167 164 99 68 50 40 21 17 17 18 25 31 31 30 37 43 43 45 37 29 28 29 31 37 55 61 51 57 59 54 47 39 37 35 35 32 33 38 55 60 66 71 68 53 59 81 79
-9999 -9999 -9999 -9999 -9999 -9999 -9999 -9999 -9999 -9999 -9999 -9999 -9999 -9999 -9999 -9999 -9999 -9999 -9999 -9999 -9999 -9999 -9999 -9999 -9999 -9999 -9999 -9999 -9999 151 182 133 127 117 101 147 82 62 49 43 30 20 18 18 19 22 23 30 35 41 48 46 41 33 33 35 33 40 54 58 62 51 39 34 31 30 29 28 32 31 30 31 46 59 65 58 54 40 56 54 52
-9999 -9999 -9999 -9999 -9999 -9999 -9999 -9999 -9999 -9999 -9999 -9999 -9999 -9999 -9999 -9999 -9999 -9999 -9999 -9999 -9999 -9999 -9999 -9999 -9999 -9999 -9999 -9999 176 297 180 163 150 120 74 92 105 67 58 51 40 24 22 26 27 23 25 35 36 43 44 45 42 38 43 39 43 56 54 42 52 61 52 32 32 28 26 28 30 28 28 29 37 51 51 56 48 37 49 51 58
-9999 -9999 -9999 -9999 -9999 -9999 -9999 -9999 -9999 -9999 -9999 -9999 -9999 -9999 -9999 -9999 -9999 -9999 -9999 -9999 -9999 -9999 -9999 -9999 -9999 -9999 -9999 192 319 227 232 241 186 142 102 65 92 87 64 53 43 38 34 33 32 32 26 32 33 39 42 43 45 43 63 61 57 42 37 33 35 41 54 54 43 33 28 28 27 27 25 27 32 44 48 51 52 37 46 46 61
-9999 -9999 -9999 -9999 -9999 -9999 -9999 -9999 -9999 -9999 -9999 -9999 -9999 -9999 -9999 -9999 -9999 -9999 -9999 -9999 -9999 -9999 -9999 -9999 -9999 -9999 132 202 209 218 227 299 295 167 118 95 92 125 86 66 53 53 44 34 35 36 32 32 33 40 42 49 51 52 53 41 42 40 36 31 34 38 39 51 58 53 33 29 25 26 26 26 25 31 38 44 53 35 42 45 63
-9999 -9999 -9999 -9999 -9999 -9999 -9999 -9999 -9999 -9999 -9999 -9999 -9999 -9999 -9999 -9999 -9999 -9999 -9999 -9999 -9999 -9999 -9999 -9999 -9999 -9999 167 130 206 324 427 317 295 220 162 144 105 133 101 64 66 55 47 36 40 40 37 38 39 46 49 55 63 75 46 38 38 36 33 29 31 32 35 39 41 61 41 31 27 27 28 28 27 26 30 33 34 27 39 42 50
-9999 -9999 -9999 -9999 -9999 -9999 -9999 -9999 -9999 -9999 -9999 -9999 -9999 -9999 -9999 -9999 -9999 -9999 -9999 -9999 -9999 -9999 -9999 -9999 -9999 -9999 26 52 55 66 70 118 335 227 176 132 122 137 198 103 67 47 44 39 42 44 40 44 52 55 73 90 96 72 41 36 35 34 29 30 29 29 29 35 37 47 52 33 28 25 25 26 26 26 26 27 25 20 26 30 31
-9999 -9999 -9999 -9999 -9999 -9999 -9999 -9999 -9999 -9999 -9999 -9999 -9999 -9999 -9999 -9999 -9999 -9999 -9999 -9999 -9999 -9999 -9999 -9999 -9999 -9999 4 39 36 35 35 52 181 200 55 87 141 129 152 149 80 44 31 33 37 39 41 47 64 82 75 66 60 56 38 34 33 31 29 30 30 28 28 33 39 44 66 39 32 27 26 25 26 24 26 26 23 18 22 21 10
-9999 -9999 -9999 -9999 -9999 -9999 -9999 -9999 -9999 -9999 -9999 -9999 -9999 -9999 -9999 -9999 -9999 -9999 -9999 -9999 -9999 -9999 -9999 -9999 -9999 -9999 -9999 17 22 22 26 39 39 80 69 46 196 138 116 146 96 70 59 53 42 39 70 77 85 63 53 52 54 52 34 32 31 30 29 30 30 28 28 32 38 47 69 55 42 36 30 28 28 27 28 27 23 17 21 23 17
-9999 -9999 -9999 -9999 -9999 -9999 -9999 -9999 -9999 -9999 -9999 -9999 -9999 -9999 -9999 -9999 -9999 -9999 -9999 -9999 -9999 -9999 -9999 -9999 -9999 -9999 -9999 5 14 14 17 23 28 36 93 102 171 182 112 106 167 112 96 77 65 65 86 83 62 52 45 44 45 45 36 32 32 31 28 28 30 32 30 32 35 43 61 71 53 47 39 33 30 31 30 27 22 17 19 22 27
-9999 -9999 -9999 -9999 -9999 -9999 -9999 -9999 -9999 -9999 -9999 -9999 -9999 -9999 -9999 -9999 -9999 -9999 -9999 -9999 -9999 -9999 -9999 -9999 -9999 -9999 -9999 2 11 8 13 14 16 26 32 44 120 201 133 117 182 174 114 108 89 97 66 58 52 46 44 40 39 39 36 30 31 31 30 31 32 31 32 31 33 42 61 85 76 61 48 34 34 31 30 29 23 16 19 22 28
-9999 -9999 -9999 -9999 -9999 -9999 -9999 -9999 -9999 -9999 -9999 -9999 -9999 -9999 -9999 -9999 -9999 -9999 -9999 -9999 -9999 -9999 -9999 -9999 -9999 -9999 -9999 -9999 6 7 6 9 10 16 24 29 48 101 160 137 164 657 306 181 121 81 57 44 43 37 38 38 36 35 33 26 26 28 28 30 33 32 32 32 33 38 43 57 64 91 81 40 37 35 30 28 26 19 20 23 29
-9999 -9999 -9999 -9999 -9999 -9999 -9999 -9999 -9999 -9999 -9999 -9999 -9999 -9999 -9999 -9999 -9999 -9999 -9999 -9999 -9999 -9999 -9999 -9999 -9999 -9999 -9999 -9999 4 8 7 7 9 10 13 21 24 37 140 178 202 266 209 131 79 68 54 38 38 35 35 36 35 33 33 28 26 28 27 27 30 31 30 30 28 24 34 44 51 64 91 53 30 30 25 26 31 22 23 25 29
-9999 -9999 -9999 -9999 -9999 -9999 -9999 -9999 -9999 -9999 -9999 -9999 -9999 -9999 -9999 -9999 -9999 -9999 -9999 -9999 -9999 -9999 -9999 -9999 -9999 -9999 -9999 -9999 1 13 10 7 7 8 11 12 20 31 91 249 239 149 167 130 77 56 42 27 31 34 35 34 28 33 36 36 26 25 25 25 25 24 21 22 20 17 25 38 42 51 65 60 30 24 24 31 34 28 31 31 37
-9999 -9999 -9999 -9999 -9999 -9999 -9999 -9999 -9999 -9999 -9999 -9999 -9999 -9999 -9999 -9999 -9999 -9999 -9999 -9999 -9999 -9999 -9999 -9999 -9999 -9999 -9999 -9999 -9999 13 15 9 7 6 7 7 14 29 76 221 228 133 128 162 91 47 27 26 35 40 39 37 33 37 36 36 32 24 23 21 20 24 26 28 29 23 27 37 42 49 57 58 33 26 28 35 31 35 49 48 46
-9999 -9999 -9999 -9999 -9999 -9999 -9999 -9999 -9999 -9999 -9999 -9999 -9999 -9999 -9999 -9999 -9999 -9999 -9999 -9999 -9999 -9999 -9999 -9999 -9999 -9999 -9999 -9999 -9999 11 21 12 8 7 10 12 12 26 54 63 40 124 113 143 119 75 50 27 36 41 41 37 34 37 37 35 28 23 18 17 24 26 27 31 31 33 38 39 45 58 91 70 36 34 48 35 33 45 38 32 35
-9999 -9999 -9999 -9999 -9999 -9999 -9999 -9999 -9999 -9999 -9999 -9999 -9999 -9999 -9999 -9999 -9999 -9999 -9999 -9999 -9999 -9999 -9999 -9999 -9999 -9999 -9999 -9999 -9999 4 22 14 9 10 12 15 17 20 26 26 40 103 122 114 162 115 77 41 28 39 39 32 28 34 34 32 24 22 19 19 25 27 28 30 32 37 40 38 43 52 101 74 51 46 86 61 51 39 26 28 30
-9999 -9999 -9999 -9999 -9999 -9999 -9999 -9999 -9999 -9999 -9999 -9999 -9999 -9999 -9999 -9999 -9999 -9999 -9999 -9999 -9999 -9999 -9999 -9999 -9999 -9999 -9999 -9999 -9999 -9999 18 16 12 13 14 19 21 14 12 18 21 28 155 145 157 173 87 52 28 28 26 20 18 22 22 19 17 17 17 23 27 30 30 32 34 36 39 30 30 52 114 94 53 46 61 50 48 32 22 26 29
-9999 -9999 -9999 -9999 -9999 -9999 -9999 -9999 -9999 -9999 -9999 -9999 -9999 -9999 -9999 -9999 -9999 -9999 -9999 -9999 -9999 -9999 -9999 -9999 -9999 -9999 -9999 -9999 -9999 -9999 12 19 14 19 21 17 13 8 8 12 18 25 54 116 194 190 115 75 42 36 33 26 17 16 15 15 15 15 16 23 27 31 30 30 32 44 43 35 40 73 138 152 97 62 51 45 33 29 25 28 29
-9999 -9999 -9999 -9999 -9999 -9999 -9999 -9999 -9999 -9999 -9999 -9999 -9999 -9999 -9999 -9999 -9999 -9999 -9999 -9999 -9999 -9999 -9999 -9999 -9999 -9999 -9999 -9999 -9999 -9999 6 28 22 20 14 9 6 6 5 8 12 18 22 26 60 125 120 106 66 52 43 34 27 18 16 15 16 16 16 20 26 28 29 28 27 41 39 40 45 78 123 157 100 73 77 72 62 27 26 31 41
-9999 -9999 -9999 -9999 -9999 -9999 -9999 -9999 -9999 -9999 -9999 -9999 -9999 -9999 -9999 -9999 -9999 -9999 -9999 -9999 -9999 -9999 -9999 -9999 -9999 -9999 -9999 -9999 -9999 -9999 -9999 36 36 16 10 8 5 5 5 6 8 10 15 18 21 65 87 81 108 113 71 49 40 30 20 17 16 16 17 19 27 28 28 27 21 33 39 57 67 77 106 145 87 61 71 80 78 51 40 53 45
-9999 -9999 -9999 -9999 -9999 -9999 -9999 -9999 -9999 -9999 -9999 -9999 -9999 -9999 -9999 -9999 -9999 -9999 -9999 -9999 -9999 -9999 -9999 -9999 -9999 -9999 -9999 -9999 -9999 -9999 -9999 26 42 20 11 8 6 5 5 5 6 7 9 14 20 108 79 74 95 135 143 95 53 41 25 19 17 17 17 18 26 28 28 25 19 31 48 68 72 78 96 126 72 44 63 67 69 75 59 56 44
-9999 -9999 -9999 -9999 -9999 -9999 -9999 -9999 -9999 -9999 -9999 -9999 -9999 -9999 -9999 -9999 -9999 -9999 -9999 -9999 -9999 -9999 -9999 -9999 -9999 -9999 -9999 -9999 -9999 -9999 -9999 91 88 26 13 8 6 5 4 4 5 6 8 13 18 81 84 80 101 86 110 124 66 50 31 21 18 16 15 16 20 22 21 21 23 33 52 66 75 80 81 93 70 56 59 72 76 78 65 56 52
-9999 -9999 -9999 -9999 -9999 -9999 -9999 -9999 -9999 -9999 -9999 -9999 -9999 -9999 -9999 -9999 -9999 -9999 -9999 -9999 -9999 -9999 -9999 -9999 -9999 -9999 -9999 -9999 -9999 -9999 -9999 49 92 31 15 8 6 5 5 4 4 5 6 10 17 48 117 99 83 95 91 133 78 60 46 32 20 16 17 23 25 27 27 29 38 38 44 65 73 76 62 120 85 70 64 75 92 103 79 55 51
-9999 -9999 -9999 -9999 -9999 -9999 -9999 -9999 -9999 -9999 -9999 -9999 -9999 -9999 -9999 -9999 -9999 -9999 -9999 -9999 -9999 -9999 -9999 -9999 -9999 -9999 -9999 -9999 -9999 -9999 -9999 40 81 41 16 8 6 5 5 5 5 5 6 10 17 27 104 135 81 95 90 167 107 67 57 48 30 24 24 28 31 31 30 32 51 49 32 43 59 60 66 135 86 68 69 81 134 131 83 58 53
-9999 -9999 -9999 -9999 -9999 -9999 -9999 -9999 -9999 -9999 -9999 -9999 -9999 -9999 -9999 -9999 -9999 -9999 -9999 -9999 -9999 -9999 -9999 -9999 -9999 -9999 -9999 -9999 -9999 -9999 -9999 39 64 45 19 14 10 7 6 5 5 5 7 9 15 21 35 81 130 87 106 225 160 87 72 56 43 33 31 30 30 29 32 49 61 51 35 51 91 98 120 118 87 71 73 119 113 149 87 60 56
-9999 -9999 -9999 -9999 -9999 -9999 -9999 -9999 -9999 -9999 -9999 -9999 -9999 -9999 -9999 -9999 -9999 -9999 -9999 -9999 -9999 -9999 -9999 -9999 -9999 -9999 -9999 -9999 -9999 -9999 -9999 32 52 50 35 27 18 15 10 6 6 6 8 9 13 18 26 40 147 120 115 326 285 130 79 65 49 38 33 28 30 30 31 55 62 47 40 85 118 149 174 122 91 93 108 97 89 143 109 64 58
-9999 -9999 -9999 -9999 -9999 -9999 -9999 -9999 -9999 -9999 -9999 -9999 -9999 -9999 -9999 -9999 -9999 -9999 -9999 -9999 -9999 -9999 -9999 -9999 -9999 -9999 -9999 -9999 -9999 -9999 -9999 29 48 38 42 55 54 26 17 11 7 7 9 9 10 14 19 29 74 201 233 322 265 114 85 69 59 41 31 32 29 28 37 47 34 35 40 88 131 590 268 129 106 127 130 74 87 107 143 70 62
