data/moz/moz_beta.asc
ncols	234
nrows	368
xllcorner	195196.26821073
yllcorner	7004178.4200866
cellsize	5000
NODATA_value	-9999
[rows 100 to 124 of 368, columns 55 to 109 of 234]
0.19482977727724127 0.20207247087898736 0.1871839439764694 0.20620175516785574 0.18031495859844954 0.18616114685245505 0.17772878494347008 0.17616663032196736 0.18707884890413864 0.1594684795074583 0.15551440645392112 0.14890544711328807 0.16338825364109888 0.1669783763051298 0.14566263243274616 0.14867438777051895 0.15846440454942656 0.14166387154411222 0.1599684175457859 0.1771918845133227 0.14876053739125158 0.15666393887053062 0.1659792816091658 0.177163981293132 0.17977855666051973 0.16558632486067004 0.18468879675586153 0.17532868714091557 0.18341135363139152 0.1560164227426496 0.15858164475644013 0.1914519466045299 0.1850372649442139 0.1878537409719375 0.18151292684628964 0.17777303828340313 0.17369761825685273 0.15438124592961402 0.14434155113568944 0.12952218942007146 0.13744152454512493 -9999.0 -9999.0 -9999.0 -9999.0 -9999.0 -9999.0 -9999.0 -9999.0 -9999.0 -9999.0 -9999.0 -9999.0 -9999.0 -9999.0
0.190426392848608 0.1968152062204452 0.19469571078339432 0.17764328387611575 0.18257008828346716 0.20175344818159385 0.17307426079972077 0.18806626893702139 0.20813434939601336 0.16729742085566496 0.17105414027243812 0.1510643508489249 0.16065634528758505 0.17024989968626933 0.19724930429103868 0.13693639017723053 0.15609996357029862 0.17901440682825975 0.17347443695443376 0.16953630045989632 0.15179480680498722 0.17243366764446533 0.16594369936714984 0.19673072867589544 0.1769279683104568 0.18330582750317656 0.2204032900561328 0.19660964214574334 0.2012025583087009 0.17269137174768062 0.19540618585659963 0.20654700562748896 0.20309737492871952 0.17413963503379556 0.14681548181054135 0.1372315201616088 0.15326237857332659 0.14777158155221978 0.13519797660819902 0.12799826609637294 0.1071200276788965 -9999.0 -9999.0 -9999.0 -9999.0 -9999.0 -9999.0 -9999.0 -9999.0 -9999.0 -9999.0 -9999.0 -9999.0 -9999.0 -9999.0
0.19271258040455425 0.1900567979628285 0.17976565341490813 0.18307228478829793 0.16783885419211336 0.17544094680539704 0.17513564043953106 0.19012729047833166 0.17740377312742195 0.1897148059302126 0.19810318741202604 0.16355068082620408 0.20006123096790912 0.18848505720870368 0.18897805108232757 0.14344756796012595 0.15378356814117639 0.14811577616045607 0.16133538397658104 0.16085259707452126 0.14544631118557844 0.1497014773852494 0.14742644363274032 0.17426233009071587 0.1810966144362957 0.17124256168145674 0.2186962028262874 0.21887017258438118 0.19372941004973585 0.17696509760490745 0.19509040779827255 0.20360799439120814 0.2064481459285242 0.17818208332996552 0.14772288400261538 0.14895958098950307 0.13333969465530546 0.14251083820396226 0.1406239652279989 0.13832222933183147 0.10947616659259848 -9999.0 -9999.0 -9999.0 -9999.0 -9999.0 -9999.0 -9999.0 -9999.0 -9999.0 -9999.0 -9999.0 -9999.0 -9999.0 -9999.0
0.18268040367402472 0.16571161403450058 0.14978458595488753 0.1589227045303582 0.18278757322201028 0.16258401087044036 0.16464245547534131 0.18629243215983665 0.19290531660439758 0.19517502359065722 0.1897200767619852 0.1653275944566667 0.18665862165103655 0.1728816411868666 0.1602910106139141 0.15384857658144416 0.15711585667655673 0.14756355742167482 0.1551472062918704 0.14146136965935724 0.15265769297869883 0.15695506288006958 0.15569634005234145 0.1535401237401217 0.1708860874256807 0.16815265081249028 0.21546272525559093 0.2066084038072809 0.20553070381702102 0.1893428368729084 0.21365709990843348 0.21144477913401957 0.18766566727709988 0.16417076917639645 0.1537153748781525 0.16761437017152958 0.17845632538889275 0.13748513836447382 0.13430285177527265 0.14193522041949264 -9999.0 -9999.0 -9999.0 -9999.0 -9999.0 -9999.0 -9999.0 -9999.0 -9999.0 -9999.0 -9999.0 -9999.0 -9999.0 -9999.0 -9999.0
0.18069333202729554 0.16629080046487846 0.165490487638469 0.17041190037628715 0.16114526516693056 0.14916966375104218 0.1651589421503215 0.19145538227763703 0.1888507852197558 0.19236748097060866 0.19437432816511077 0.20742054723307513 0.180720036063427 0.1948920611551765 0.15843391517399 0.15446735355788083 0.15781197842531514 0.13986426899647778 0.15625358510733284 0.1285778336212954 0.1336482002846109 0.1393509508423197 0.16169515831635137 0.16626834629547005 0.1736160407974026 0.16063479043092338 0.17814211213290507 0.22921791582560602 0.22383911435865056 0.18986852940830237 0.21630674687490262 0.20208627475611438 0.18518491555687833 0.18208599981705711 0.1629283331969437 0.19205228524948922 0.1787855782411838 0.14139891577020033 0.13094472485796252 0.14935187313120882 -9999.0 -9999.0 -9999.0 -9999.0 -9999.0 -9999.0 -9999.0 -9999.0 -9999.0 -9999.0 -9999.0 -9999.0 -9999.0 -9999.0 -9999.0
0.18104853109792413 0.15926107347278284 0.17385228835370628 0.1723196993526834 0.17810531818337097 0.1731631336736746 0.19883731854280295 0.18900355019844436 0.19103078924706457 0.17558015629351514 0.18734591408384493 0.20161296176582644 0.18822200554517196 0.2124837504226998 0.16150152006565016 0.14221317151989765 0.1498113734343611 0.16298305817791353 0.14190423922057224 0.14556167589130092 0.12897628085322776 0.13097967961880047 0.13934506426032253 0.17703134100979542 0.15581128910701875 0.159843065795794 0.16098494948060033 0.16781641544865344 0.19876839024554502 0.19501818338969545 0.18496724642250223 0.19099516712888384 0.203239233251847 0.1958373491148488 0.1758159737072506 0.20352636886446246 0.18535335787890972 0.1434517259005704 0.14189897582582592 0.15323389654068748 0.10782552692314165 -9999.0 -9999.0 -9999.0 -9999.0 -9999.0 -9999.0 -9999.0 -9999.0 -9999.0 -9999.0 -9999.0 -9999.0 -9999.0 -9999.0
0.14892740625974146 0.15597773312388782 0.17280629445737983 0.17202416341620327 0.1928810386084274 0.19334223414364463 0.18003970967718355 0.18154935427601843 0.1802557826358869 0.19927927988407698 0.19887394666994662 0.17490854628152308 0.19148364385804492 0.18566257337148298 0.16933003024089852 0.14686524990943453 0.1545494537370181 0.1643022800444643 0.16570448911195143 0.17052424536592906 0.14765197411175196 0.16487916893841206 0.15376259494403155 0.17377164659125424 0.18011421797749602 0.18406922144008842 0.17419241509306943 0.1706870267098664 0.18549283357748572 0.2037314281127975 0.20293417505860403 0.25388422986909465 0.21800635042549088 0.1929423574227341 0.1791809991373851 0.17201927703596806 0.1524866504884084 0.15660182665124173 0.16428196491120284 0.18325846923228603 0.11577691602235346 -9999.0 -9999.0 -9999.0 -9999.0 -9999.0 -9999.0 -9999.0 -9999.0 -9999.0 -9999.0 -9999.0 -9999.0 -9999.0 -9999.0
0.1460085970856944 0.15919327705523859 0.16827046773605553 0.1769980697268778 0.18600153734206323 0.18896973649094104 0.19176463478287753 0.15569026991720758 0.1601266775917646 0.1536335346478249 0.14710981427798034 0.17014356673111217 0.19122625465388818 0.1678352738245018 0.15863873122139435 0.1513191432636031 0.16140524577805648 0.1629535292919364 0.19204611402079094 0.16833450134345712 0.16119606757917437 0.18602919256306336 0.2058049937452525 0.19869924886757842 0.1693257305199088 0.17703090401493657 0.1825293761427018 0.17769090415622 0.17194751689352494 0.1895592979391558 0.2222389625798051 0.24045312280973974 0.19408462555701364 0.1768501059958114 0.16844149246925616 0.17502433833182615 0.16097401959903312 0.17134329505988244 0.19207273429518404 0.15503050511175603 -9999.0 -9999.0 -9999.0 -9999.0 -9999.0 -9999.0 -9999.0 -9999.0 -9999.0 -9999.0 -9999.0 -9999.0 -9999.0 -9999.0 -9999.0
0.16410534163183263 0.1549477207172064 0.15468109794072393 0.16131181948899173 0.17742029752910693 0.16572630977454503 0.15897833251751525 0.15139181015512476 0.14473613739467697 0.15172334614760322 0.1336919607005771 0.13052113176313562 0.15535669944157682 0.1632625017878524 0.17722619047078528 0.17927514135992517 0.16875097415528986 0.14715042150325014 0.1749820798096288 0.1545329573178135 0.15118099576433086 0.17632347114564792 0.16959257921349213 0.16082329262818829 0.17068856855780362 0.18428578666777065 0.18219907108261738 0.19517104479504155 0.18516128654686947 0.1909192581062861 0.19004092388783284 0.203795311476064 0.20775096002105847 0.17043951650271397 0.15727260488301661 0.16913309766685797 0.18132525166342098 0.15848898790185287 0.17326081764093756 -9999.0 -9999.0 -9999.0 -9999.0 -9999.0 -9999.0 -9999.0 -9999.0 -9999.0 -9999.0 -9999.0 -9999.0 -9999.0 -9999.0 -9999.0 -9999.0
0.14766326341156394 0.14640156233550009 0.14321425353335757 0.16186728713995052 0.1585668581038959 0.18562331217544867 0.15198033066758754 0.16593012809827842 0.17487568808338125 0.15493163323796105 0.13676679170873351 0.12202974312131512 0.1667419622007102 0.16179519663438974 0.1647319546896081 0.16922590282356895 0.18256298689904915 0.16370857282529666 0.16135940033661134 0.17625766610478602 0.19138579367316172 0.1790053138503809 0.16082469290719514 0.15824654607089436 0.17215205300537376 0.17462900828155062 0.15261124198493808 0.16283023901211408 0.18409797281711518 0.17690772051671777 0.16773822594157659 0.18702630116316546 0.18026281495641894 0.19188844015081974 0.18752518068353122 0.15930738809506534 0.16982877164331658 0.14206165692524256 0.14362769272020057 -9999.0 -9999.0 -9999.0 -9999.0 -9999.0 -9999.0 -9999.0 -9999.0 -9999.0 -9999.0 -9999.0 -9999.0 -9999.0 -9999.0 -9999.0 -9999.0
0.14951610002724836 0.14623314412245253 0.1569848819515006 0.15298107983129014 0.15329212234397663 0.16085347329798994 0.17683147784767966 0.15094301529588128 0.14466063584893052 0.14972551289221678 0.14449021392171962 0.14120518850431227 0.1403796622472218 0.1554936586373021 0.16193827423899645 0.16797559078801683 0.1741327120013983 0.17161669875360736 0.18485886828131654 0.19070586853860264 0.19006124019692783 0.19571401051738568 0.16602282639960292 0.1669464852579141 0.18363278165792027 0.16704635744448273 0.17185421544650006 0.15517288799463308 0.1499743432158104 0.14656717398454225 0.13776406026611862 0.15615916858346388 0.16544514132313906 0.19418530814260018 0.18240815208906994 0.18641711425542876 0.1668587377689604 -9999.0 -9999.0 -9999.0 -9999.0 -9999.0 -9999.0 -9999.0 -9999.0 -9999.0 -9999.0 -9999.0 -9999.0 -9999.0 -9999.0 -9999.0 -9999.0 -9999.0 -9999.0
0.1574932367586336 0.1529772970582244 0.15881781115032984 0.15970896173983426 0.17221081091651064 0.15306063687393762 0.15629356985963405 0.15199276508110535 0.17097902600949239 0.13644888878098488 0.15119671534668133 0.1280870803120633 0.12459866173321767 0.14627600243251576 0.14674959401891016 0.15678843278274032 0.17321911376727375 0.1808825114102191 0.18669736185101013 0.18416272189528174 0.16763652326959436 0.16819741105155145 0.16433196393206448 0.14354521992231298 0.16902859416152632 0.16055610939142473 0.16665286517423164 0.2078235875229483 0.16586384206160187 0.1684404035564503 0.1441483058816128 0.1614464644682983 0.16370166794583746 0.1490122125019572 0.14902841772119407 0.16962387644669705 0.17002392235158437 -9999.0 -9999.0 -9999.0 -9999.0 -9999.0 -9999.0 -9999.0 -9999.0 -9999.0 -9999.0 -9999.0 -9999.0 -9999.0 -9999.0 -9999.0 -9999.0 -9999.0 -9999.0
0.1177381643834232 0.11958029314377516 0.13741364317133842 0.1351524622097664 0.15783453506863374 0.15009759031532152 0.14548994962931985 0.1446075971514941 0.15309344958717183 0.14607250739974922 0.14192842384828833 0.13173410296261368 0.12412158938798537 0.12762114368063637 0.15422538648505 0.15459997472815923 0.16251589048746679 0.17634102052151016 0.18273905804244595 0.18181366408065103 0.19530895563297143 0.1556734071394793 0.1711542400752821 0.17072956675187537 0.14113667131349153 0.15862671161460148 0.16805078341974014 0.1746307373196415 0.17991235379260845 0.1758086298164513 0.15877237572278208 0.15393761033819195 0.15024401257865488 0.1498367265172212 0.1412210346947662 0.1920667110271239 0.17499616426522704 -9999.0 -9999.0 -9999.0 -9999.0 -9999.0 -9999.0 -9999.0 -9999.0 -9999.0 -9999.0 -9999.0 -9999.0 -9999.0 -9999.0 -9999.0 -9999.0 -9999.0 -9999.0
0.12809962279235265 0.15491099414515908 0.12303002254008709 0.12746182145452503 0.1390813833276716 0.13847677690695107 0.12722295435819395 0.13675855739955423 0.14135994218660303 0.12978933152088276 0.1167467948027308 0.11407308689791971 0.13248322338451252 0.1300882859609964 0.16159765299672385 0.15936404897439124 0.14990939913456866 0.17249868647243932 0.18060481290173766 0.1904653105977264 0.18931039768060634 0.1726455165303282 0.15925874190302297 0.17412270151961787 0.14527643159915635 0.14974361744402714 0.1553970855076122 0.15272616340634548 0.17740512796936728 0.15351620074178332 0.1580154646052563 0.1574077105002379 0.16517775180894811 0.13848606064812838 0.16520826026878344 0.18599180561991016 0.1799296523497084 0.11600515477635637 -9999.0 -9999.0 -9999.0 -9999.0 -9999.0 -9999.0 -9999.0 -9999.0 -9999.0 -9999.0 -9999.0 -9999.0 -9999.0 -9999.0 -9999.0 -9999.0 -9999.0
0.1108084170308285 0.11771798352440631 0.10658556474061483 0.12203463183934128 0.1377382210169967 0.14264378044543516 0.11974224658531628 0.1260784495356441 0.13673903879428875 0.13536910902078045 0.12621287525079647 0.12841131335931696 0.11315300340486609 0.11658789939476129 0.12796120171803826 0.144578659464492 0.15256425109769242 0.16855614526989451 0.17097636806901173 0.1644525935100635 0.17715471509568567 0.16870036607676608 0.17426931337832197 0.147934762927762 0.15989429804617497 0.1576066414558147 0.1470833381527697 0.15659595396783235 0.15770887812177262 0.15178567157678924 0.17555837286498882 0.18850460079530187 0.15813835481844096 0.1417900095510009 0.1706855695363918 0.1548325238020651 0.1776998262850595 -9999.0 -9999.0 -9999.0 -9999.0 -9999.0 -9999.0 -9999.0 -9999.0 -9999.0 -9999.0 -9999.0 -9999.0 -9999.0 -9999.0 -9999.0 -9999.0 -9999.0 -9999.0
0.1185978496091862 0.11962664649654745 0.10757467550427875 0.13144753760083625 0.1347378186144091 0.15286646638227677 0.13020977694146574 0.11914037096245554 0.11594522840902885 0.14348535253530015 0.13117415448821432 0.12489954074885495 0.11959147955735341 0.11743109481201397 0.12299527321486334 0.1459787581731489 0.15431858558259742 0.14144142653746056 0.1500558017865086 0.16487102591630604 0.18351229797861895 0.1711658692794089 0.16178162175925026 0.15671352313079817 0.15598149872532177 0.1599945015990093 0.15771820253397834 0.15804955028550763 0.14301440563239282 0.1357688573610642 0.13723984222435565 0.14874691872893642 0.17358379536262405 0.18363106516485314 0.19014200649040083 0.17683431133732963 0.15549261237226333 -9999.0 -9999.0 -9999.0 -9999.0 -9999.0 -9999.0 -9999.0 -9999.0 -9999.0 -9999.0 -9999.0 -9999.0 -9999.0 -9999.0 -9999.0 -9999.0 -9999.0 -9999.0
0.10432837900978953 0.0931143505850929 0.10211609687906487 0.10504683936002297 0.1238477835819173 0.11858731604576234 0.12998182223765248 0.13018180644217994 0.11144915864030476 0.13013522208227854 0.13990422352648305 0.13523044614767396 0.1306296133346866 0.14575471721338248 0.1227162397001163 0.12469933269464273 0.12244398328282206 0.135904954545634 0.15416269956604917 0.1736880563324958 0.17801762755967546 0.18219954388264537 0.15640177809780328 0.1587322621047012 0.15905053665545468 0.1571863218591429 0.15572889261848452 0.15259801631045014 0.15582434705841036 0.15433475361091673 0.15327332011981973 0.13385354042907222 0.1499911097790072 0.17733415973997899 0.18621300556723255 0.15385080002029514 -9999.0 -9999.0 -9999.0 -9999.0 -9999.0 -9999.0 -9999.0 -9999.0 -9999.0 -9999.0 -9999.0 -9999.0 -9999.0 -9999.0 -9999.0 -9999.0 -9999.0 -9999.0 -9999.0
0.13354368619169082 0.11229455348196203 0.12694161552199998 0.11191726719618929 0.10520875850314644 0.13680370031793437 0.1434053614521641 0.12126348918858212 0.11011797450854474 0.10514013610773253 0.11930403176641506 0.12017201637861727 0.12483915102080814 0.11304197144820984 0.1020049127467085 0.12209433374862598 0.13228665997044173 0.12664153867920977 0.1541947582795621 0.15121813292394065 0.16553768496202803 0.1716841749342869 0.15225686718810763 0.1570224734237238 0.14945019149306712 0.1447867163210623 0.15417193326727668 0.16899349749109813 0.1704835921457908 0.15879833939380003 0.1416986175207405 0.14748091664331903 0.12284158362423324 0.15112260265981164 0.15041398936077602 -9999.0 -9999.0 -9999.0 -9999.0 -9999.0 -9999.0 -9999.0 -9999.0 -9999.0 -9999.0 -9999.0 -9999.0 -9999.0 -9999.0 -9999.0 -9999.0 -9999.0 -9999.0 -9999.0 -9999.0
0.13637758404597927 0.12643228976252535 0.1293060018221475 0.12240387465336554 0.11555547988897424 0.12885504559066976 0.1495569711967299 0.1375207098489202 0.11324798541932854 0.0943495229495387 0.08784194759489775 0.08677359416909317 0.10519899828408599 0.10755464841759102 0.12081329244473035 0.12605642111070076 0.11621046837361493 0.14003114469583527 0.15610181037985896 0.1561782246312616 0.15318836402325675 0.15908364215630838 0.1637836574758941 0.17130346794503362 0.1679393782693872 0.1497788159362361 0.15953735320268547 0.1437976399964027 0.15748066520172466 0.14497155193967948 0.1388125755012791 0.1464344578880787 0.13916892709419593 0.09777010434023069 -9999.0 -9999.0 -9999.0 -9999.0 -9999.0 -9999.0 -9999.0 -9999.0 -9999.0 -9999.0 -9999.0 -9999.0 -9999.0 -9999.0 -9999.0 -9999.0 -9999.0 -9999.0 -9999.0 -9999.0 -9999.0
0.15651036465885707 0.1392176559137288 0.12581848964517017 0.12796027062372 0.13129839582470085 0.12195915254852281 0.11364021693173079 0.11944896884571815 0.12340561582215111 0.113077558514924 0.11643832976663473 0.10709575731280287 0.08738623624064712 0.10143284435633267 0.11251342218610505 0.1262219745228114 0.14597925744284324 0.15003731393297068 0.15399745161560854 0.16125304358463036 0.15202899783487422 0.15433939695994364 0.15532095158687376 0.1452070937825404 0.1531754457997495 0.14656806963499938 0.13351965458112444 0.1432483929400426 0.1396175840667473 0.13822379245246313 0.1447364750100698 0.15207646393883256 0.15527784131924047 -9999.0 -9999.0 -9999.0 -9999.0 -9999.0 -9999.0 -9999.0 -9999.0 -9999.0 -9999.0 -9999.0 -9999.0 -9999.0 -9999.0 -9999.0 -9999.0 -9999.0 -9999.0 -9999.0 -9999.0 -9999.0 -9999.0
0.15888908530993157 0.14464826858139465 0.1343094254147416 0.12997519404023464 0.12565755796047204 0.1234880018985751 0.12898929014970018 0.11134324316828846 0.11483718638731888 0.11830063013093697 0.12187085011519773 0.10311747650127426 0.09963313403458358 0.0841775632510948 0.10580837527897437 0.14752482063382344 0.1419630013029337 0.14220240122980654 0.1430635561477902 0.147044282453885 0.1758953784465297 0.17349252969471765 0.15530740807069063 0.17114648120702558 0.18001447148463987 0.18933891813696688 0.14639616060925462 0.13139216440540752 0.13935872188267323 0.15054504690133014 0.16004968948862128 0.17609307086114256 0.13741435975573746 0.15131541925318995 -9999.0 -9999.0 -9999.0 -9999.0 -9999.0 -9999.0 -9999.0 -9999.0 -9999.0 -9999.0 -9999.0 -9999.0 -9999.0 -9999.0 -9999.0 -9999.0 -9999.0 -9999.0 -9999.0 -9999.0 -9999.0
0.15232694627298685 0.14987823964010366 0.14384346028385622 0.13255001548888656 0.14325188831564784 0.15206094607939208 0.14334968447975377 0.12456994602789168 0.11301655409978618 0.1053386533631684 0.11183395418586041 0.10435778102392587 0.0933580060069373 0.09134726994554276 0.09846779627705617 0.10958397615559828 0.13758852910248495 0.14262374655325327 0.15402070234653115 0.15824705650780096 0.17182106828537663 0.16834349362951537 0.15363188737301495 0.1647813996101824 0.16855066776073035 0.16558339387128063 0.15363702407637497 0.13317204142048078 0.1379236455863971 0.15153878802931509 0.16642751301413658 0.1465525137797789 0.16391228590323242 0.18488736435114472 0.1966267947029105 0.18956571522102933 -9999.0 -9999.0 -9999.0 -9999.0 -9999.0 -9999.0 -9999.0 -9999.0 -9999.0 -9999.0 -9999.0 -9999.0 -9999.0 -9999.0 -9999.0 -9999.0 -9999.0 -9999.0 -9999.0
0.14645719325079634 0.15364760530187804 0.15028898102835517 0.12801406615192154 0.14399764335752133 0.14225824832409442 0.14492366948991095 0.13372410273119625 0.1173780098110988 0.11205487604874495 0.11319335859695794 0.10421943650190002 0.09962731735105691 0.1298277123445318 0.10694171202390292 0.10029346914006093 0.1325291983284859 0.15897595669757988 0.16650185182271635 0.14410998970099778 0.14476619224810608 0.15883324169983398 0.15824840020104566 0.1638254772417328 0.1578641089003861 0.15167976357330218 0.14203549716804661 0.15796855830193657 0.1706889556196219 0.16817564480343114 0.18284304413662902 0.17533838276969096 0.18271746773217915 0.170960739986942 0.1800767317887675 0.18620516406196 -9999.0 -9999.0 -9999.0 -9999.0 -9999.0 -9999.0 -9999.0 -9999.0 -9999.0 -9999.0 -9999.0 -9999.0 -9999.0 -9999.0 -9999.0 -9999.0 -9999.0 -9999.0 -9999.0
0.2356456237242522 0.1773116023831344 0.1444085065403867 0.127762697717252 0.1289743266185409 0.13573486053565734 0.11616426194499838 0.11547401580591855 0.1155556284369207 0.11449872992392662 0.10904982146959089 0.10930107847416952 0.10728163797222254 0.10407065334681886 0.11463487376213215 0.08660102017743308 0.10885382441536139 0.14618285035850265 0.12742961029881258 0.11633491196835305 0.15414758684493032 0.14777568273691924 0.15706109267531396 0.15806181492411284 0.13759701067689478 0.14161739076237 0.1477494486438567 0.13879819258236875 0.1664968987186951 0.17251273037528808 0.18025708847176897 0.1729484910541951 0.16544717922746946 0.16712172335746295 0.18258405046328005 0.201358978877858 0.1273181077373937 -9999.0 -9999.0 -9999.0 -9999.0 -9999.0 -9999.0 -9999.0 -9999.0 -9999.0 -9999.0 -9999.0 -9999.0 -9999.0 -9999.0 -9999.0 -9999.0 -9999.0 -9999.0
0.2531549517577905 0.25117022183258414 0.2561660827300987 0.14233887825064254 0.12149429159744692 0.12883904112281164 0.1243912827459998 0.12384813200679352 0.11429517252306673 0.10756437911671893 0.10845442485668297 0.08732302050490025 0.10171048630605596 0.11594961804904928 0.11712960091848383 0.11421886849584055 0.08499584582730584 0.10363593883328502 0.12921525091314426 0.12335916833614 0.11428173504988588 0.11050638041956821 0.13574095544075518 0.15338904993198094 0.14558003489437835 0.15890628363594383 0.13572854370492424 0.12553802960288402 0.16148647229057592 0.18164569095563146 0.18217590486740984 0.18068722356222125 0.16355803750839631 0.15626372536488012 0.1999820982582254 0.1963512780034227 0.16184094389988427 -9999.0 -9999.0 -9999.0 -9999.0 -9999.0 -9999.0 -9999.0 -9999.0 -9999.0 -9999.0 -9999.0 -9999.0 -9999.0 -9999.0 -9999.0 -9999.0 -9999.0 -9999.0
