data/moz/moz_pfpr210.asc
ncols         234
nrows         368
xllcorner     195196.26821073
yllcorner     7004178.4200866
cellsize      5000
NODATA_value  -9999
[rows 248 to 278 of 368, columns 70 to 139 of 234]
0.3391655 0.3318368 0.335375 0.3294965 0.3249354 0.3383914 0.3303164 0.3385279 0.3631969 0.3554864 0.3420002 0.3856329 0.3551437 0.337956 0.3974588 0.3329876 0.3263726 0.3185589 0.3306001 0.3333674 0.365335 0.3759965 0.3720667 0.3636083 0.3739907 0.3588895 0.3453256 0.3499163 0.3738419 0.3689003 0.353447 0.3366504 0.3521702 0.3256339 0.3018409 0.3168197 0.3026977 0.3056351 0 -9999 -9999 0 0.2538818 -9999 -9999 -9999 -9999 -9999 -9999 -9999 -9999 -9999 -9999 -9999 -9999 -9999 -9999 -9999 -9999 -9999 -9999 -9999 -9999 -9999 -9999 -9999 -9999 -9999 -9999 -9999
0.3366096 0.3470254 0.3342888 0.3476188 0.363264 0.3505321 0.3360756 0.3328269 0.3349165 0.317873 0.3366726 0.3548992 0.3542098 0.340194 0.3326854 0.3349784 0.3281499 0.3322111 0.337925 0.3635862 0.380257 0.3745657 0.3716916 0.3499583 0.3566776 0.3616979 0.3479225 0.3426152 0.3328005 0.3451358 0.3440205 0.3524478 0.3489724 0.3309242 0.2993482 0.2900353 0.3422309 0.3095638 0.2617697 -9999 -9999 0.2693068 0 -9999 -9999 -9999 -9999 -9999 -9999 -9999 -9999 -9999 -9999 -9999 -9999 -9999 -9999 -9999 -9999 -9999 -9999 -9999 -9999 -9999 -9999 -9999 -9999 -9999 -9999 -9999
0.3210408 0.3167776 0.3311983 0.3382053 0.3210587 0.3292291 0.3432289 0.3334922 0.3487642 0.3274277 0.3401517 0.3318764 0.3371879 0.3512218 0.3149202 0.3423052 0.3428701 0.3255468 0.3193091 0.3585578 0.3408856 0.3631491 0.3523665 0.3350536 0.3609128 0.3344181 0.3214444 0.3487184 0.3510088 0.3471266 0.3650278 0.337092 0.3564208 0.3334444 0.3003418 0.2939305 0.3258147 0.3017986 0.2620558 -9999 -9999 0 -9999 -9999 -9999 -9999 -9999 -9999 -9999 -9999 -9999 -9999 -9999 -9999 -9999 -9999 -9999 -9999 -9999 -9999 -9999 -9999 -9999 -9999 -9999 -9999 -9999 -9999 -9999 -9999
0.3149356 0.321299 0.3481863 0.3397794 0.3262637 0.3208487 0.3159322 0.3279347 0.3461648 0.3074488 0.3138322 0.3071894 0.3258407 0.3420232 0.3032335 0.3028346 0.3173137 0.3191957 0.3053983 0.2778257 0.3284262 0.3473488 0.3544568 0.3401456 0.3555144 0.3293407 0.3266484 0.3275391 0.3244835 0.3389367 0.3546473 0.3397736 0.3309079 0.3405555 0.3228699 0.2862917 0.3028933 0.3056252 0.2823566 -9999 -9999 -9999 0 -9999 -9999 -9999 -9999 -9999 -9999 -9999 -9999 -9999 -9999 -9999 -9999 -9999 -9999 -9999 -9999 -9999 -9999 -9999 -9999 -9999 -9999 -9999 -9999 -9999 -9999 -9999
0.312072 0.3420756 0.3342106 0.3276627 0.3332049 0.3221005 0.3126312 0.3114211 0.3273385 0.299572 0.2968492 0.3041024 0.3089848 0.2832898 0.2797239 0.276088 0.3178715 0.317549 0.3227514 0.3105781 0.3478834 0.3302174 0.3293292 0.3177263 0.353025 0.3496072 0.3398004 0.3260608 0.3326505 0.3284729 0.3491847 0.3412504 0.3304518 0.3196311 0.3136988 0.3095857 0.2717686 0.3027385 0.3064181 -9999 -9999 0.2919805 -9999 -9999 -9999 -9999 -9999 -9999 -9999 -9999 -9999 -9999 -9999 -9999 -9999 -9999 -9999 -9999 -9999 -9999 -9999 -9999 -9999 -9999 -9999 -9999 -9999 -9999 -9999 -9999
0.3278514 0.3617155 0.3551489 0.3251384 0.3120893 0.3195909 0.3133968 0.327409 0.3317327 0.3088933 0.2985897 0.2998525 0.2652067 0.294478 0.2746984 0.286249 0.3098618 0.3041991 0.3043817 0.2859966 0.3142757 0.2985106 0.3260037 0.3232664 0.3459301 0.3481593 0.3284574 0.3252651 0.3133597 0.298604 0.3043455 0.3248909 0.3067339 0.3064469 0.3071735 0.2907183 0.2785358 0.2891722 0 -9999 -9999 0.2982854 -9999 -9999 -9999 -9999 -9999 -9999 -9999 -9999 -9999 -9999 -9999 -9999 -9999 -9999 -9999 -9999 -9999 -9999 -9999 -9999 -9999 -9999 -9999 -9999 -9999 -9999 -9999 -9999
0.3341785 0.3326111 0.3596547 0.3393989 0.3367335 0.3296871 0.3210726 0.3450115 0.3495785 0.3184013 0.2916076 0.3097205 0.3010654 0.2738073 0.3018033 0.3028757 0.3087976 0.2844341 0.2602786 0.3202362 0.2954803 0.2891256 0.3183372 0.3134029 0.3450265 0.3177663 0.3244194 0.2930153 0.2972437 0.3132549 0.310386 0.3196792 0.2942287 0.2916116 0.2812096 0.2776386 0.2843833 0.2760868 0.2366289 -9999 -9999 -9999 -9999 -9999 -9999 -9999 -9999 -9999 -9999 -9999 -9999 -9999 -9999 -9999 -9999 -9999 -9999 -9999 -9999 -9999 -9999 -9999 -9999 -9999 -9999 -9999 -9999 -9999 -9999 -9999
0.312075 0.3421692 0.3280853 0.3370245 0.3386354 0.3139954 0.3407704 0.3568216 0.3336438 0.2996032 0.2734115 0.3044765 0.2908887 0.2793328 0.2496671 0.293014 0.3200488 0.27458 0.2685056 0.3310991 0.3222904 0.2980845 0.2901433 0.320308 0.3210219 0.3198313 0.3157606 0.3090771 0.2878175 0.3196087 0.3133657 0.3213736 0.3075396 0.2913249 0.286173 0.2676269 0.2565355 0.2602348 0.2342734 -9999 -9999 -9999 -9999 -9999 -9999 -9999 -9999 -9999 -9999 -9999 -9999 -9999 -9999 -9999 -9999 -9999 -9999 -9999 -9999 -9999 -9999 -9999 -9999 -9999 -9999 -9999 -9999 -9999 -9999 -9999
0.3239886 0.3279926 0.3043559 0.3145515 0.3098288 0.3205861 0.3398536 0.3171226 0.3195794 0.2899551 0.2774069 0.2920991 0.2875416 0.2854436 0.2627055 0.2859882 0.2662042 0.2746393 0.2735857 0.2963492 0.3273599 0.2968538 0.2836432 0.2961825 0.3114981 0.3050977 0.3081454 0.3029031 0.2932973 0.2945113 0.3171296 0.2967879 0.3007909 0.3040748 0.3152707 0.2730252 0.256625 0.2780919 0.2576949 -9999 -9999 -9999 -9999 -9999 -9999 -9999 -9999 -9999 -9999 -9999 -9999 -9999 -9999 -9999 -9999 -9999 -9999 -9999 -9999 -9999 -9999 -9999 -9999 -9999 -9999 -9999 -9999 -9999 -9999 -9999
0.3253013 0.3061331 0.3120826 0.3094248 0.3311296 0.3120286 0.3185838 0.3191306 0.3082751 0.2789229 0.2854222 0.3081397 0.3223054 0.2864336 0.2943297 0.2833602 0.274496 0.2658313 0.2690177 0.2822686 0.2958476 0.3062483 0.3045554 0.2899028 0.324101 0.3038287 0.2932624 0.3072974 0.2967039 0.3031505 0.3063098 0.2863727 0.2902884 0.3085206 0.2966492 0.2672213 0.2700255 0.2862633 0.2652939 -9999 -9999 0 0.2279077 -9999 -9999 -9999 -9999 -9999 -9999 -9999 -9999 -9999 -9999 -9999 -9999 -9999 -9999 -9999 -9999 -9999 -9999 -9999 -9999 -9999 -9999 -9999 -9999 -9999 -9999 -9999
0.3123569 0.309162 0.2957014 0.3284392 0.3312213 0.3107134 0.3012783 0.3128918 0.302321 0.2496192 0.2680532 0.3218394 0.3010091 0.2936503 0.2939571 0.2793302 0.3113564 0.2948462 0.2991997 0.3144928 0.3077021 0.2739228 0.2957762 0.2893656 0.2990631 0.3048124 0.2709211 0.3069028 0.2967342 0.2954963 0.3114641 0.2844535 0.306517 0.2929366 0.2808263 0.2591248 0.2610337 0.2796866 0.2667248 -9999 -9999 0 0.2583933 0.2488101 -9999 -9999 -9999 -9999 -9999 -9999 -9999 -9999 -9999 -9999 -9999 -9999 -9999 -9999 -9999 -9999 -9999 -9999 -9999 -9999 -9999 -9999 -9999 -9999 -9999 -9999
0.3170619 0.3111572 0.3066445 0.3350478 0.3188706 0.3044827 0.2753675 0.3173791 0.2973793 0.2426888 0.2513539 0.28426 0.2848772 0.2961168 0.2866842 0.3058074 0.3038945 0.2956577 0.327778 0.3216806 0.3176795 0.3013316 0.2815778 0.2879357 0.2875795 0.3048162 0.2664352 0.2803579 0.2752331 0.2825541 0.2886612 0.2819738 0.2917496 0.2996596 0.291885 0.2617405 0.2520851 0.2567076 0.2542384 0 0 0.2389682 0.270551 0 -9999 -9999 -9999 -9999 -9999 -9999 -9999 -9999 -9999 -9999 -9999 -9999 -9999 -9999 -9999 -9999 -9999 -9999 -9999 -9999 -9999 -9999 -9999 -9999 -9999 -9999
0.3252246 0.3034372 0.315847 0.3428225 0.3248265 0.3148268 0.2778796 0.3152748 0.285818 0.2810346 0.2771818 0.2890851 0.3056409 0.3013425 0.297208 0.3118484 0.2991477 0.299124 0.2864654 0.2947346 0.3042256 0.3163215 0.2885413 0.2583918 0.2748032 0.2807196 0.272562 0.2291139 0.2385476 0.2821406 0.2755587 0.2660765 0.2544917 0.2781384 0.2542795 0.2584422 0.2615579 0.2840012 0.2610991 0.2434862 0.2383072 0.2460329 0.27791 0.2404222 -9999 -9999 -9999 -9999 -9999 -9999 -9999 -9999 -9999 -9999 -9999 -9999 -9999 -9999 -9999 -9999 -9999 -9999 -9999 -9999 -9999 -9999 -9999 -9999 -9999 -9999
0.3118143 0.3199827 0.3166623 0.3243695 0.3270734 0.3121721 0.2882697 0.3187353 0.3059046 0.309901 0.2711622 0.2990447 0.2736198 0.2814484 0.2881137 0.3166254 0.3107341 0.301271 0.2787581 0.2577941 0.2272035 0.2627884 0.261525 0.2657983 0.2768655 0.2694513 0.2659771 0.2568524 0.2689095 0.2788717 0.2717093 0.2445572 0.2759842 0.2650228 0.2310564 0.2488078 0.2573932 0.2529181 0.2553583 0.2550442 0.2624181 0.2273736 0.2307928 0.2325027 -9999 -9999 -9999 -9999 -9999 -9999 -9999 -9999 -9999 -9999 -9999 -9999 -9999 -9999 -9999 -9999 -9999 -9999 -9999 -9999 -9999 -9999 -9999 -9999 -9999 -9999
0.3301899 0.3258596 0.3168976 0.2959336 0.3129815 0.3120779 0.3061295 0.3179563 0.3020509 0.3118122 0.2992077 0.2892651 0.2848082 0.2996316 0.2431671 0.303487 0.3071524 0.2978203 0.2866657 0.2400184 0.2279286 0.2518504 0.25759 0.2747997 0.2625482 0.275952 0.2730082 0.279631 0.2582914 0.2458513 0.2361639 0.2391912 0.2751809 0.2700682 0.2436288 0.2392292 0.2179222 0.2290805 0.237697 0.2632355 0.2500844 0.2504782 0.2527397 0.2488225 -9999 -9999 -9999 -9999 -9999 -9999 -9999 -9999 -9999 -9999 -9999 -9999 -9999 -9999 -9999 -9999 -9999 -9999 -9999 -9999 -9999 -9999 -9999 -9999 -9999 -9999
0.31282 0.3104329 0.3194964 0.3228413 0.3149713 0.312713 0.312509 0.3211197 0.3032193 0.3017486 0.3002192 0.2951737 0.3016658 0.3017148 0.2592596 0.2586555 0.2795723 0.2700063 0.2717505 0.280553 0.2781657 0.2721452 0.2226257 0.2247242 0.2580256 0.2165184 0.2334837 0.2361604 0.239626 0.1979602 0.2139269 0.2550873 0.2633991 0.2413189 0.2346086 0.2640978 0.2233475 0.2557307 0.2599427 0.2457738 0.254168 0.2594667 0.2447387 0.2518317 -9999 -9999 -9999 -9999 -9999 -9999 -9999 -9999 -9999 -9999 -9999 -9999 -9999 -9999 -9999 -9999 -9999 -9999 -9999 -9999 -9999 -9999 -9999 -9999 -9999 -9999
0.2931428 0.2957381 0.2902229 0.297924 0.3061727 0.3099912 0.3107288 0.3058685 0.2721935 0.2789213 0.2887397 0.30317 0.2809329 0.2815138 0.308473 0.2786137 0.2791466 0.2889561 0.279743 0.2750187 0.2702544 0.2693754 0.2502331 0.260083 0.2545575 0.2343263 0.2568982 0.2550106 0.2573391 0.248953 0.201108 0.22736 0.2511023 0.2483989 0.2625055 0.2792232 0.2464973 0.2508794 0.2430039 0.2256829 0.2941633 0.2479863 0.2407985 -9999 -9999 -9999 -9999 -9999 -9999 -9999 -9999 -9999 -9999 -9999 -9999 -9999 -9999 -9999 -9999 -9999 -9999 -9999 -9999 -9999 -9999 -9999 -9999 -9999 -9999 -9999
0.3078464 0.3137113 0.3048819 0.273875 0.2697329 0.2946002 0.3022909 0.3009655 0.2839739 0.2746717 0.2707139 0.2765523 0.2750247 0.2751599 0.2777119 0.2808671 0.2744728 0.2775163 0.2715666 0.2735414 0.2790543 0.2865944 0.2355377 0.2505539 0.2572818 0.2395801 0.2398762 0.2384931 0.2355846 0.2339624 0.2095402 0.1969198 0.2209551 0.2702636 0.234961 0.238019 0.2499911 0.2536286 0.2411457 0.2298163 0.26059 0.2349521 0.2278788 -9999 -9999 -9999 -9999 -9999 -9999 -9999 -9999 -9999 -9999 -9999 -9999 -9999 -9999 -9999 -9999 -9999 -9999 -9999 -9999 -9999 -9999 -9999 -9999 -9999 -9999 -9999
0.3057339 0.3066554 0.2976609 0.3165974 0.2690117 0.2874433 0.277834 0.2783754 0.2771612 0.2557252 0.2386974 0.2392326 0.281702 0.2993935 0.2478295 0.237769 0.2450689 0.2565133 0.2726608 0.2798621 0.2795325 0.2940276 0.2487982 0.2330364 0.241274 0.2286118 0.2526596 0.2450207 0.2455957 0.2288528 0.2189963 0.220699 0.2208757 0.2605501 0.2322967 0.2316941 0.2321351 0.2204198 0.2336796 0.2474286 0.276822 0.2531017 0.2279557 -9999 -9999 -9999 -9999 -9999 -9999 -9999 -9999 -9999 -9999 -9999 -9999 -9999 -9999 -9999 -9999 -9999 -9999 -9999 -9999 -9999 -9999 -9999 -9999 -9999 -9999 -9999
0.3172468 0.2965933 0.2793857 0.2985519 0.2957066 0.2912626 0.2928796 0.2747637 0.2813027 0.2722278 0.2224983 0.2217529 0.2595669 0.267444 0.2390102 0.2337666 0.2319846 0.2553789 0.290144 0.279488 0.2766087 0.2904189 0.2466031 0.2559308 0.2518921 0.2326207 0.2328595 0.221724 0.2413433 0.2182319 0.2318291 0.2246736 0.220527 0.2726872 0.2409809 0.2247894 0.2352415 0.2427328 0.257664 0.2466101 0.2536195 0.2715945 0.2509792 -9999 -9999 -9999 -9999 -9999 -9999 -9999 -9999 -9999 -9999 -9999 -9999 -9999 -9999 -9999 -9999 -9999 -9999 -9999 -9999 -9999 -9999 -9999 -9999 -9999 -9999 -9999
0.2995798 0.2981798 0.2962002 0.3010198 0.2922559 0.2845584 0.3028603 0.2741056 0.2824828 0.2762511 0.2406674 0.2237411 0.2604211 0.2617597 0.2730418 0.2574658 0.2723203 0.2572719 0.2861449 0.264161 0.2692443 0.2773091 0.2564066 0.2278112 0.2303845 0.2599568 0.2432711 0.2209962 0.2326902 0.2142241 0.2241103 0.2277861 0.2317196 0.2494221 0.2405132 0.2472833 0.2465149 0.2314602 0.2356427 0.2531332 0.2562301 0.2645903 0.2540158 -9999 -9999 -9999 -9999 -9999 -9999 -9999 -9999 -9999 -9999 -9999 -9999 -9999 -9999 -9999 -9999 -9999 -9999 -9999 -9999 -9999 -9999 -9999 -9999 -9999 -9999 -9999
0.2974698 0.3037006 0.3034765 0.2876975 0.2880712 0.2944375 0.2988822 0.2711074 0.2735211 0.2817067 0.2683612 0.2355869 0.2618006 0.253361 0.2575238 0.256687 0.2525561 0.2742588 0.2786164 0.262765 0.2605394 0.2458137 0.2520031 0.2446967 0.2449966 0.2558076 0.2323161 0.2184194 0.2201336 0.231712 0.2366685 0.2141609 0.2112766 0.2223387 0.2415105 0.241675 0.257708 0.2305647 0.2326531 0.2245509 0.2297205 0.2519502 0.2163171 -9999 -9999 -9999 -9999 -9999 -9999 -9999 -9999 -9999 -9999 -9999 -9999 -9999 -9999 -9999 -9999 -9999 -9999 -9999 -9999 -9999 -9999 -9999 -9999 -9999 -9999 -9999
0.2704099 0.2972992 0.2941863 0.2926445 0.2991694 0.2972734 0.3012639 0.263342 0.2626421 0.2720887 0.264782 0.2462141 0.2577434 0.2495405 0.2605306 0.2563649 0.25973 0.2642591 0.277667 0.2083695 0.2291676 0.2522964 0.2266736 0.2240651 0.2432103 0.2392697 0.2358056 0.2407155 0.2321882 0.2228709 0.213987 0.2222914 0.2187327 0.2167 0.2453163 0.2458101 0.242404 0.2315159 0.2394044 0.2343769 0.2100616 0.2310662 0.2136977 -9999 -9999 -9999 -9999 -9999 -9999 -9999 -9999 -9999 -9999 -9999 -9999 -9999 -9999 -9999 -9999 -9999 -9999 -9999 -9999 -9999 -9999 -9999 -9999 -9999 -9999 -9999
0.2854145 0.2975978 0.2919119 0.303735 0.2830744 0.2842899 0.2882543 0.2842311 0.2828814 0.259003 0.2849074 0.261861 0.2545895 0.2716734 0.2498409 0.2645531 0.2553232 0.2574985 0.2720664 0.2122128 0.2384642 0.2398313 0.2215485 0.2167153 0.2470697 0.243504 0.2347917 0.2362347 0.2191653 0.2184015 0.2101686 0.243867 0.2329353 0.2051533 0.2316093 0.2506935 0.2471211 0.2606405 0.2502347 0.2076831 0.2205796 0.2376052 0.2258389 -9999 -9999 -9999 -9999 -9999 -9999 -9999 -9999 -9999 -9999 -9999 -9999 -9999 -9999 -9999 -9999 -9999 -9999 -9999 -9999 -9999 -9999 -9999 -9999 -9999 -9999 -9999
0.284965 0.2764539 0.2907646 0.2921542 0.2956793 0.2986295 0.2787608 0.2895682 0.2699077 0.2808722 0.246187 0.2596813 0.2638987 0.2551444 0.2456113 0.2866858 0.2778586 0.2726907 0.2729553 0.2709312 0.241133 0.2480407 0.2322387 0.2325387 0.2150199 0.2452792 0.251698 0.2446938 0.2408663 0.2140069 0.2493912 0.2160384 0.2269892 0.2160573 0.2583624 0.2700916 0.2611799 0.2744587 0.2649275 0.2086728 0.2033521 0.2181292 0 -9999 -9999 -9999 -9999 -9999 -9999 -9999 -9999 -9999 -9999 -9999 -9999 -9999 -9999 -9999 -9999 -9999 -9999 -9999 -9999 -9999 -9999 -9999 -9999 -9999 -9999 -9999
0.281913 0.2634876 0.2894422 0.287111 0.3017586 0.3054455 0.3009029 0.2881674 0.2707293 0.2637654 0.2855139 0.2420237 0.2363998 0.2591521 0.2504897 0.2605352 0.2606768 0.2904905 0.2852486 0.2811291 0.2901376 0.2687501 0.245105 0.2308312 0.2135593 0.2152324 0.2340207 0.2354827 0.2355525 0.2311335 0.2369183 0.2339543 0.2316686 0.2236014 0.2045992 0.235301 0.233778 0.2225433 0.2224328 0.2226518 0.1965664 0.2169103 0 -9999 -9999 -9999 -9999 -9999 -9999 -9999 -9999 -9999 -9999 -9999 -9999 -9999 -9999 -9999 -9999 -9999 -9999 -9999 -9999 -9999 -9999 -9999 -9999 -9999 -9999 -9999
0.2753083 0.2960117 0.2926161 0.2801407 0.2796207 0.2944668 0.2950324 0.2844403 0.2906756 0.2788293 0.2738832 0.2778659 0.2831451 0.2756545 0.2716914 0.2559892 0.25472 0.2678714 0.2851745 0.2586757 0.2864861 0.2747168 0.2576311 0.2575721 0.2533686 0.2130435 0.2364943 0.2296786 0.2340105 0.2464781 0.2395346 0.2426282 0.214381 0.2126894 0.2195801 0.2125108 0.2344538 0.2383498 0.2342102 0.223667 0.2148311 0.2161781 0.2026173 -9999 -9999 -9999 -9999 -9999 -9999 -9999 -9999 -9999 -9999 -9999 -9999 -9999 -9999 -9999 -9999 -9999 -9999 -9999 -9999 -9999 -9999 -9999 -9999 -9999 -9999 -9999
0.2733548 0.2880245 0.3017585 0.2829703 0.2830779 0.2765228 0.2932362 0.2727738 0.2965862 0.2784869 0.2780356 0.2981487 0.2988877 0.2661559 0.3029371 0.2453429 0.2490332 0.2308502 0.2409867 0.2643434 0.2549247 0.2594959 0.2650192 0.2840986 0.2772413 0.239556 0.2411301 0.2421985 0.2507934 0.2480302 0.2373841 0.2405297 0.2352311 0.2192204 0.238393 0.2331716 0.2411536 0.2356813 0.237424 0.2197733 0.2369731 0.2239633 0.1899485 0 -9999 -9999 -9999 -9999 -9999 -9999 -9999 -9999 -9999 -9999 -9999 -9999 -9999 -9999 -9999 -9999 -9999 -9999 -9999 -9999 -9999 -9999 -9999 -9999 -9999 -9999
0.277147 0.2888769 0.2859826 0.2934758 0.2721098 0.2605628 0.2631615 0.2903877 0.2962042 0.2819833 0.2827586 0.2805609 0.2963318 0.2612045 0.2851616 0.2553566 0.2639466 0.244219 0.2361036 0.2660072 0.2974413 0.2750721 0.2818526 0.2782882 0.2791902 0.2660802 0.2616262 0.2459221 0.2414076 0.258429 0.244886 0.2379513 0.2221242 0.2249012 0.2324725 0.2355407 0.2386326 0.2502643 0.214474 0.2139811 0.2233787 0.236592 0.2030983 0.1818749 0 -9999 -9999 -9999 -9999 -9999 -9999 -9999 -9999 -9999 -9999 -9999 -9999 -9999 -9999 -9999 -9999 -9999 -9999 -9999 -9999 -9999 -9999 -9999 -9999 -9999
0.2861675 0.2759657 0.2819401 0.2826562 0.2782901 0.2557492 0.2512511 0.2705031 0.2777102 0.2801213 0.2860795 0.2962287 0.2776505 0.2647255 0.2539822 0.265856 0.2572396 0.2645024 0.2227786 0.2470703 0.28231 0.2500537 0.2691234 0.2857751 0.2539935 0.2448085 0.246724 0.2406294 0.2445898 0.2558506 0.2294485 0.2142172 0.2127201 0.213917 0.2228544 0.2456269 0.2379244 0.236099 0.2139503 0.2133999 0.2282268 0.2312784 0.2177599 0.2004284 0 -9999 -9999 -9999 -9999 -9999 -9999 -9999 -9999 -9999 -9999 -9999 -9999 -9999 -9999 -9999 -9999 -9999 -9999 -9999 -9999 -9999 -9999 -9999 -9999 -9999
0.2772274 0.2678885 0.2736226 0.2743478 0.2765363 0.2791821 0.2476591 0.261287 0.2810317 0.2784072 0.276416 0.2862846 0.2720754 0.2823776 0.2881821 0.2724689 0.2652206 0.2639257 0.2259416 0.2254087 0.2580877 0.2666291 0.2732825 0.2859663 0.2721083 0.2579097 0.242501 0.2496016 0.2547796 0.2804443 0.262578 0.2603264 0.2226126 0.2394894 0.2156284 0.2323794 0.2269384 0.2405074 0.2494627 0.2375427 0.2363731 0.2285266 0.2185477 0 -9999 -9999 -9999 -9999 -9999 -9999 -9999 -9999 -9999 -9999 -9999 -9999 -9999 -9999 -9999 -9999 -9999 -9999 -9999 -9999 -9999 -9999 -9999 -9999 -9999 -9999
