data/moz/moz_beta_map.asc
ncols	234
nrows	368
xllcorner	195196.26821073
yllcorner	7004178.4200866
cellsize	5000.0
NODATA_value	-9999
[rows 25 to 49 of 368, columns 110 to 164 of 234]
0.0760108518572611 0.08324050746394146 0.08835199277516716 0.07873194404994982 0.08177169955245943 0.09693273072323505 0.1553631020435783 0.15945714159675048 0.12625595573882392 0.1621104818931595 0.2539261764027491 0.4992159125065312 0.5078372745069291 0.5186283272292883 0.49887630734110383 0.533589749685508 0.5482926228020674 0.5253508717320305 0.26896665029340167 0.2679426397043855 0.0 -9999.0 -9999.0 -9999.0 -9999.0 -9999.0 -9999.0 -9999.0 -9999.0 -9999.0 -9999.0 -9999.0 -9999.0 0.1727311945733688 0.10458319517208217 0.0957912799909574 0.10618437300810639 0.09705704362412747 0.10026010130982634 0.0978821839610438 -9999.0 -9999.0 -9999.0 -9999.0 -9999.0 -9999.0 -9999.0 -9999.0 -9999.0 -9999.0 -9999.0 -9999.0 -9999.0 -9999.0 0.5781995044209209
0.08897724763289164 0.08926778722248768 0.09623864567074725 0.12651961178058543 0.11295095569245327 0.15906235969600538 0.25906264621385877 0.49471903057517286 0.4883810990369282 0.47850890022387726 0.0 0.0 0.0 0.0 0.5198206792692388 0.0 0.0 0.510472377911696 0.26458549434097245 0.5292570908816341 0.0 -9999.0 -9999.0 -9999.0 -9999.0 -9999.0 -9999.0 -9999.0 -9999.0 -9999.0 -9999.0 -9999.0 -9999.0 0.10295761340946405 0.11129441861613583 0.11679909145787916 0.1092797829165145 0.17432482160411147 0.2570420639050898 0.11694513761361092 0.0 -9999.0 -9999.0 -9999.0 -9999.0 -9999.0 -9999.0 -9999.0 -9999.0 -9999.0 -9999.0 -9999.0 0.0 0.5881381031570171 0.6232106657615567
0.09329954510979402 0.10377374242806117 0.11999702008930736 0.14641991035867674 0.12949545651777516 0.2494246432431572 0.49741534006333415 0.0 0.0 0.0 0.0 0.0 0.0 0.0 0.0 0.0 0.0 0.49954906071541827 0.5471417616861816 0.5125138898870313 0.0 0.0 0.0 0.3571708936808492 0.087963266635043 0.12552371091137937 0.12399879008456072 0.35126867243979154 -9999.0 -9999.0 -9999.0 0.17252692960513769 0.1109778545210543 0.1054047134831436 0.11376132002262908 0.11096832254475515 0.2782586297214218 0.2662792328116988 0.25986061843394037 0.527840684263004 0.2706354398636498 0.5264984732802129 0.529381891926104 -9999.0 -9999.0 0.14023888406614585 -9999.0 -9999.0 -9999.0 0.0 0.5901679934086524 0.5765924974596736 0.5846729420771579 0.610751547760216 0.0
0.09868528786410224 0.10376550154746114 0.15123057592664077 0.24663025301885622 0.4790009346626129 0.48031461731283137 0.0 0.0 0.0 0.0 0.0 0.0 0.0 0.0 0.0 0.0 0.0 0.0 0.5026022744781034 0.0 0.5360573612831708 0.0 0.1175185435415714 0.10103693648140105 0.10148373659980019 0.11937476731625002 0.11926821187239102 0.06681434032278989 0.0 0.2594835070084192 0.17263873727152843 0.10294911620512522 0.12958829876362024 0.120622385907578 0.12055746113668965 0.18033326963797686 0.269650897330336 0.2818380860543641 0.5443984271265616 0.0 0.0 0.0 0.0 0.5540808168823574 0.27238372770064595 0.5752737393570605 0.17716280872827364 0.5951241615938858 0.5654432938817316 0.0 0.0 0.0 0.0 0.0 0.0
0.10064061902918246 0.228604096970882 0.23889553513844433 0.49663319524988203 0.5133231595523271 0.0 0.0 0.0 0.0 0.0 0.0 0.0 0.0 0.0 0.0 0.0 0.0 0.0 0.0 0.0 0.0 0.526701378626244 0.12324246987728758 0.1272624044390876 0.13275399599095175 0.15811619223592052 0.15288607536354887 0.5212090745127173 0.2735863199163662 0.1927100413464109 0.13831760284917824 0.13333457414337788 0.13240671563220682 0.13030260360682439 0.15828996424623523 0.2745822220985708 0.5506916251275703 0.5503595340462079 0.5634994243032243 0.0 0.0 0.0 0.0 0.0 0.0 0.0 0.0 0.0 0.0 0.0 0.0 0.0 0.0 0.0 0.0
0.2343281377150686 0.23532394462478531 0.47231784565305 0.4835518605938822 0.0 0.0 0.0 0.0 0.0 0.0 0.0 0.0 0.5055111304041437 0.0 0.0 0.0 0.0 0.0 0.0 0.0 0.5444387969711629 0.18026453976683893 0.17670853668186326 0.18270495028837805 0.1932491825247461 0.28298411229049225 0.5528887351283109 0.0 0.5481486151492841 0.27973067231019505 0.1876820747721091 0.1596276694084647 0.17941438702563806 0.2856817298618525 0.2881236710836501 0.5505582252524491 0.565718305132865 0.0 0.0 0.0 0.0 0.0 0.0 0.0 0.0 0.0 0.0 0.0 0.0 0.0 0.0 0.0 0.0 0.0 0.0
0.4671646008730115 0.4758528150005885 0.48648052836167244 0.0 0.0 0.0 0.0 0.0 0.0 0.0 0.0 0.5194233296886653 0.5261689491827776 0.5191319728369103 0.0 0.0 0.0 0.0 0.0 0.5346617459466736 0.15632960594882667 0.18175530549783644 0.14480340011485482 0.1258222180388624 0.1314211053103615 0.2626110003269533 0.0 0.5595086209676438 0.5331355641081136 0.5597543075994849 0.5749622878731372 0.5710590237730493 0.5549691518358202 0.5683886896090168 0.0 0.0 0.0 0.0 0.0 0.0 0.0 0.0 0.0 0.0 0.0 0.0 0.0 0.0 0.0 0.0 0.0 0.628382065545945 0.0 0.0 0.0
0.4675731367359506 0.4521757744606433 0.0 0.0 0.5000492207422754 0.0 0.0 0.0 0.0 0.4802924774732249 0.48883016856814293 0.5106058618423183 0.5427055197981736 0.5471081787558576 0.0 0.0 0.0 0.0 0.0 0.14503059408782173 0.15713402421980718 0.1830734971077919 0.1257990930727547 0.11613332577284961 0.13093971909328003 0.5327206817355998 0.5457812306091312 0.26748073604836153 0.2606049573654108 0.26928151364199004 0.5328475535459805 0.5521331084895885 0.0 0.0 0.0 0.0 0.0 0.0 0.0 0.0 0.0 0.0 0.0 0.0 0.0 0.0 0.0 0.0 0.0 0.0 0.0 0.6242612707701952 0.0 0.6487866600986396 0.6167004811266357
0.4658422874126009 0.4649433035774637 0.4888128382855915 0.49000797775742083 0.2527829666813756 0.49538213760457983 0.0 0.0 0.4851033549776539 0.48948570494597865 0.502207439286513 0.524362001400315 0.5542637398462341 0.0 0.0 0.0 0.0 0.0 0.5192354443762365 0.14745337282314389 0.27915340884635365 0.28901337869807747 0.12997552490650546 0.1262145186793627 0.15434962481051437 0.5638109536593402 0.5622761929946313 0.25771497863331994 0.2608897241558508 0.2608095840479436 0.2670752183129474 0.5583490439229555 0.5689059042819934 0.0 0.0 0.0 0.0 0.0 0.0 0.0 0.0 0.0 0.0 0.0 0.0 0.0 0.0 0.0 0.0 0.0 0.0 0.6314678812303762 0.6041758200821011 0.2981192417217358 0.14973201100361233
0.11160500524101473 0.10693599126304638 0.10225888479230845 0.09721655279109431 0.09567829190636874 0.10360135314767743 0.23594608501892922 0.0 0.4805955593339808 0.49574019641929573 0.1646435931686297 0.11480897779091233 0.15077835227060277 0.5310733203119118 0.5285907765225535 0.27553592076782857 0.28145432682219723 0.26149794222457867 0.12556516501910275 0.18103486512876926 0.18720149527471328 0.18542674494010417 0.13268814307779414 0.12677249964780665 0.13129678926475127 0.27613270654326105 0.5441893488003546 0.2696675724885174 0.17460762453447431 0.1763007073924726 0.16860816192831404 0.27289090567483665 0.0 0.0 0.0 0.0 0.0 0.0 0.0 0.0 0.0 0.0 0.0 0.0 0.0 0.0 0.0 0.0 0.0 0.0 0.0 0.0 0.27294609635027206 0.13487033600493126 0.14204378748198998
0.10864310991753236 0.11381559696038068 0.1011018748298432 0.09423579207003697 0.07117360618931322 0.08239629709836675 0.1093278337030397 0.24041201675837434 0.16104506646856495 0.1419150420942606 0.128630726086317 0.11996233838966854 0.1811162742020722 0.2680950394405618 0.2693451500594554 0.1797330372477489 0.13811124194154675 0.11546784080543676 0.11752359515135699 0.12494521285055618 0.19406299552245923 0.12236894852584056 0.11433216586063179 0.11177634474111829 0.11114448000776508 0.15041247933427176 0.17899086065393233 0.15274102888536747 0.1595781672884246 0.14896262470397034 0.27413718363364226 0.27525026244339795 0.0 0.0 0.0 0.0 0.0 0.0 0.0 0.0 0.0 0.0 0.0 0.0 0.0 0.0 0.0 0.0 0.0 0.0 0.0 0.18351144803708205 0.13607440773801968 0.16601928212015454 0.12346525411565878
0.11418239132539364 0.1314843053220138 0.09652824212728982 0.08277268293750377 0.07749377820124449 0.08866860795130381 0.10916128640359034 0.2601630192522374 0.2752158255833679 0.28168630832083563 0.17797335456694094 0.17223653465395122 0.2871246830366804 0.2741970094481533 0.29102827588213104 0.17243590811688464 0.1181823731685855 0.1111481987545709 0.10385069972988671 0.12862575184988118 0.15710924813343274 0.11582729134277621 0.10810726366467296 0.104297709267401 0.12836039692080078 0.12822475815944082 0.1576282928918789 0.14333357350222425 0.15149590654958298 0.15451658139705954 0.16931143294932383 0.2610306318160701 0.0 0.0 0.0 0.0 0.0 0.0 0.0 0.0 0.0 0.0 0.0 0.0 0.0 0.0 0.0 0.0 0.0 0.0 0.29974298542253125 0.11936443970560559 0.1161509327736899 0.10289515450575289 0.12101802624993155
0.10808892304200779 0.105172826753166 0.08630220947983346 0.0827968169590026 0.07601048803369365 0.07979186055379972 0.11146907646567916 0.17682946082098439 0.2738619872989163 0.2731240379343507 0.27576878269254024 0.258510015355086 0.2803614984581281 0.2744298198407782 0.2915842693741778 0.18249369475687657 0.1055455696679707 0.11628779950174777 0.11215002915275664 0.12191612268737012 0.1344543912456042 0.11527066339218361 0.1269178151702222 0.10022950402594571 0.12363472477533226 0.1538375417772392 0.18377830749746563 0.15360430073872644 0.19613015004121193 0.17926409853575806 0.2689746281312952 0.0 0.0 0.0 0.0 0.0 0.0 0.0 0.0 0.0 0.0 0.0 0.0 0.5931222694458378 0.5782812051807747 0.0 0.0 0.0 0.0 0.0 0.1406435022035506 0.13885361164987353 0.09866039959897172 0.12445168491817478 0.13386764758183092
0.09046412965867051 0.08803182808628308 0.08434813149159898 0.08386831516081013 0.08514727582849096 0.08254608698957006 0.11882413183203769 0.25619382105088795 0.26131509582360457 0.27459764881809096 0.26524958348335825 0.26223491421673895 0.2931465681107608 0.2791864563124453 0.289549527627669 0.14670974071141665 0.12226514582510392 0.12672133369926816 0.11468096801241791 0.12417254439482034 0.12554096851601296 0.11723560342624052 0.12650812714261117 0.11935076638321794 0.15734672897421104 0.27771688161500235 0.27498448430958045 0.18958058186454968 0.1878920456498207 0.2886700124675652 0.0 0.0 0.0 0.0 0.0 0.0 0.0 0.0 0.0 0.0 0.0 0.0 0.0 0.0 0.0 0.0 0.0 0.0 0.0 0.194061026702273 0.13954929355944176 0.13857635960892462 0.1170086842062432 0.12253710039515689 0.14394424363915087
0.08942353664487522 0.08852973987214462 0.09875263883109002 0.08834169939389677 0.09022843675894116 0.09259859306053103 0.14228151764744504 0.2460712842242583 0.24673990828011358 0.2641735291248353 0.26933639182407787 0.27151598441150987 0.2717545264491986 0.26324180035713163 0.1568892045125329 0.1492187997194874 0.12297061684883256 0.11275600160872036 0.11864924380846269 0.11483791252866185 0.1216785277872895 0.12436587647569741 0.13066279674161263 0.11370792492814796 0.14858919561188502 0.28301885314511593 0.18334423805498648 0.17993955521907895 0.1874350399093785 0.5881180635443538 0.0 0.0 0.0 0.0 0.0 0.0 0.0 0.0 0.0 0.0 0.0 0.0 0.0 0.0 0.0 0.0 0.0 0.0 0.0 0.20614670336170995 0.14318626341668275 0.1452812593534178 0.14281798101151247 0.1309382840407953 0.1422971869824819
0.09863481201948146 0.08260823583927872 0.08168354928088671 0.07382899451009094 0.08121939577693017 0.0938171261336224 0.10809004533485021 0.16180301817439172 0.25588538092306845 0.2756800005265594 0.27163496338413484 0.26458205177493477 0.2720681799526129 0.5578371473744297 0.13678546951258416 0.16081000176600974 0.1292956427984098 0.11746488545281937 0.11608828060322635 0.11623537814005616 0.12098299557544559 0.11829024957288845 0.18652625233859102 0.1902995526618898 0.5611903074313462 0.2824658725738958 0.190914523904114 0.19048764404240615 0.18133238105110347 0.5955387897818302 0.0 0.0 0.0 0.0 0.0 0.0 0.0 0.0 0.0 0.0 0.0 0.0 0.0 0.0 0.0 0.0 0.0 0.6047705227374219 0.20514016722334924 0.20790313642479635 0.20427138109581827 0.14892039266445203 0.14086742229316662 0.14620726970871406 0.30300508319596214
0.09058510102838815 0.08048540637513826 0.07230702446331647 0.07471252323185183 0.0937100604205502 0.09293312521405588 0.10310701661369388 0.11980278158711993 0.16848824665931697 0.26616155630959815 0.25626582051338975 0.5402839423359079 0.5508413596421202 0.5664158259713521 0.13028057537758597 0.1241712135226144 0.13529390000637423 0.11301158006522763 0.11382064523384701 0.11836468243401269 0.12034241585864291 0.12845257398274076 0.16126720769178216 0.19835194306656168 0.2874893693209261 0.2900129855584236 0.1864159125345132 0.1912034750531817 0.1733360418468479 0.28225812693943375 0.0 0.0 0.0 0.0 0.0 0.0 0.0 0.0 0.0 0.0 0.0 0.0 0.0 0.0 0.0 0.0 0.0 0.5794985151535885 0.30681859201922945 0.3159209800137993 0.20559861827291454 0.20298656968148757 0.2060354871274904 0.3139167319218466 0.6247336024881477
0.08158012625058392 0.0786493393308304 0.07320539886744276 0.08058275889303158 0.08643978160060226 0.09545646689868181 0.10904589288341786 0.12025904793353148 0.17377947469836544 0.515761431412765 0.4825984599624138 0.5336936320243221 0.5474889035674568 0.18041273205082445 0.13052005638827277 0.12620812006965418 0.11492281517564021 0.12122478108827188 0.11735898193845987 0.11542724444782006 0.11515598797269448 0.12386107992326856 0.13660139347213573 0.19157420644894302 0.1816079728386501 0.5711673245072952 0.2869030191983896 0.270929203890926 0.2679183118000379 0.5677311411330604 0.5640164193099636 0.602840536483433 0.0 0.0 0.0 0.0 0.0 0.0 0.0 0.0 0.0 0.0 0.0 0.0 0.0 0.0 0.0 0.0 0.5948792870947404 0.29672613599770925 0.3052621344885691 0.19452915412215743 0.14506626297863998 0.16831683446352658 0.29681866303978016
0.08179946204264396 0.08360538864828126 0.07263070630696801 0.0731358880138754 0.09239026068286943 0.10609715364041752 0.10482776344948541 0.12255058247038761 0.17249457890028688 0.5271075002902318 0.4956156588428457 0.571871492630107 0.5416039127628746 0.18667403599603258 0.1195380932277981 0.1138945073352831 0.10922741450479462 0.09721781207434477 0.09682509937338124 0.1222529866857526 0.12812420197005034 0.12347477050515629 0.12865885776991484 0.16610764019949034 0.20477789567061674 0.0 0.5328910932151376 0.5525722678891121 0.5751000146540548 0.5597975926915489 0.28927057364236247 0.573463728341781 0.0 0.0 0.0 0.0 0.0 0.0 0.0 0.0 0.0 0.0 0.0 0.0 0.0 0.0 0.0 0.6318555120938132 0.6096667525510394 0.6042669557944175 0.6220983827083097 0.1483277005351167 0.14901357355420125 0.14337067327150504 0.5812933387584762
0.09019028569664853 0.0918474193975104 0.07510101453543074 0.07391163459703211 0.07839568548982695 0.09869114041000297 0.10909837956551235 0.11708571040277985 0.2556689070543088 0.5405536148251456 0.5290972524054084 0.5574052667243885 0.5316992316638992 0.2674285826400734 0.13962512864570628 0.11767927773489799 0.09358744621047291 0.10090445824737487 0.09365331798161852 0.10852178462483526 0.12044253861324976 0.1171511710209843 0.12014064477290268 0.13403506015302413 0.14950893549864852 0.5804185640762093 0.5774363808371215 0.5722599550331455 0.5631939727258216 0.3072818517036631 0.6255899126331491 0.6469165551374644 0.0 0.0 0.0 0.0 0.0 0.0 0.0 0.0 0.0 0.0 0.0 0.0 0.0 0.0 0.5839498096969478 0.5983960714225642 0.2928509056428533 0.18939671048562376 0.1963885761058096 0.14083470242605267 0.1289945779868627 0.13031508771828887 0.31562422389015327
0.09982352084599941 0.08973265054742693 0.08217925348766102 0.07963866421440398 0.08088310820309315 0.08693627598179976 0.1034897840091149 0.11543556608303883 0.1332532274709244 0.2629335737140197 0.5349102381337243 0.5313158538892832 0.5214821932093172 0.5355872752179849 0.16787426110152665 0.11993406487294142 0.09511780844087202 0.09574520796970633 0.09644482268010593 0.11055445949826592 0.11013198161187446 0.10072757000834141 0.11027542560614637 0.1253781912020715 0.1379747832276791 0.3031097548747512 0.1762751005718555 0.13722210455069178 0.15354488728735258 0.1499728971871068 0.32380024566667626 0.6203808179646216 0.0 0.0 0.0 0.0 0.0 0.0 0.0 0.0 0.0 0.0 0.0 0.0 0.0 0.0 0.0 0.0 0.5997857351251018 0.3095963192917824 0.19820791997590728 0.16632846058094333 0.13196951635240362 0.1488161683173049 0.30981386120081844
0.09648690550594806 0.09340650274792407 0.09737326265725971 0.08314507346118485 0.08070826940843569 0.1029123775107394 0.11426721167982797 0.11526101965679668 0.11575831933596957 0.16724580501085692 0.5440608752371248 0.5628731336089792 0.5479165190857271 0.5275576928403992 0.1875837965115472 0.12256225353332172 0.13239739381453597 0.12217447624220389 0.12567046978936028 0.12662523726404676 0.10835265308225445 0.10411643266232608 0.09763884403573841 0.11312260703420522 0.13385369807140457 0.16423008218269075 0.13502809710365965 0.11584840932386531 0.13107663765959368 0.1450955203348821 0.22456352082627407 0.3096989373494475 0.0 0.0 0.0 0.0 0.0 0.0 0.0 0.0 0.0 0.0 0.0 0.0 0.0 0.0 0.0 0.0 0.6172882924586273 0.21236098651449023 0.1685888413551808 0.17599460254968213 0.18636132348391296 0.32438618958682336 0.6442431683959253
0.09318906886308743 0.09408595479094328 0.11655949436423664 0.09419413104933852 0.0929117134200618 0.1230306195543501 0.11588860311096763 0.11234819997522885 0.12017244780837368 0.14780023048961402 0.2765922433476733 0.5503842300574845 0.5310325764020233 0.5532952033043818 0.5799626563406521 0.1367782367377091 0.13401156104829623 0.1326833025935029 0.12412005741914596 0.1276775658316486 0.10118200159480302 0.10765549907255727 0.11264937629235154 0.10759060533236581 0.11956871768031654 0.14752294554917594 0.14059077497388903 0.12138955528665832 0.12904248990575418 0.13715166108891289 0.21097166626284045 0.3168014193828434 0.6105066837357319 0.0 0.0 0.0 0.0 0.0 0.0 0.0 0.0 0.0 0.0 0.0 0.0 0.0 0.0 0.5969517344991063 0.31519093768623546 0.2114560628458715 0.17426220068737625 0.18389235766697068 0.2073436207945898 0.6259394600992273 0.0
0.11337316627915096 0.10724451667071801 0.09761716981351842 0.08126982044091255 0.09209613586904088 0.12481337756945582 0.11801909437746919 0.11806342977650418 0.14796581881377938 0.18238301480433286 0.26724113761154095 0.1685461072086963 0.1611619404176286 0.2788077894206908 0.28414044480100964 0.1943949065996324 0.13296096533559934 0.14065079865198907 0.12170475565149233 0.11388101536863784 0.10673077166030931 0.10264328390522845 0.11084898386450522 0.1148852192366831 0.13388919462709528 0.14997132843223934 0.13865546489605657 0.14500318474544616 0.13710466945529842 0.14911592164872395 0.21451820339260466 0.34335187203592477 0.6002976121012619 0.0 0.0 0.0 0.0 0.0 0.0 0.0 0.0 0.0 0.0 0.0 0.0 0.0 0.0 0.0 0.614905515409425 0.3131767969597012 0.23107500138721512 0.3272253353416724 0.3249424700859205 0.6551637823873453 0.0
0.11466927081126135 0.09501644453676136 0.09544491723405868 0.0808746900490869 0.09461745466668353 0.12518528134800097 0.11684129863344883 0.12606696280756657 0.14639878688170402 0.18667106914178097 0.172594687181593 0.14128178538957104 0.13294308777191638 0.13013834818756023 0.152976349264442 0.142830803579133 0.1303525332178244 0.11357855391737356 0.12076499284142281 0.11789916240522148 0.14099776137689463 0.1278554501068123 0.1182248353086247 0.13555232089041583 0.1516302291225087 0.12852611337919054 0.14094727738842205 0.1663283976562667 0.1462193729917344 0.15621862378207452 0.15736750965455584 0.22977721174292234 0.0 0.0 0.0 0.0 0.0 0.0 0.0 0.5665546553341518 0.5889097327361659 0.0 0.0 0.0 0.0 0.0 0.0 0.0 0.6260173920934438 0.6534238487731916 0.34012603691846055 0.3370767931846587 0.34617282939199395 0.6244386310355603 0.6224020152834714
