data/moz/moz_population.asc
ncols         234
nrows         368
xllcorner     195196.26821073
yllcorner     7004178.4200866
cellsize      5000
NODATA_value  -9999
[rows 36 to 71 of 368, columns 81 to 161 of 234]
-9999 -9999 -9999 -9999 -9999 -9999 -9999 -9999 -9999 -9999 -9999 -9999 -9999 -9999 -9999 -9999 -9999 1566 132 753 480 237 179 117 75 44 47 66 74 57 45 105 171 334 175 63 26 22 27 36 30 26 25 22 39 83 115 101 62 47 130 244 252 121 52 42 42 43 43 33 20 5 5 5 5 5 6 8 5 6 8 10 8 5 3 2 2 2 2 25 75
-9999 -9999 -9999 -9999 -9999 -9999 -9999 -9999 -9999 -9999 -9999 -9999 -9999 -9999 -9999 -9999 -9999 143 1127 431 280 207 140 97 57 42 64 103 118 74 86 120 168 203 141 64 32 23 25 25 26 28 26 22 34 105 110 112 79 58 161 234 266 93 43 34 41 39 39 27 7 6 5 6 6 6 7 4 3 4 7 8 12 12 7 4 5 5 9 60 99
-9999 -9999 -9999 -9999 -9999 -9999 -9999 -9999 -9999 -9999 -9999 -9999 -9999 -9999 -9999 -9999 -9999 338 558 393 310 182 122 68 42 42 70 111 127 114 134 158 208 134 114 58 27 23 23 26 26 27 26 28 41 66 97 132 124 106 115 170 162 49 27 27 34 31 24 9 6 6 5 5 6 7 6 2 2 2 3 5 8 8 8 8 7 8 30 85 134
-9999 -9999 -9999 -9999 -9999 -9999 -9999 -9999 -9999 -9999 -9999 -9999 -9999 -9999 -9999 -9999 -9999 339 463 327 208 146 91 47 42 43 54 117 163 174 225 212 223 173 127 44 25 24 26 27 27 29 25 47 47 50 111 138 147 118 94 96 111 42 26 34 34 33 11 3 5 5 5 5 7 7 3 2 2 2 2 4 6 8 7 8 7 9 33 50 109
-9999 -9999 -9999 -9999 -9999 -9999 -9999 -9999 -9999 -9999 -9999 -9999 -9999 -9999 -9999 -9999 -9999 384 496 217 163 105 97 73 62 71 68 134 216 222 343 290 339 300 118 57 31 27 27 28 25 25 19 52 48 51 125 175 208 148 105 39 37 11 29 34 37 33 17 3 4 4 4 4 4 3 2 2 2 2 2 3 5 6 5 6 16 30 31 36 50
-9999 -9999 -9999 -9999 -9999 -9999 -9999 -9999 -9999 -9999 -9999 -9999 -9999 -9999 -9999 -9999 -9999 274 412 188 140 332 682 631 306 329 388 271 296 293 318 645 448 229 121 87 63 35 27 22 15 15 16 63 78 70 150 206 226 206 132 46 36 26 24 32 33 32 21 10 4 4 4 3 2 2 2 2 2 2 2 2 4 5 5 8 18 22 25 32 34
-9999 -9999 -9999 -9999 -9999 -9999 -9999 -9999 -9999 -9999 -9999 -9999 -9999 -9999 -9999 -9999 -9999 302 261 241 362 933 1375 1121 482 468 502 369 358 403 497 808 377 172 111 103 73 39 16 15 15 15 31 99 109 113 124 192 216 174 109 71 35 30 14 24 29 24 15 16 12 3 2 2 2 2 2 2 2 2 2 2 2 5 9 10 10 13 20 25 34
-9999 -9999 -9999 -9999 -9999 -9999 -9999 -9999 -9999 -9999 -9999 -9999 -9999 -9999 -9999 -9999 60 291 271 583 587 735 1417 1116 486 498 622 350 253 271 268 475 293 171 133 93 69 32 16 14 14 14 33 101 127 151 274 271 238 169 105 80 44 33 10 11 12 13 16 20 14 7 2 2 2 2 2 2 2 2 2 2 4 10 10 10 11 12 14 19 50
-9999 -9999 -9999 -9999 -9999 -9999 -9999 -9999 -9999 -9999 -9999 -9999 -9999 -9999 -9999 -9999 86 382 803 684 832 759 1069 1053 583 273 246 263 207 166 239 504 654 276 196 99 61 24 17 15 14 13 22 58 119 287 407 398 276 235 200 174 113 61 12 13 18 17 21 17 11 9 6 2 2 2 1 2 2 2 2 2 2 9 10 11 12 21 32 38 65
-9999 -9999 -9999 -9999 -9999 -9999 -9999 -9999 -9999 -9999 -9999 -9999 -9999 -9999 -9999 -9999 9 839 1105 858 995 1072 2411 1121 600 193 174 158 131 128 171 298 880 530 282 131 66 42 21 16 14 13 15 43 118 310 429 480 328 325 446 388 246 86 27 43 56 70 54 23 11 9 8 4 1 1 1 1 1 2 2 2 2 7 8 8 9 15 24 30 44
-9999 -9999 -9999 -9999 -9999 -9999 -9999 -9999 -9999 -9999 -9999 -9999 -9999 -9999 -9999 -9999 -9999 83 1133 1177 1215 1115 958 306 262 167 134 126 135 125 128 144 436 402 103 70 72 50 34 16 15 14 15 36 120 208 306 289 312 462 785 640 365 128 48 67 101 98 67 33 20 10 7 6 2 1 1 1 2 2 2 2 4 4 5 6 8 19 31 42 43
-9999 -9999 -9999 -9999 -9999 -9999 -9999 -9999 -9999 -9999 -9999 -9999 -9999 -9999 -9999 -9999 -9999 -9999 851 2427 1882 657 402 285 243 167 102 63 132 113 119 74 197 102 59 80 84 52 41 20 15 16 16 18 85 125 194 258 354 633 913 880 564 137 71 80 177 127 79 36 24 14 7 5 5 2 2 2 2 2 2 2 4 7 9 8 11 24 32 41 41
-9999 -9999 -9999 -9999 -9999 -9999 -9999 -9999 -9999 -9999 -9999 -9999 -9999 -9999 -9999 -9999 -9999 -9999 394 1698 2447 1102 515 299 239 199 87 62 73 67 92 120 298 107 70 82 70 49 36 29 31 31 22 27 37 122 249 343 639 639 530 598 584 139 85 124 111 96 66 32 25 14 8 6 5 2 2 2 3 2 2 3 5 8 9 9 10 19 29 30 27
-9999 -9999 -9999 -9999 -9999 -9999 -9999 -9999 -9999 -9999 -9999 -9999 -9999 -9999 -9999 -9999 -9999 -9999 -9999 3438 2639 2301 1077 397 276 232 123 50 55 74 103 140 408 162 80 79 63 41 31 38 41 41 51 44 52 125 149 157 391 236 301 314 165 95 122 109 87 77 51 62 31 10 7 6 6 6 9 9 13 12 4 4 5 8 9 9 10 12 18 20 21
-9999 -9999 -9999 -9999 -9999 -9999 -9999 -9999 -9999 -9999 -9999 -9999 -9999 -9999 -9999 -9999 -9999 -9999 -9999 1188 1415 1349 3475 2366 634 259 175 59 52 65 78 126 353 212 101 71 35 20 33 53 76 70 75 68 79 73 81 85 84 69 67 67 51 52 80 62 69 157 110 62 44 26 22 24 18 11 12 13 13 12 4 4 4 6 8 8 8 13 15 20 21
-9999 -9999 -9999 -9999 -9999 -9999 -9999 -9999 -9999 -9999 -9999 -9999 -9999 -9999 -9999 -9999 -9999 -9999 224 1348 1164 1398 2261 3804 643 222 171 89 96 86 95 191 439 182 94 65 32 23 40 69 85 96 116 69 69 81 79 69 56 31 27 30 25 56 115 133 105 73 43 27 24 25 27 26 14 12 12 12 13 13 7 3 3 3 5 7 7 11 18 20 19
-9999 -9999 -9999 -9999 -9999 -9999 -9999 -9999 -9999 -9999 -9999 -9999 -9999 -9999 -9999 -9999 -9999 -9999 506 1107 908 807 618 861 743 186 178 149 117 107 164 355 575 230 113 63 43 63 85 88 100 121 94 46 67 86 132 131 108 48 40 47 46 45 46 44 37 32 25 24 25 27 23 15 12 11 11 12 13 12 7 3 4 4 8 11 12 13 21 22 27
-9999 -9999 -9999 -9999 -9999 -9999 -9999 -9999 -9999 -9999 -9999 -9999 -9999 -9999 -9999 -9999 -9999 -9999 1031 909 830 732 330 1812 2328 304 113 118 180 147 198 364 574 184 125 64 60 106 139 168 151 130 48 36 59 138 358 252 175 58 49 42 38 40 40 38 30 28 28 26 27 20 14 14 13 14 14 19 21 16 12 4 4 6 17 21 18 19 22 28 39
-9999 -9999 -9999 -9999 -9999 -9999 -9999 -9999 -9999 -9999 -9999 -9999 -9999 -9999 -9999 -9999 -9999 -9999 1126 765 675 839 881 1444 3771 984 314 267 333 259 270 521 528 259 193 119 117 118 167 410 215 104 45 21 38 124 251 214 119 54 48 46 41 40 39 39 41 55 59 52 33 21 14 13 20 28 29 30 35 29 16 13 16 18 68 87 76 60 28 47 54
-9999 -9999 -9999 -9999 -9999 -9999 -9999 -9999 -9999 -9999 -9999 -9999 -9999 -9999 -9999 -9999 -9999 -9999 727 708 676 1236 1261 833 970 1061 1140 1321 559 413 399 630 887 418 677 370 241 130 185 577 244 100 75 32 49 51 149 122 67 52 50 47 44 43 34 36 67 66 72 71 43 18 14 13 27 33 34 37 42 38 22 19 27 55 85 90 121 124 93 64 69
-9999 -9999 -9999 -9999 -9999 -9999 -9999 -9999 -9999 -9999 -9999 -9999 -9999 -9999 -9999 -9999 -9999 -9999 377 666 757 1158 752 387 214 204 783 2748 803 727 775 520 346 717 1324 1373 320 182 215 362 205 174 71 45 72 83 201 199 127 60 52 48 44 42 38 40 70 77 79 73 31 13 13 19 29 35 36 34 38 37 24 29 41 71 93 113 129 125 180 222 286
-9999 -9999 -9999 -9999 -9999 -9999 -9999 -9999 -9999 -9999 -9999 -9999 -9999 -9999 -9999 -9999 -9999 -9999 41 727 661 547 477 199 176 184 619 3122 1131 1349 593 603 392 674 799 1424 998 668 741 404 257 188 114 95 96 148 236 220 155 94 50 48 43 41 36 36 53 65 73 47 12 12 16 31 35 35 32 27 27 26 24 36 55 80 110 137 134 160 348 469 848
-9999 -9999 -9999 -9999 -9999 -9999 -9999 -9999 -9999 -9999 -9999 -9999 -9999 -9999 -9999 -9999 -9999 -9999 -9999 541 553 446 427 168 173 202 1029 3701 3151 1066 670 667 600 692 642 949 2197 3267 1069 350 270 206 128 115 109 135 226 262 171 111 48 46 39 37 35 33 30 35 21 6 6 10 19 34 39 38 34 25 17 21 30 39 59 99 157 171 208 311 465 653 818
-9999 -9999 -9999 -9999 -9999 -9999 -9999 -9999 -9999 -9999 -9999 -9999 -9999 -9999 -9999 -9999 -9999 -9999 8 478 474 353 369 168 187 307 1188 2687 951 673 691 621 724 1025 759 490 1187 1914 955 625 298 234 164 131 124 162 245 240 202 125 44 37 33 36 36 35 31 22 5 4 4 5 23 33 33 33 29 20 17 22 47 58 69 117 155 195 426 605 776 918 778
-9999 -9999 -9999 -9999 -9999 -9999 -9999 -9999 -9999 -9999 -9999 -9999 -9999 -9999 -9999 -9999 -9999 -9999 -9999 543 507 390 248 178 222 501 796 4070 2005 878 676 601 638 829 1242 1102 1167 844 861 563 273 205 122 115 142 192 343 306 206 110 43 36 35 37 37 36 33 8 5 5 5 5 20 34 34 32 23 16 18 34 74 89 96 114 161 293 1024 1786 2254 806 459
-9999 -9999 -9999 -9999 -9999 -9999 -9999 -9999 -9999 -9999 -9999 -9999 -9999 -9999 -9999 -9999 -9999 -9999 -9999 552 570 422 219 256 432 654 975 8925 19696 5530 681 587 813 1958 1422 633 317 318 454 344 221 122 100 95 132 192 408 329 209 99 39 40 42 48 60 61 19 6 6 5 6 6 8 17 19 14 14 16 17 42 88 121 114 147 228 441 1620 8333 3702 767 704
-9999 -9999 -9999 -9999 -9999 -9999 -9999 -9999 -9999 -9999 -9999 -9999 -9999 -9999 -9999 -9999 -9999 -9999 1 485 635 511 293 624 1104 1049 2922 12243 51977 29041 3836 1115 1200 4170 2019 736 280 293 311 283 178 164 213 197 145 192 327 325 217 107 53 73 96 132 118 83 17 7 6 11 20 24 15 13 15 28 29 19 18 35 86 106 121 196 312 727 1128 1495 2029 1234 850
-9999 -9999 -9999 -9999 -9999 -9999 -9999 -9999 -9999 -9999 -9999 -9999 -9999 -9999 -9999 -9999 -9999 -9999 48 517 569 651 702 484 526 747 703 3595 49604 39185 6611 1203 1632 2341 2201 1002 530 749 777 465 325 485 567 351 258 294 382 294 220 166 112 104 138 186 165 26 19 9 10 30 40 42 35 20 35 45 43 26 29 54 95 116 186 290 757 881 756 560 774 888 1299
-9999 -9999 -9999 -9999 -9999 -9999 -9999 -9999 -9999 -9999 -9999 -9999 -9999 -9999 -9999 -9999 -9999 -9999 -9999 262 956 1271 1078 572 360 312 244 867 14854 18810 2189 1125 1029 676 666 745 578 423 219 275 282 487 1074 636 732 907 1008 447 340 299 210 145 180 207 141 23 19 11 14 40 78 103 43 27 47 54 50 36 63 87 137 203 343 427 587 480 247 204 327 335 371
-9999 -9999 -9999 -9999 -9999 -9999 -9999 -9999 -9999 -9999 -9999 -9999 -9999 -9999 -9999 -9999 -9999 -9999 -9999 -9999 1301 977 776 608 239 169 218 582 1490 1323 732 710 597 557 583 435 323 226 166 149 140 167 301 360 339 406 565 659 889 560 316 235 197 143 61 22 25 14 15 46 49 59 54 28 66 75 56 45 50 79 104 143 155 187 225 456 200 132 107 116 122
-9999 -9999 -9999 -9999 -9999 -9999 -9999 -9999 -9999 -9999 -9999 -9999 -9999 -9999 -9999 -9999 -9999 -9999 -9999 -9999 513 643 512 394 327 247 374 681 1205 727 473 672 579 528 399 238 180 136 89 70 80 121 127 138 133 219 400 683 841 706 437 578 199 104 45 23 22 29 17 14 28 33 27 17 42 40 32 28 30 49 62 71 86 109 238 206 114 75 63 91 156
-9999 -9999 -9999 -9999 -9999 -9999 -9999 -9999 -9999 -9999 -9999 -9999 -9999 -9999 -9999 -9999 -9999 -9999 -9999 -9999 112 726 703 496 446 658 1072 1478 1960 587 429 588 939 498 363 260 162 90 56 49 44 43 48 80 105 274 534 1125 867 706 441 815 329 194 72 32 30 32 16 8 8 9 9 17 28 27 25 26 26 29 35 36 51 120 233 229 154 73 67 119 207
-9999 -9999 -9999 -9999 -9999 -9999 -9999 -9999 -9999 -9999 -9999 -9999 -9999 -9999 -9999 -9999 -9999 -9999 -9999 -9999 -9999 228 853 638 796 810 841 1053 3030 705 376 411 692 677 322 197 162 92 60 36 29 26 30 89 106 181 311 275 339 302 232 204 156 120 51 27 29 30 15 9 8 9 10 23 28 29 29 30 47 49 51 63 108 157 212 173 196 120 72 108 84
-9999 -9999 -9999 -9999 -9999 -9999 -9999 -9999 -9999 -9999 -9999 -9999 -9999 -9999 -9999 -9999 -9999 -9999 -9999 -9999 -9999 -9999 187 1410 1037 665 650 1042 3273 1165 387 272 467 595 640 302 212 90 38 26 24 25 51 108 139 175 128 128 154 129 94 75 69 56 27 19 15 20 10 8 7 9 10 26 34 42 52 55 66 77 90 149 208 286 246 125 119 143 85 45 33
-9999 -9999 -9999 -9999 -9999 -9999 -9999 -9999 -9999 -9999 -9999 -9999 -9999 -9999 -9999 -9999 -9999 -9999 -9999 -9999 -9999 -9999 -9999 458 1338 724 715 808 2672 2130 472 189 271 481 740 353 175 77 44 41 37 43 74 122 194 191 113 78 51 43 29 26 42 56 34 12 11 15 9 8 7 9 29 116 86 86 79 81 85 131 172 238 335 478 264 174 137 181 55 24 16
-9999 -9999 -9999 -9999 -9999 -9999 -9999 -9999 -9999 -9999 -9999 -9999 -9999 -9999 -9999 -9999 -9999 -9999 -9999 -9999 -9999 -9999 -9999 -9999 400 772 676 981 2056 1828 331 226 461 652 744 379 192 107 77 69 68 71 86 137 127 120 104 61 29 26 25 43 61 66 56 20 10 15 11 8 8 15 114 184 150 206 198 232 260 229 294 401 405 672 320 220 191 143 56 20 12
