data/moz/moz_beta.asc
ncols	234
nrows	368
xllcorner	195196.26821073
yllcorner	7004178.4200866
cellsize	5000
NODATA_value	-9999
[rows 150 to 174 of 368, columns 110 to 164 of 234]
0.1386333525553055 0.11961356150780812 0.13169858327362036 0.14865583537475024 0.13130406128379984 0.13809126906334343 0.1358999116314565 0.13273603122546504 0.14421488892208661 0.1539216270611677 0.14654723978056192 0.14277932205765556 0.14759841505546598 0.18250070126347767 0.18040085429990593 0.20656267700483022 0.20522563633538682 0.1931632864908849 0.3083036107024188 0.31422557981395194 0.22501799972861297 0.1822526894252544 0.2235703630462728 0.21085963587095308 0.20430700679629077 0.30885197349693694 0.20455585446155766 0.17988249645751386 0.28239466888184533 0.30144895548904804 0.2939097664188307 0.17933237054126236 0.16196952433419273 0.17024842056156 0.11435760481467279 0.1189143911241885 0.10991066882584068 0.09862440871373442 0.09702341409528255 0.08604986651055098 0.08256906647412654 0.0865172503360106 0.0943765814917147 0.09299768809696957 0.10217361516878691 0.11260489277299422 0.10113388717589973 0.10432775725638777 0.1073732091939222 0.11700472563083553 0.10338877646146567 0.12030379801506715 0.10757786064078602 0.10456334513257302 0.09829939636108276
0.15442101265803632 0.10318570901931798 0.11586508569593848 0.15044051705234454 0.13540006093198173 0.11227458928108225 0.10125930726459753 0.12074472791154138 0.12600870996197863 0.14393492942652242 0.14477878985070777 0.15099218859438204 0.15214975571924813 0.15475506452813453 0.15125473063161815 0.1846971215243685 0.21080268654599515 0.31259781310150886 0.3029503043403763 0.1979042115060188 0.23505210008673294 0.20817292997693834 0.19853262409953204 0.22997214803201066 0.2189775247064663 0.3105285306214866 0.28793075844129723 0.26093634861914833 0.2866126937036368 0.29573111958741377 0.3045967402319009 0.27818041086217293 0.17345984756061802 0.1678499607480806 0.11328945624418177 0.11066444518131904 0.11102423592757266 0.1008388792732467 0.09437242689479068 0.09040897294925515 0.09091822045649907 0.08954408251190034 0.08157673605870662 0.09252594206054303 0.09563919019539867 0.0846722373146127 0.08623995855353883 0.081488333479865 0.1056580011540628 0.10494069852608863 0.11343135844000657 0.11537651863983174 0.10679437513186438 0.10233472473369529 0.0896188420508664
0.1407661689516984 0.09644394398521829 0.11446288706738873 0.12473111932118999 0.12807627302980804 0.10564518344566742 0.10054216655203428 0.13117474243484362 0.13567270291365158 0.13383048017143995 0.1481378584451234 0.1575111315351854 0.14852564824343764 0.14223892709793542 0.16376126195181567 0.18260550511805607 0.18239562649665952 0.19313457956196992 0.18214440405359375 0.19556972690410024 0.2138432665413449 0.21286465714903977 0.19751477552963143 0.2149152895266966 0.2231700382044768 0.31644187908977817 0.29133937547174166 0.27758006062024376 0.2867907742419194 0.30144729502158185 0.2968932159082662 0.2931398691059303 0.1845415803579428 0.18741536110709703 0.1350887785397705 0.11446850788764541 0.10843845988401993 0.09208354087791254 0.09299398025642279 0.0838040851574567 0.08514415246904163 0.08636790345725666 0.07984640735640001 0.08360455019524067 0.09134706489659541 0.08869327563591844 0.08174255637883207 0.07063147490874862 0.09047213303495091 0.11607034428518302 0.111084429418763 0.10548478547396668 0.10425900724241496 0.09555293084580833 0.0924969434557571
0.1232299876519666 0.09715176909875767 0.11144971885526818 0.14054204309916113 0.131376538227342 0.12710119290254854 0.1282666036999407 0.14865350693949347 0.13658985411344995 0.13907885288518665 0.1424784759684145 0.14221601653627494 0.13384844405798088 0.14598545825125608 0.1751919345626682 0.1934797862314332 0.19655667056535273 0.16990324553410316 0.1485491971562513 0.16191892131875885 0.19561287828423787 0.19794122663958533 0.2102957955264959 0.18603765329646132 0.2961422381609345 0.31714688574935146 0.3000082649864001 0.16969879436976812 0.15777896088349502 0.1699857331809573 0.17526511262144412 0.2728389679250413 0.17762587713500744 0.1548815628437747 0.1435118686949948 0.11053999951174268 0.11145351377942131 0.10213963456840428 0.0969304106580657 0.0954960115418289 0.08362090950781052 0.08180894261250836 0.09905456580460835 0.11068023438377886 0.08978518257608027 0.09115478969233376 0.09018590973606319 0.09144780545368257 0.10862543143004806 0.10624446746537432 0.12547870469603686 0.10887460724984198 0.11384010392089078 0.10553704617005759 0.10581513368112659
0.13171716328135702 0.08983123762752254 0.11353743607153086 0.15095631082815358 0.12990769242200462 0.14125262575110678 0.13316539376414974 0.1348450564927738 0.1359960667245655 0.1446393838303678 0.14167371690700975 0.14772179241100594 0.15123150759783863 0.1499741447041792 0.19388328878516586 0.1906262365327736 0.1929237365506507 0.18016838982228095 0.16158330181170139 0.15025195973851438 0.1499862050076364 0.18168379448037442 0.19904536585765026 0.2025124657305452 0.18283835961929984 0.2772235945029174 0.18313971604338541 0.1662304567249653 0.12234580365879792 0.14966395800376928 0.13228555489264587 0.13798665927143527 0.14947017003203508 0.136757958167142 0.11592199988301684 0.11541413896122506 0.11458326368805286 0.11413049911075127 0.1063631848031685 0.11029365641992885 0.10714041983232853 0.08191663755677868 0.1124354043541451 0.10235007308461702 0.10295086276067095 0.0995925019497641 0.09331787601740679 0.09741527348533019 0.09839940664377822 0.10254337352003359 0.1115533399848591 0.10462342426510231 0.0929600510523943 0.10418103133254475 0.09137432605258261
0.12355771445119995 0.09256210522396963 0.12263974834444641 0.1444145542970556 0.13748148189737838 0.14117627082418527 0.14619032111949298 0.14016083958624548 0.1429210287022046 0.1432355513258974 0.144517834323916 0.1613660100308027 0.16008631587016744 0.16296553658298824 0.16578940403390674 0.2880400964663122 0.20360814665156923 0.21363361485670357 0.18896861204954882 0.129632956626342 0.12804797791709255 0.13686660965380856 0.18128440834194676 0.19233011870828515 0.19423223207164717 0.1895921435188813 0.1348106425131606 0.12788525205802648 0.11774892111907853 0.11401920210707334 0.11723362400915616 0.12274446569616726 0.10556059280689362 0.1236554990581385 0.10445532752129168 0.1092118840255248 0.10343114410905418 0.11815498806870636 0.11489862483341712 0.10320730383086789 0.10398960702370123 0.079715389893217 0.09809720348713069 0.10077170207163691 0.09675881052441454 0.09799108442320015 0.10323045733865349 0.10051240454691177 0.1034086355976373 0.10734557035407194 0.0948133037125376 0.08792545664707511 0.08132883205893375 0.0 -9999.0
0.1109587673764521 0.10402902084297841 0.13270798069829046 0.15410765270522359 0.14688732005445104 0.12966356682695898 0.13907435034767873 0.13966033412294598 0.15383936813178767 0.13850513531783956 0.14554315209834492 0.14651899398832466 0.16973899716624555 0.17162961971957755 0.17520487343386212 0.16639782027784664 0.1753738822039077 0.19021756596923525 0.1264771717814066 0.10137499596918358 0.10248958840126711 0.10470715034794618 0.11195381698492286 0.12786408060128854 0.12914857411239156 0.13655574534483225 0.13592552694483512 0.11359514185411469 0.1171015987467002 0.11856938786366099 0.11246984934824333 0.11004429247655391 0.10710255244994726 0.11188853014537925 0.11909454587426453 0.11130075679915341 0.10302810716848573 0.09817380410361053 0.10167272205317456 0.10112975939494834 0.10483934828457771 0.11170988967662523 0.1032873596107589 0.10410586279271254 0.100770536481554 0.09506154713481826 0.10665772117884183 0.10983948717783688 0.11550246312870519 0.11951474730701092 0.0 0.0 -9999.0 -9999.0 -9999.0
0.10881439831129111 0.1175723634260656 0.1483838816654843 0.14988126696595172 0.1425055921882695 0.14846203074797404 0.14604378182574485 0.13324845603899074 0.13655924519198825 0.14349864841965781 0.13309576443026436 0.1706638906114556 0.16565077522767152 0.15987340795448268 0.1527648139634631 0.14274212511351553 0.15500945658428067 0.125402760013969 0.1350471186488818 0.104387431886721 0.09609270679241762 0.10395364370194839 0.10345356891054845 0.1081300476802459 0.12618053507496868 0.11879607730342225 0.11192533980772708 0.11206563666622181 0.11452669674504423 0.11913949450993037 0.11366953652224444 0.1115362789758278 0.11076682950122844 0.11272700230555317 0.11624170671548392 0.11801973543994716 0.1097765521747387 0.10999972644999544 0.10969074603854398 0.11719391389298038 0.11384674821015733 0.10461754426313555 0.11094461759129087 0.10199367747801973 0.09556478596874413 0.08718742947017306 0.09545726611560666 0.0902515302150537 0.09778683196447281 0.0 -9999.0 -9999.0 -9999.0 -9999.0 -9999.0
0.1032331324024023 0.1211991144306134 0.1477270125447446 0.13998830501157006 0.13378457300987925 0.1365460336554496 0.14905362125835564 0.1348658914064888 0.1273614767992618 0.1442447869675536 0.12961657327917214 0.14780498779386178 0.14645240717808325 0.14195750660196443 0.1451361758442608 0.14969417963862844 0.1644564106195041 0.1549918526183969 0.13669382306978406 0.11013287406834125 0.1233366731933725 0.1245807873566227 0.13044987632838204 0.12377550038517664 0.12619956026105658 0.1533485634040719 0.13077469820723328 0.10471802807537524 0.08911191224612244 0.10233302181677842 0.11151754713777917 0.10813339404978088 0.10421833728054222 0.10997528630703447 0.1157255239106623 0.11606984771445823 0.12013108855586507 0.11540229492296829 0.11329314170025995 0.11048404788144327 0.1018828678014207 0.11771599856044146 0.11102090855761418 0.10905743557733816 0.09577956039453388 0.08524929101600848 0.0 -9999.0 -9999.0 -9999.0 -9999.0 -9999.0 -9999.0 -9999.0 -9999.0
0.11749676388347019 0.09833060073230325 0.12750750223575094 0.12343377164879457 0.12444993365742585 0.14104588619738082 0.15506926038112773 0.13359602539734536 0.13237348481653846 0.11480336501426278 0.12203183845583544 0.15284386339343295 0.1686307875586112 0.267839678755569 0.15819440415900612 0.2576296782087722 0.2644437016613376 0.2748357701436241 0.14098984470513587 0.1273079334169013 0.15635461192711833 0.1542544325090735 0.15617274359340666 0.1582423808576936 0.14101709502676385 0.1386118273592042 0.14282499461460976 0.12518883901590774 0.10320194327607551 0.10758842350002258 0.10986544200089196 0.12873922510693983 0.10391405715909303 0.11173900619317981 0.10792251695880772 0.11211169867700659 0.10693747776681439 0.09982680913053905 0.09297301987967024 0.088500324449573 0.0947528926616903 0.11478449136907748 0.10465991359696386 0.09348252631249115 0.0 -9999.0 -9999.0 -9999.0 -9999.0 -9999.0 -9999.0 -9999.0 -9999.0 -9999.0 -9999.0
0.11030239393967627 0.10563248791549383 0.12157541614984094 0.14103191447555072 0.11800122673845606 0.1187212845356266 0.12221403606182217 0.113224413016852 0.11181593286046371 0.13675344733490213 0.13859344734402476 0.15410302948904778 0.15886888830228252 0.2703026929143135 0.2646258533550098 0.26835535931846094 0.2781725227820208 0.266582433820772 0.16421585298577088 0.11355795176450467 0.14681828783655754 0.1475421663207505 0.15493604323249674 0.13045246241826977 0.13539180492438227 0.12812320466978724 0.11735252230966545 0.13175918640198594 0.11418757656576389 0.11429828781944863 0.11992992191181738 0.1109653214598263 0.11020673844595982 0.10961199919114795 0.1015040311714828 0.10206714777222338 0.09583947997750884 0.08677254655144281 0.08169600604556004 0.08272878224243564 0.09493540362199594 0.0892174832382658 0.09361598048332531 -9999.0 -9999.0 -9999.0 -9999.0 -9999.0 -9999.0 -9999.0 -9999.0 -9999.0 -9999.0 -9999.0 -9999.0
0.12630072396099817 0.09451605433354962 0.10679389779372135 0.11840419685237334 0.11499569957158266 0.12643664496655152 0.12110026768102825 0.12220626038961473 0.11760031159281002 0.12846837253828652 0.14816631983794418 0.15460281185169014 0.1599641244622731 0.2802557402093807 0.27403751401866083 0.24990617542041735 0.2693422304175036 0.2839755437571186 0.15967222819307417 0.10350255648413062 0.10376780093983 0.12968726350145293 0.13159540348445695 0.11905173336037476 0.12076069163343524 0.11219691992073737 0.0983691513652421 0.09652969267689834 0.09846358918222885 0.12832027648555794 0.13007675813977834 0.11081129287548122 0.1182265364900158 0.11133422458706897 0.10522174414811546 0.09369175452480082 0.08985125517721658 0.08667450132392522 0.09034869795719076 0.0820279045993857 0.0873076312655527 0.0 -9999.0 -9999.0 -9999.0 -9999.0 -9999.0 -9999.0 -9999.0 -9999.0 -9999.0 -9999.0 -9999.0 -9999.0 -9999.0
0.1317780809174385 0.08942279181982155 0.08300060656663542 0.1162729755252059 0.1250660555324493 0.13445871739494358 0.1492744604390864 0.1335798140325531 0.12146598857443788 0.13705168158162168 0.14202617740175236 0.13868851349615077 0.15501632812965174 0.17051900039073611 0.28455145418256694 0.23879240699258986 0.2513583102991674 0.27158052190337545 0.2626716263988304 0.15512244509188716 0.12976419868469333 0.09817807503013144 0.10768866597147261 0.11029905964911957 0.11265689180402544 0.11832130184966749 0.10026619730020196 0.11424244593784948 0.13632993884364683 0.15583623400226856 0.1288287852378396 0.11904034469652694 0.11926088228693307 0.10896921087283234 0.09153993576336207 0.09748664035958346 0.1036385806926095 0.11282894321589663 0.0914042885491968 0.08420522426116472 0.0 -9999.0 -9999.0 -9999.0 -9999.0 -9999.0 -9999.0 -9999.0 -9999.0 -9999.0 -9999.0 -9999.0 -9999.0 -9999.0 -9999.0
0.1286975017140503 0.11634370453978067 0.11725844786968044 0.09010503921183252 0.11738120384761472 0.1400608316471768 0.14896794713445743 0.14460071754286732 0.11908079015641125 0.14888846646276915 0.13691791470862616 0.12526647018277623 0.13764500189346404 0.16847256977904088 0.16864111252332056 0.1488589034177477 0.26063591715763434 0.23449037193446465 0.23798638903692862 0.2545391342716567 0.1507605056725113 0.13690325437273718 0.13013846044140914 0.1179885535230778 0.13693407699125298 0.13885818402111869 0.1340491952986454 0.15319888360401918 0.12433620403982361 0.16448084575169672 0.13133631637820736 0.12550692899619884 0.11715731975752917 0.10623585799926161 0.09728147147165005 0.11526811915446489 0.11188671964155124 0.1053974973575215 0.09505278591296522 0.08806857342843746 -9999.0 -9999.0 -9999.0 -9999.0 -9999.0 -9999.0 -9999.0 -9999.0 -9999.0 -9999.0 -9999.0 -9999.0 -9999.0 -9999.0 -9999.0
0.12058193165121443 0.1357002462852286 0.12124754272350556 0.09867024462218463 0.10228160221104417 0.11713820157673374 0.12732660423296924 0.11225127285584212 0.11453668424477323 0.13372695327996667 0.11010981644228243 0.10779585206202472 0.15443827942577046 0.1681346413575326 0.14849985442641886 0.15553900718999497 0.16411791703658601 0.24589275701381616 0.33431052422381563 0.25890983900679276 0.24889887930925164 0.15729823161091755 0.15225851973986182 0.14518720448625966 0.12842239350494244 0.14383670700118095 0.14374586516614624 0.12445539265647015 0.12332283102052025 0.1322552880581274 0.1367446018017944 0.1186990905183017 0.0938043936169827 0.08119149509439727 0.09490592133488364 0.10092034235263238 0.12009042298684652 0.11544678146575689 0.09206161102011909 -9999.0 -9999.0 -9999.0 -9999.0 -9999.0 -9999.0 -9999.0 -9999.0 -9999.0 -9999.0 -9999.0 -9999.0 -9999.0 -9999.0 -9999.0 -9999.0
0.13931864510397976 0.1486160109818614 0.12808890947588047 0.10728329832292599 0.10321526355535489 0.104886207172784 0.09996617296919119 0.10099604633034383 0.10284586606779857 0.10740090532781307 0.10142168228396364 0.12563757116058522 0.15410568716506917 0.16519026779077572 0.1512553634240643 0.1600877889927526 0.15527985788240367 0.24881761294885346 0.33574516518340397 0.34815039574741813 0.24562495609239537 0.24883479242140605 0.14837525722651568 0.13178326428107265 0.13764825762682828 0.14445044432068063 0.1321686738133799 0.11838745100714733 0.10937388914424959 0.11645002454234621 0.1035222851768554 0.09405888238665948 0.09606423272323701 0.07263462752133963 0.08685522720953986 0.09964218157741485 0.10608484085922856 0.0904400194131384 -9999.0 -9999.0 -9999.0 -9999.0 -9999.0 -9999.0 -9999.0 -9999.0 -9999.0 -9999.0 -9999.0 -9999.0 -9999.0 -9999.0 -9999.0 -9999.0 -9999.0
0.15191979113695886 0.1891645515960583 0.17750224435701292 0.1429163040311668 0.09164203186630303 0.10393720757791101 0.09143661719205536 0.0909899526841657 0.06869627164883423 0.08259461396546273 0.10563080964209834 0.11854816714975074 0.11524052521926188 0.14187923469153604 0.13230559331469757 0.13759366901526532 0.13020246832093046 0.22115616359825313 0.39817830443349506 0.31621295688152895 0.23458764242293068 0.22697758123146614 0.13334517655852224 0.23791746720096624 0.25832117004053073 0.14976905003611676 0.14529970745525117 0.1154468303004771 0.1148985240852046 0.1223090805381899 0.11268736458279847 0.1004792336920854 0.10525646115655218 0.07327326358874967 0.0 0.08638753757059582 0.0 0.0 -9999.0 -9999.0 -9999.0 -9999.0 -9999.0 -9999.0 -9999.0 -9999.0 -9999.0 -9999.0 -9999.0 -9999.0 -9999.0 -9999.0 -9999.0 -9999.0 -9999.0
0.16047132560080615 0.17845128494275483 0.1750191374167715 0.1664455491929017 0.1444576109673464 0.1219640280695174 0.07762057314375259 0.07314282772217506 0.07216368326696512 0.09331966326531521 0.10660614811619805 0.10393045601373004 0.13147261532006593 0.12736604021796225 0.13194158095931802 0.1446404405163076 0.13296436201383213 0.22118284398581028 0.2986089530143499 0.2993309465009639 0.22403458391070186 0.23137885297406655 0.23680065585319943 0.2419257299266054 0.2446325109092616 0.13763498529314058 0.11382107795384284 0.12298735630095681 0.11245809180438926 0.12657168496489915 0.11753219190470544 0.10404802858402634 0.089945882578211 0.08097510431787033 0.0 0.08286590536646189 -9999.0 -9999.0 -9999.0 -9999.0 -9999.0 -9999.0 -9999.0 -9999.0 -9999.0 -9999.0 -9999.0 -9999.0 -9999.0 -9999.0 -9999.0 -9999.0 -9999.0 -9999.0 -9999.0
0.16311313168004649 0.22263637749295756 0.17862081407392494 0.17530439391738403 0.1616730948739811 0.15765824985212887 0.1379670073434063 0.12054105388680814 0.11869831865495536 0.07992272282225882 0.09746647469530582 0.10716578051604356 0.10842475783709796 0.10498159084124727 0.1341821958189025 0.1346533636145944 0.13705690338372983 0.23436449923321273 0.2417525297242689 0.3177077387516908 0.3222709765894672 0.2297747079717317 0.22814845367527528 0.23199032990897786 0.15978418323676208 0.1528599648964397 0.10569924230962258 0.10547543446876197 0.11499112508319653 0.1235684753348731 0.12351476454807629 0.08947924010216414 0.09512757506803352 0.09282203507739634 0.08745254731014636 0.0 -9999.0 -9999.0 -9999.0 -9999.0 -9999.0 -9999.0 -9999.0 -9999.0 -9999.0 -9999.0 -9999.0 -9999.0 -9999.0 -9999.0 -9999.0 -9999.0 -9999.0 -9999.0 -9999.0
0.25401440377811174 0.2578200952814461 0.17270094490199925 0.16505977678058414 0.22931516356540502 0.2281650824965502 0.20962515683752053 0.16072422065681796 0.1258138453772738 0.11729131450402114 0.10810044313686273 0.10323772696499103 0.12274943622122701 0.10670939844524634 0.12966250845354774 0.13490609844856744 0.23643066551611253 0.2467297990995359 0.24955526004399597 0.2505195272039699 0.24289053004705682 0.23469117174721355 0.2632162130251295 0.2571725917775941 0.26521034423966117 0.25191851724014896 0.1244318825210126 0.10055000452484711 0.09105322309373702 0.08287702457278308 0.10626359469331353 0.09072581603983114 0.10706011131926224 0.08290325688821919 0.0 -9999.0 -9999.0 -9999.0 -9999.0 -9999.0 -9999.0 -9999.0 -9999.0 -9999.0 -9999.0 -9999.0 -9999.0 -9999.0 -9999.0 -9999.0 -9999.0 -9999.0 -9999.0 -9999.0 -9999.0
0.23328238636232115 0.19093137273179484 0.17607132350062238 0.1637292472332372 0.17398123316023195 0.17651182186113054 0.2328624655604787 0.2503920703362169 0.13136567326197773 0.14807810493051254 0.12142643073952515 0.10938304053467847 0.10990725447432145 0.15626446224890395 0.1575961504918438 0.14107638442420756 0.13534550173744236 0.2515511574224272 0.25870468258798973 0.2405205256315197 0.24100775502221958 0.4318500456790284 0.26010360361114004 0.2511618251746934 0.2542907152778132 0.2520641048861542 0.25619129351938713 0.13100710890563738 0.07928844091216918 0.08376057842734223 0.0994817394989852 0.08770113152952748 0.10376124286861146 0.0 -9999.0 -9999.0 -9999.0 -9999.0 -9999.0 -9999.0 -9999.0 -9999.0 -9999.0 -9999.0 -9999.0 -9999.0 -9999.0 -9999.0 -9999.0 -9999.0 -9999.0 -9999.0 -9999.0 -9999.0 -9999.0
0.28424416074704045 0.1800370344300449 0.18225907135982508 0.16129749342600722 0.18998595180797642 0.1860938828333523 0.21018377317600612 0.2172684567762021 0.1304094697786468 0.1483692638992824 0.12738880738576353 0.11653646195745501 0.0942447268607274 0.12827055512812088 0.127967920751839 0.1479423978591608 0.15562480492785266 0.2337620106300508 0.23760776928170518 0.23844633547908758 0.45640434782461936 0.4350448761898972 0.3510196125628758 0.3497669617145859 0.3510698694081435 0.2571092425263216 0.2520892524375274 0.13200668876836738 0.08919723181005851 0.094209971682494 0.08902411637933723 0.0 0.0 -9999.0 -9999.0 -9999.0 -9999.0 -9999.0 -9999.0 -9999.0 -9999.0 -9999.0 -9999.0 -9999.0 -9999.0 -9999.0 -9999.0 -9999.0 -9999.0 -9999.0 -9999.0 -9999.0 -9999.0 -9999.0 -9999.0
0.5084284807887355 0.18588273195879587 0.21074744758820785 0.17268285756999327 0.18347065694395934 0.17561124473235992 0.18535548783925043 0.19149662421281288 0.1427997408095713 0.13232763974687264 0.1268048150223794 0.11507254714890204 0.10053884778397773 0.11101945411995154 0.11828823808365181 0.12994463083602376 0.15077534168072249 0.25451123816311744 0.25369805055944805 0.4416067252800652 0.4501402864417143 0.3685083852387564 0.2659392729224764 0.26817648372147007 0.2517221111014908 0.24633397887587485 0.24691793405493975 0.1373200915829899 0.10029440673915434 0.11893285148068047 0.0 0.09354414963105209 -9999.0 -9999.0 -9999.0 -9999.0 -9999.0 -9999.0 -9999.0 -9999.0 -9999.0 -9999.0 -9999.0 -9999.0 -9999.0 -9999.0 -9999.0 -9999.0 -9999.0 -9999.0 -9999.0 -9999.0 -9999.0 -9999.0 -9999.0
0.4839804380986155 0.2934969052445206 0.212300060514832 0.2013178467214856 0.1826701868945024 0.16306568690033413 0.1987921612086887 0.17124743964984918 0.13744006661477226 0.13963307174850298 0.13871488477236016 0.14201278663469347 0.14188723271187417 0.11010618809765964 0.09281524814404178 0.11546934589099715 0.1371475020804531 0.16130633829971394 0.2519548649124451 0.3341932325414286 0.4488009228226541 0.26427674168824755 0.27001418470111793 0.24986108534657758 0.2572486392277382 0.15734458713617405 0.15028674613566853 0.12453335340265198 0.11216965106492846 0.11293518960391151 0.09671091700013355 -9999.0 -9999.0 -9999.0 -9999.0 -9999.0 -9999.0 -9999.0 -9999.0 -9999.0 -9999.0 -9999.0 -9999.0 -9999.0 -9999.0 -9999.0 -9999.0 -9999.0 -9999.0 -9999.0 -9999.0 -9999.0 -9999.0 -9999.0 -9999.0
0.0 0.2971224628026001 0.30199593323860247 0.17903683307235196 0.18691127114429512 0.1764951932321248 0.17599721241568617 0.1717410526674402 0.1394320441793149 0.1544540395252979 0.14890198409014518 0.1358221279532223 0.1501610043028927 0.15082966754000854 0.1372871688676809 0.09736693947202647 0.12477061705369857 0.15268169179570798 0.15871770942827473 0.2701108938069956 0.3725122222052314 0.2635896881667166 0.2632693843128173 0.2493286631611908 0.1426803376894535 0.14991254989828617 0.12891291331294677 0.1228037484632403 0.13217578081725076 0.1335836012530599 0.0 -9999.0 -9999.0 -9999.0 -9999.0 -9999.0 -9999.0 -9999.0 -9999.0 -9999.0 -9999.0 -9999.0 -9999.0 -9999.0 -9999.0 -9999.0 -9999.0 -9999.0 -9999.0 -9999.0 -9999.0 -9999.0 -9999.0 -9999.0 -9999.0
